c = [1.0, 0.9283910959541745, 0.9091840867076392, 0.9000722858233552, 0.8946157902424045, 0.890964039843809, 0.8883589074529501, 0.8864209027881754, 0.8849356957260515, 0.8837720541002844, 0.8828447558424015, 0.8820958921080769, 0.8814846648645049, 0.8809814695662128, 0.8805642907831659, 0.8802164158645551, 0.8799249341096291, 0.8796797221301278, 0.8794727400799719, 0.8792975323519895, 0.8791488661498108, 0.8790224651139197, 0.8789148097970922, 0.8788229860081048, 0.8787445679998573, 0.8786775274066962, 0.8786201614759573, 0.8785710359438028, 0.8785289391591204, 0.8784928449427044, 0.8784618822999247, 0.8784353105615191, 0.8784124988611498, 0.8783929091056344, 0.8783760817786912, 0.8783616240588225, 0.878349199838612, 0.8783385213148668, 0.8783293418828775, 0.8783214501181285, 0.8783146646683249, 0.878308829910105, 0.8783038122500854, 0.8782994969702909, 0.8782957855346168, 0.8782925932865592, 0.8782898474795973, 0.8782874855908507, 0.8782854538763053, 0.8782837061322697, 0.8782822026331023, 0.8782809092197181, 0.8782797965171868, 0.878278839262922, 0.8782780157296616, 0.8782773072297587, 0.8782766976892251, 0.8782761732816556, 0.8782757221135595, 0.8782753339538548, 0.878275000001287, 0.8782747126844486, 0.8782744654898075, 0.8782742528138141, 0.8782740698357063, 0.8782739124081094, 0.8782737769629406, 0.8782736604304673, 0.8782735601696845, 0.8782734739084226, 0.8782733996918277, 0.8782733358380375, 0.8782732809000557, 0.8782732336329452, 0.8782731929656136, 0.8782731579765325, 0.8782731278728519, 0.8782731019724292, 0.8782730796883734, 0.8782730605157397, 0.8782730440200912, 0.8782730298276492, 0.8782730176168259, 0.8782730071109356, 0.8782729980719272, 0.878272990294985, 0.8782729836038862, 0.8782729778469832, 0.8782729728936215, 0.8782729686303365, 0.8782729649533596, 0.8782729617375288, 0.8782729586656796, 0.8782729542419985, 0.8782729400400586, 0.8782728671298923, 0.8782724500858134, 0.8782700227955001, 0.8782558588010569, 0.8781731791607753, 0.8776906394292789, 0.874878280820015, 0.8586183665483431, 0.7688207140514925, 0.37698930781305995, -0.3769893078131594, -0.7688207140515205, -0.8586183665483484, -0.8748782808200157, -0.877690639429279, -0.8781731791607753, -0.8782558588010575, -0.8782700227955003, -0.8782724500858136, -0.8782728671298922, -0.8782729400400585, -0.8782729542419986, -0.8782729586656797, -0.8782729617375288, -0.8782729649533592, -0.8782729686303365, -0.8782729728936219, -0.8782729778469837, -0.8782729836038867, -0.8782729902949851, -0.8782729980719269, -0.8782730071109358, -0.8782730176168257, -0.8782730298276492, -0.8782730440200912, -0.8782730605157397, -0.8782730796883733, -0.8782731019724288, -0.8782731278728515, -0.8782731579765329, -0.8782731929656137, -0.8782732336329453, -0.8782732809000555, -0.878273335838038, -0.8782733996918274, -0.8782734739084223, -0.8782735601696843, -0.8782736604304674, -0.8782737769629405, -0.8782739124081093, -0.8782740698357066, -0.8782742528138145, -0.8782744654898079, -0.8782747126844488, -0.8782750000012873, -0.8782753339538552, -0.8782757221135598, -0.878276173281655, -0.8782766976892247, -0.8782773072297583, -0.8782780157296616, -0.8782788392629222, -0.878279796517187, -0.8782809092197178, -0.8782822026331022, -0.8782837061322698, -0.8782854538763056, -0.8782874855908508, -0.8782898474795974, -0.8782925932865597, -0.8782957855346172, -0.878299496970291, -0.8783038122500857, -0.8783088299101054, -0.8783146646683249, -0.8783214501181286, -0.8783293418828773, -0.8783385213148666, -0.878349199838612, -0.8783616240588221, -0.8783760817786906, -0.8783929091056343, -0.8784124988611495, -0.8784353105615191, -0.8784618822999246, -0.8784928449427044, -0.8785289391591208, -0.8785710359438023, -0.8786201614759573, -0.8786775274066965, -0.8787445679998575, -0.8788229860081046, -0.8789148097970919, -0.8790224651139197, -0.879148866149811, -0.8792975323519898, -0.8794727400799716, -0.8796797221301278, -0.8799249341096292, -0.8802164158645549, -0.8805642907831662, -0.8809814695662133, -0.8814846648645049, -0.8820958921080769, -0.8828447558424013, -0.8837720541002844, -0.884935695726051, -0.8864209027881752, -0.8883589074529502, -0.8909640398438089, -0.8946157902424047, -0.9000722858233552, -0.9091840867076385, -0.9283910959541746, -1.0]'
