c = [1.0, 0.928391095972483, 0.9091840867391536, 0.9000722858661718, 0.8946157902955344, 0.8909640399065846, 0.8883589075248371, 0.8864209028686998, 0.8849356958147698, 0.8837720541967684, 0.882844755946232, 0.882095892218842, 0.8814846649817972, 0.8809814696896336, 0.8805642909123236, 0.8802164159990681, 0.8799249342491274, 0.8796797222742533, 0.8794727402283814, 0.8792975325043542, 0.879148866305818, 0.8790224652732729, 0.8789148099595115, 0.8788229861733279, 0.8787445681676384, 0.8786775275768061, 0.8786201616481824, 0.8785710361179458, 0.878528939335, 0.8784928451201525, 0.8784618824787878, 0.8784353107416559, 0.8784124990424322, 0.8783929092879452, 0.8783760819619237, 0.8783616242428808, 0.8783492000234088, 0.8783385215003225, 0.8783293420689211, 0.8783214503046967, 0.8783146648553598, 0.8783088300975547, 0.878303812437904, 0.8782994971584364, 0.8782957857230529, 0.8782925934752527, 0.8782898476685181, 0.8782874857799731, 0.878285454065606, 0.8782837063217284, 0.8782822028226994, 0.878280909409438, 0.8782797967070152, 0.8782788394528457, 0.8782780159196693, 0.8782773074198404, 0.8782766978793719, 0.8782761734718594, 0.878275722303814, 0.8782753341441536, 0.8782750001916245, 0.8782747128748202, 0.878274465680209, 0.8782742530042418, 0.8782740700261569, 0.8782739125985806, 0.8782737771534296, 0.8782736606209717, 0.8782735603602024, 0.8782734740989521, 0.878273399882368, 0.8782733360285869, 0.8782732810906126, 0.8782732338235095, 0.8782731931561844, 0.8782731581671084, 0.8782731280634323, 0.8782731021630138, 0.8782730798789612, 0.8782730607063312, 0.8782730442106852, 0.8782730300182452, 0.8782730178074238, 0.8782730073015359, 0.8782729982625288, 0.8782729904855878, 0.8782729837944905, 0.8782729780375885, 0.8782729730842279, 0.8782729688209435, 0.8782729651439669, 0.8782729622901918, 0.8782729602824935, 0.8782729577209887, 0.8782729534558229, 0.8782729393902665, 0.87827286659744, 0.8782724496543224, 0.8782700224508293, 0.8782558585315112, 0.8781731789514327, 0.8776906393165154, 0.874878280335, 0.8586183702233752, 0.7688206834093564, 0.37698942832820903, -0.3769894283283083, -0.7688206834093843, -0.8586183702233804, -0.8748782803350009, -0.8776906393165154, -0.8781731789514328, -0.8782558585315112, -0.878270022450829, -0.8782724496543223, -0.87827286659744, -0.8782729393902661, -0.8782729534558228, -0.8782729577209886, -0.8782729606085977, -0.8782729632374223, -0.8782729655229919, -0.8782729688209435, -0.8782729730842278, -0.878272978037589, -0.8782729837944908, -0.8782729904855882, -0.8782729982625288, -0.8782730073015358, -0.8782730178074242, -0.8782730300182452, -0.8782730442106851, -0.8782730607063315, -0.8782730798789613, -0.8782731021630137, -0.8782731280634323, -0.8782731581671088, -0.8782731931561842, -0.8782732338235096, -0.878273281090613, -0.8782733360285874, -0.8782733998823676, -0.8782734740989521, -0.8782735603602024, -0.8782736606209719, -0.8782737771534297, -0.8782739125985807, -0.8782740700261573, -0.8782742530042423, -0.8782744656802093, -0.8782747128748202, -0.8782750001916246, -0.8782753341441536, -0.878275722303814, -0.8782761734718593, -0.8782766978793716, -0.8782773074198401, -0.8782780159196693, -0.8782788394528457, -0.8782797967070155, -0.8782809094094379, -0.8782822028226999, -0.8782837063217284, -0.8782854540656064, -0.8782874857799737, -0.8782898476685184, -0.8782925934752532, -0.878295785723053, -0.8782994971584366, -0.8783038124379043, -0.8783088300975549, -0.8783146648553597, -0.8783214503046967, -0.8783293420689211, -0.8783385215003224, -0.8783492000234084, -0.8783616242428807, -0.8783760819619235, -0.878392909287945, -0.878412499042432, -0.8784353107416556, -0.8784618824787878, -0.8784928451201524, -0.8785289393350001, -0.8785710361179456, -0.8786201616481822, -0.878677527576806, -0.8787445681676386, -0.8788229861733281, -0.8789148099595112, -0.8790224652732728, -0.8791488663058181, -0.8792975325043543, -0.8794727402283812, -0.8796797222742536, -0.8799249342491271, -0.8802164159990677, -0.8805642909123237, -0.8809814696896334, -0.8814846649817971, -0.8820958922188417, -0.882844755946232, -0.8837720541967684, -0.8849356958147695, -0.8864209028686996, -0.8883589075248368, -0.8909640399065843, -0.8946157902955341, -0.9000722858661718, -0.9091840867391532, -0.9283910959724829, -1.0]'
