c = [1.0, 0.9283910960311947, 0.9091840868331688, 0.900072285988886, 0.894615790444192, 0.8909640400795377, 0.8883589077208139, 0.8864209030865727, 0.8849356960534723, 0.8837720544552595, 0.8828447562234817, 0.8820958925138289, 0.8814846652935082, 0.8809814700170671, 0.8805642912544948, 0.880216416355012, 0.8799249346179057, 0.8796797226549572, 0.8794727406201351, 0.8792975329063186, 0.8791488667171928, 0.8790224656932989, 0.8789148103874715, 0.8788229866085471, 0.8787445686094832, 0.8786775280246868, 0.8786201621015498, 0.878571036576291, 0.8785289397978527, 0.8784928455870794, 0.8784618829493909, 0.8784353112155711, 0.878412499519326, 0.8783929097675148, 0.8783760824438932, 0.8783616247269991, 0.8783492005094493, 0.8783385219880809, 0.8783293425582123, 0.8783214507953544, 0.8783146653472339, 0.8783088305905107, 0.878303812931822, 0.8782994976532084, 0.8782957862185823, 0.8782925939714532, 0.8782898481653136, 0.8782874862772954, 0.8782854545633932, 0.8782837068199267, 0.8782822033212613, 0.8782809099083204, 0.8782797972061804, 0.8782788399522603, 0.8782780164193033, 0.8782773079196676, 0.8782766983793694, 0.8782761739720067, 0.8782757228040932, 0.8782753346445484, 0.8782750006921214, 0.878274713375406, 0.8782744661808729, 0.8782742535049749, 0.8782740705269506, 0.8782739130994269, 0.8782737776543224, 0.8782736611219045, 0.8782735608611711, 0.8782734745999521, 0.8782734003833946, 0.8782733365296381, 0.8782732815916853, 0.8782732343246001, 0.8782731936572908, 0.8782731586682285, 0.8782731285645644, 0.8782731026641571, 0.8782730803801141, 0.8782730612074916, 0.8782730447118526, 0.8782730305194191, 0.8782730183086029, 0.8782730078027197, 0.8782729987637166, 0.8782729909867794, 0.8782729842956853, 0.8782729785388563, 0.8782729735867889, 0.8782729693327571, 0.8782729656931082, 0.8782729625919037, 0.8782729599325716, 0.8782729575782556, 0.8782729552179722, 0.8782729513845416, 0.8782729376810945, 0.8782728651973217, 0.8782724485197037, 0.8782700215446132, 0.8782558578217305, 0.8781731784112101, 0.8776906389156509, 0.8748782801167163, 0.8586183695305015, 0.7688206875876585, 0.37698941140679604, -0.3769894114068937, -0.768820687587686, -0.8586183695305066, -0.8748782801167174, -0.877690638915651, -0.8781731784112101, -0.8782558578217304, -0.8782700215446131, -0.8782724485197035, -0.878272865197356, -0.8782729376815954, -0.8782729513879532, -0.8782729552322982, -0.8782729576182849, -0.8782729600074289, -0.8782729626834932, -0.878272965764157, -0.8782729693666262, -0.8782729735962009, -0.8782729785402111, -0.878272984295759, -0.8782729909867797, -0.878272998763717, -0.8782730078027204, -0.8782730183086034, -0.8782730305194192, -0.8782730447118531, -0.878273061207492, -0.8782730803801136, -0.8782731026641568, -0.8782731285645649, -0.878273158668229, -0.8782731936572906, -0.8782732343245998, -0.8782732815916854, -0.8782733365296389, -0.8782734003833955, -0.8782734745999525, -0.8782735608611711, -0.878273661121905, -0.8782737776543222, -0.8782739130994267, -0.8782740705269501, -0.8782742535049748, -0.8782744661808733, -0.8782747133754063, -0.8782750006921214, -0.8782753346445484, -0.8782757228040933, -0.878276173972007, -0.87827669837937, -0.8782773079196678, -0.8782780164193037, -0.8782788399522605, -0.8782797972061809, -0.8782809099083208, -0.8782822033212616, -0.8782837068199272, -0.8782854545633932, -0.8782874862772949, -0.8782898481653137, -0.8782925939714534, -0.8782957862185821, -0.8782994976532081, -0.8783038129318215, -0.8783088305905109, -0.8783146653472337, -0.8783214507953544, -0.8783293425582123, -0.8783385219880809, -0.8783492005094496, -0.8783616247269989, -0.8783760824438929, -0.8783929097675147, -0.8784124995193263, -0.878435311215571, -0.8784618829493908, -0.8784928455870792, -0.878528939797853, -0.8785710365762912, -0.8786201621015499, -0.8786775280246868, -0.8787445686094838, -0.8788229866085469, -0.8789148103874717, -0.8790224656932994, -0.8791488667171927, -0.8792975329063184, -0.8794727406201346, -0.8796797226549571, -0.8799249346179053, -0.8802164163550119, -0.8805642912544948, -0.880981470017067, -0.8814846652935082, -0.8820958925138287, -0.8828447562234814, -0.8837720544552594, -0.8849356960534722, -0.886420903086573, -0.8883589077208135, -0.8909640400795377, -0.8946157904441916, -0.9000722859888856, -0.9091840868331685, -0.9283910960311945, -1.0]'
