c = [1.0, 0.9283910960481359, 0.9091840868612147, 0.9000722860261975, 0.8946157904899307, 0.89096404013317, 0.8883589077819192, 0.8864209031547762, 0.8849356961284194, 0.8837720545366062, 0.8828447563108889, 0.8820958926069614, 0.8814846653920348, 0.8809814701206606, 0.880564291362835, 0.8802164164677855, 0.8799249347348082, 0.8796797227756937, 0.8794727407444224, 0.8792975330338858, 0.8791488668477817, 0.8790224658266648, 0.8789148105233824, 0.8788229867467857, 0.8787445687498465, 0.8786775281669845, 0.8786201622456055, 0.8785710367219409, 0.8785289399449459, 0.8784928457354769, 0.8784618830989648, 0.878435311366205, 0.8784124996709133, 0.8783929099199574, 0.878376082597103, 0.8783616248808962, 0.8783492006639612, 0.8783385221431416, 0.8783293427137627, 0.8783214509513408, 0.8783146655036095, 0.8783088307472321, 0.8783038130888503, 0.8782994978105091, 0.878295786376125, 0.8782925941292109, 0.8782898483232606, 0.8782874864354102, 0.878285454721657, 0.8782837069783216, 0.8782822034797721, 0.8782809100669335, 0.8782797973648837, 0.8782788401110428, 0.8782780165781562, 0.8782773080785823, 0.8782766985383385, 0.8782761741310233, 0.8782757229631518, 0.878275334803644, 0.8782750008512491, 0.8782747135345627, 0.8782744663400549, 0.8782742536641783, 0.8782740706861732, 0.8782739132586661, 0.8782737778135766, 0.8782736612811719, 0.8782735610204493, 0.8782734747592406, 0.8782734005426922, 0.8782733366889429, 0.8782732817509967, 0.8782732344839171, 0.8782731938166128, 0.8782731588275556, 0.8782731287238954, 0.878273102823491, 0.8782730805394509, 0.8782730613668315, 0.8782730448711946, 0.8782730306787631, 0.8782730184679486, 0.8782730079620669, 0.8782729989230653, 0.8782729911461293, 0.8782729844550443, 0.8782729786983189, 0.8782729737464388, 0.8782729694904122, 0.8782729658388801, 0.8782729627092202, 0.8782729602918886, 0.8782729586094332, 0.8782729566609917, 0.8782729544348052, 0.8782729507281329, 0.8782729371378167, 0.8782728647521454, 0.8782724481589549, 0.8782700212565101, 0.8782558575958422, 0.8781731782416904, 0.8776906387653948, 0.8748782802777383, 0.8586183670496695, 0.768820707430743, 0.3769893332031496, -0.37698933320324723, -0.7688207074307704, -0.8586183670496749, -0.8748782802777391, -0.8776906387653949, -0.8781731782416902, -0.8782558575958422, -0.8782700212565102, -0.8782724481589583, -0.8782728647522065, -0.8782729371383142, -0.8782729507306495, -0.8782729544434862, -0.8782729566820618, -0.87827295891516, -0.8782729611202897, -0.8782729630676321, -0.8782729658740375, -0.8782729695097165, -0.8782729737533403, -0.8782729786998349, -0.8782729844552256, -0.8782729911461379, -0.8782729989230653, -0.8782730079620674, -0.8782730184679488, -0.8782730306787631, -0.878273044871195, -0.8782730613668316, -0.8782730805394507, -0.8782731028234907, -0.8782731287238955, -0.8782731588275559, -0.8782731938166132, -0.8782732344839174, -0.8782732817509967, -0.8782733366889435, -0.8782734005426923, -0.8782734747592407, -0.8782735610204493, -0.878273661281172, -0.8782737778135765, -0.8782739132586665, -0.878274070686173, -0.8782742536641782, -0.8782744663400549, -0.8782747135345628, -0.8782750008512497, -0.8782753348036442, -0.8782757229631523, -0.8782761741310238, -0.878276698538339, -0.8782773080785828, -0.8782780165781566, -0.8782788401110433, -0.8782797973648839, -0.8782809100669335, -0.8782822034797725, -0.8782837069783218, -0.8782854547216569, -0.8782874864354101, -0.8782898483232606, -0.8782925941292108, -0.8782957863761248, -0.8782994978105093, -0.8783038130888499, -0.8783088307472321, -0.8783146655036094, -0.8783214509513408, -0.8783293427137627, -0.8783385221431416, -0.8783492006639612, -0.8783616248808959, -0.8783760825971028, -0.8783929099199572, -0.8784124996709131, -0.878435311366205, -0.8784618830989649, -0.8784928457354767, -0.8785289399449462, -0.8785710367219409, -0.8786201622456055, -0.8786775281669847, -0.8787445687498467, -0.8788229867467856, -0.8789148105233824, -0.8790224658266648, -0.8791488668477817, -0.879297533033886, -0.8794727407444225, -0.8796797227756938, -0.8799249347348078, -0.8802164164677854, -0.8805642913628345, -0.8809814701206607, -0.8814846653920345, -0.8820958926069612, -0.8828447563108888, -0.8837720545366061, -0.8849356961284192, -0.8864209031547761, -0.8883589077819187, -0.89096404013317, -0.89461579048993, -0.9000722860261976, -0.9091840868612143, -0.9283910960481357, -1.0]'
