c = [1.0, 0.928391096098478, 0.9091840869400295, 0.9000722861277046, 0.8946157906119087, 0.8909640402743567, 0.8883589079413483, 0.8864209033315873, 0.8849356963217884, 0.8837720547457228, 0.8828447565349474, 0.8820958928451578, 0.8814846656435702, 0.8809814703847427, 0.8805642916386837, 0.8802164167546349, 0.8799249350319117, 0.8796797230823293, 0.8794727410598925, 0.8792975333575223, 0.8791488671789456, 0.8790224661647508, 0.8789148108678179, 0.878822987097032, 0.8787445691053981, 0.8786775285273694, 0.8786201626103848, 0.8785710370907076, 0.8785289403173235, 0.8784928461111196, 0.878461883477554, 0.878435311747448, 0.8784125000545441, 0.8783929103057334, 0.8783760829848031, 0.8783616252703198, 0.8783492010549264, 0.8783385225354838, 0.8783293431073348, 0.878321451346009, 0.8783146658992533, 0.878308831143744, 0.8783038134861341, 0.8782994982084786, 0.8782957867747018, 0.8782925945283265, 0.8782898487228536, 0.8782874868354258, 0.8782854551220459, 0.878283707379041, 0.8782822038807828, 0.8782809104682014, 0.8782797977663788, 0.8782788405127382, 0.8782780169800278, 0.8782773084806093, 0.8782766989405023, 0.8782761745333073, 0.8782757233655413, 0.8782753352061269, 0.8782750012538139, 0.8782747139371987, 0.878274466742754, 0.8782742540669325, 0.8782740710889759, 0.8782739136615114, 0.8782737782164586, 0.8782736616840869, 0.8782735614233932, 0.8782734751622092, 0.878273400945683, 0.8782733370919523, 0.8782732821540226, 0.8782732348869584, 0.8782731942196669, 0.8782731592306203, 0.8782731291269698, 0.8782731032265744, 0.8782730809425414, 0.8782730617699286, 0.8782730452742975, 0.878273031081871, 0.8782730188710614, 0.8782730083651834, 0.8782729993261859, 0.8782729915492584, 0.8782729848581959, 0.878272979101425, 0.878272974148677, 0.8782729698886145, 0.8782729662275074, 0.8782729630867704, 0.8782729603959463, 0.8782729580850145, 0.8782729560826597, 0.8782729542965875, 0.8782729524456603, 0.8782729490677403, 0.8782729357639135, 0.8782728636260438, 0.8782724472463445, 0.878270020527589, 0.878255857025168, 0.8781731778048426, 0.8776906384663552, 0.874878279863042, 0.8586183688241947, 0.768820691667018, 0.37698939483907423, -0.37698939483916993, -0.7688206916670447, -0.8586183688241994, -0.8748782798630426, -0.8776906384663555, -0.8781731778048427, -0.8782558570251683, -0.8782700205275903, -0.8782724472463507, -0.8782728636260714, -0.8782729357640428, -0.8782729490683557, -0.8782729524481785, -0.8782729543045658, -0.8782729561013601, -0.8782729581165858, -0.8782729604335191, -0.8782729631177082, -0.8782729662448852, -0.8782729698952244, -0.8782729741504256, -0.878272979101804, -0.8782729848582891, -0.8782729915492836, -0.8782729993261918, -0.8782730083651845, -0.8782730188710615, -0.878273031081871, -0.8782730452742983, -0.8782730617699295, -0.878273080942542, -0.8782731032265746, -0.8782731291269702, -0.8782731592306207, -0.8782731942196667, -0.8782732348869577, -0.8782732821540222, -0.8782733370919523, -0.8782734009456826, -0.8782734751622095, -0.878273561423393, -0.8782736616840868, -0.8782737782164586, -0.8782739136615114, -0.878274071088976, -0.8782742540669326, -0.8782744667427539, -0.8782747139371989, -0.878275001253814, -0.8782753352061271, -0.8782757233655418, -0.8782761745333078, -0.878276698940502, -0.8782773084806091, -0.878278016980028, -0.8782788405127381, -0.8782797977663788, -0.8782809104682012, -0.8782822038807826, -0.8782837073790408, -0.8782854551220458, -0.8782874868354257, -0.8782898487228535, -0.8782925945283265, -0.8782957867747022, -0.8782994982084782, -0.8783038134861341, -0.8783088311437444, -0.8783146658992533, -0.8783214513460088, -0.8783293431073345, -0.8783385225354842, -0.8783492010549265, -0.8783616252703197, -0.8783760829848029, -0.8783929103057334, -0.8784125000545445, -0.8784353117474479, -0.8784618834775536, -0.8784928461111194, -0.8785289403173235, -0.8785710370907072, -0.8786201626103844, -0.8786775285273689, -0.8787445691053977, -0.8788229870970318, -0.8789148108678183, -0.879022466164751, -0.8791488671789458, -0.8792975333575219, -0.8794727410598923, -0.8796797230823293, -0.8799249350319119, -0.880216416754635, -0.8805642916386833, -0.880981470384743, -0.8814846656435699, -0.8820958928451578, -0.8828447565349472, -0.8837720547457227, -0.884935696321788, -0.8864209033315871, -0.8883589079413483, -0.8909640402743565, -0.8946157906119087, -0.900072286127705, -0.9091840869400293, -0.9283910960984779, -1.0]'
