c = [1.0, 0.9283910961238043, 0.9091840869803729, 0.9000722861802087, 0.8946157906754171, 0.8909640403481888, 0.8883589080249759, 0.8864209034245393, 0.8849356964236156, 0.8837720548559843, 0.8828447566532065, 0.8820958929709802, 0.8814846657765252, 0.8809814705244036, 0.8805642917846297, 0.880216416906456, 0.8799249351892081, 0.8796797232447126, 0.879472741226989, 0.8792975335289743, 0.8791488673544123, 0.879022466343908, 0.8789148110503597, 0.8788229872826702, 0.8787445692938629, 0.8786775287184089, 0.8786201628037645, 0.8785710372862113, 0.8785289405147504, 0.8784928463102837, 0.8784618836782861, 0.8784353119495936, 0.8784125002579606, 0.8783929105102912, 0.8783760831903843, 0.8783616254768175, 0.8783492012622447, 0.878338522743535, 0.8783293433160394, 0.8783214515552963, 0.8783146661090597, 0.8783088313540126, 0.878303813696812, 0.8782994984195208, 0.8782957869860674, 0.8782925947399787, 0.8782898489347594, 0.878287487047556, 0.8782854553343744, 0.8782837075915448, 0.8782822040934418, 0.8782809106809973, 0.8782797979792953, 0.8782788407257609, 0.8782780171931444, 0.878277308693808, 0.8782766991537735, 0.878276174746643, 0.8782757235789336, 0.8782753354195679, 0.8782750014672982, 0.8782747141507209, 0.8782744669563098, 0.8782742542805176, 0.8782740713025863, 0.878273913875145, 0.8782737784301122, 0.8782736618977577, 0.8782735616370791, 0.8782734753759082, 0.8782734011593933, 0.8782733373056738, 0.8782732823677529, 0.8782732351006958, 0.8782731944334112, 0.878273159444371, 0.8782731293407257, 0.8782731034403345, 0.8782730811563055, 0.8782730619836963, 0.8782730454880686, 0.8782730312956445, 0.878273019084837, 0.8782730085789612, 0.8782729995399652, 0.878272991763037, 0.8782729850719644, 0.8782729793151538, 0.8782729743622117, 0.8782729701010155, 0.8782729664351416, 0.8782729632819042, 0.8782729605722709, 0.8782729582511377, 0.8782729562682182, 0.8782729545595337, 0.8782729530261677, 0.8782729513862914, 0.8782729481863732, 0.8782729350352183, 0.8782728630288645, 0.8782724467623809, 0.8782700201410453, 0.8782558567224107, 0.8781731775743894, 0.8776906382952774, 0.8748782797691823, 0.8586183685303639, 0.7688206934286974, 0.3769893877165891, -0.3769893877166843, -0.7688206934287243, -0.8586183685303689, -0.8748782797691835, -0.8776906382952776, -0.8781731775743894, -0.8782558567224107, -0.8782700201410462, -0.8782724467623838, -0.8782728630288751, -0.8782729350352572, -0.8782729481867104, -0.8782729513890836, -0.8782729530385861, -0.8782729545901111, -0.8782729563116894, -0.8782729582873444, -0.8782729605902508, -0.87827296328766, -0.8782729664368877, -0.8782729701017995, -0.8782729743625713, -0.8782729793152847, -0.878272985072003, -0.8782729917630464, -0.878272999539968, -0.8782730085789621, -0.8782730190848372, -0.8782730312956447, -0.8782730454880687, -0.8782730619836967, -0.878273081156306, -0.8782731034403345, -0.8782731293407255, -0.8782731594443708, -0.8782731944334113, -0.8782732351006962, -0.8782732823677527, -0.8782733373056735, -0.8782734011593933, -0.8782734753759083, -0.8782735616370791, -0.8782736618977577, -0.8782737784301123, -0.8782739138751454, -0.8782740713025872, -0.8782742542805182, -0.8782744669563098, -0.8782747141507214, -0.8782750014672979, -0.8782753354195677, -0.8782757235789335, -0.8782761747466429, -0.8782766991537736, -0.8782773086938084, -0.8782780171931442, -0.8782788407257611, -0.8782797979792951, -0.8782809106809975, -0.8782822040934418, -0.878283707591545, -0.8782854553343747, -0.8782874870475557, -0.8782898489347594, -0.8782925947399784, -0.8782957869860676, -0.8782994984195206, -0.8783038136968119, -0.8783088313540122, -0.8783146661090597, -0.8783214515552965, -0.8783293433160392, -0.878338522743535, -0.8783492012622448, -0.8783616254768175, -0.8783760831903843, -0.8783929105102914, -0.8784125002579605, -0.8784353119495936, -0.8784618836782864, -0.8784928463102835, -0.87852894051475, -0.878571037286211, -0.878620162803765, -0.8786775287184092, -0.8787445692938629, -0.87882298728267, -0.8789148110503595, -0.8790224663439081, -0.8791488673544126, -0.8792975335289746, -0.879472741226989, -0.8796797232447127, -0.8799249351892078, -0.8802164169064562, -0.8805642917846297, -0.8809814705244033, -0.8814846657765246, -0.8820958929709807, -0.8828447566532065, -0.8837720548559842, -0.8849356964236155, -0.8864209034245392, -0.8883589080249762, -0.8909640403481885, -0.8946157906754171, -0.9000722861802085, -0.9091840869803729, -0.9283910961238044, -1.0]'
