c = [1.0, 0.9283910961338936, 0.9091840869972527, 0.9000722862027978, 0.8946157907032034, 0.8909640403808424, 0.8883589080622349, 0.8864209034661696, 0.8849356964693981, 0.8837720549057055, 0.8828447567066569, 0.8820958930279522, 0.8814846658368138, 0.880981470587808, 0.8805642918509524, 0.8802164169755037, 0.8799249352607927, 0.8796797233186533, 0.8794727413031115, 0.8792975336071117, 0.8791488674344057, 0.8790224664256066, 0.8789148111336215, 0.8788229873673613, 0.8787445693798585, 0.8786775288055924, 0.8786201628920276, 0.8785710373754525, 0.8785289406048774, 0.8784928464012116, 0.8784618837699364, 0.8784353120418943, 0.8784125003508462, 0.8783929106037015, 0.8783760832842659, 0.8783616255711207, 0.8783492013569246, 0.8783385228385517, 0.8783293434113566, 0.8783214516508818, 0.8783146662048831, 0.878308831450048, 0.8783038137930362, 0.8782994985159123, 0.8782957870826071, 0.8782925948366501, 0.8782898490315472, 0.8782874871444464, 0.8782854554313565, 0.8782837076886073, 0.8782822041905755, 0.8782809107781934, 0.8782797980765468, 0.8782788408230611, 0.8782780172904875, 0.8782773087911894, 0.8782766992511883, 0.8782761748440866, 0.878275723676403, 0.8782753355170598, 0.8782750015648104, 0.8782747142482504, 0.8782744670538543, 0.8782742543780759, 0.8782740714001567, 0.8782739139727254, 0.8782737785277017, 0.8782736619953547, 0.878273561734683, 0.8782734754735189, 0.8782734012570093, 0.878273337403294, 0.8782732824653772, 0.8782732351983241, 0.8782731945310422, 0.8782731595420049, 0.8782731294383619, 0.8782731035379726, 0.8782730812539459, 0.8782730620813382, 0.8782730455857116, 0.8782730313932887, 0.8782730191824822, 0.8782730086766076, 0.8782729996376123, 0.8782729918606846, 0.8782729851696107, 0.8782729794127919, 0.8782729744598131, 0.8782729701984977, 0.8782729665323831, 0.8782729633788096, 0.8782729606678126, 0.8782729583403351, 0.8782729563427123, 0.8782729547979349, 0.8782729537208775, 0.8782729524538375, 0.878272950902923, 0.8782729477835521, 0.8782729347023186, 0.8782728627560873, 0.8782724465413205, 0.8782700199644943, 0.8782558565840324, 0.8781731774700449, 0.8776906382078858, 0.8748782798204087, 0.8586183674755608, 0.7688207017797989, 0.3769893547889431, -0.37698935478903794, -0.7688207017798258, -0.8586183674755656, -0.8748782798204094, -0.8776906382078861, -0.8781731774700449, -0.8782558565840326, -0.8782700199644944, -0.8782724465413227, -0.8782728627560944, -0.8782729347023652, -0.8782729477839394, -0.8782729509050446, -0.8782729524609253, -0.8782729539090268, -0.8782729553220487, -0.8782729565657013, -0.8782729583579466, -0.8782729606779596, -0.8782729633828013, -0.8782729665336553, -0.8782729701989707, -0.8782729744600247, -0.8782729794128766, -0.8782729851696388, -0.878272991860692, -0.8782729996376144, -0.8782730086766082, -0.8782730191824826, -0.8782730313932887, -0.8782730455857115, -0.8782730620813382, -0.8782730812539461, -0.8782731035379732, -0.878273129438362, -0.8782731595420048, -0.8782731945310426, -0.8782732351983241, -0.8782732824653774, -0.8782733374032938, -0.8782734012570094, -0.878273475473519, -0.8782735617346836, -0.8782736619953554, -0.8782737785277018, -0.8782739139727259, -0.878274071400157, -0.8782742543780762, -0.8782744670538547, -0.8782747142482507, -0.8782750015648099, -0.8782753355170597, -0.8782757236764025, -0.8782761748440867, -0.878276699251188, -0.8782773087911896, -0.8782780172904876, -0.8782788408230614, -0.8782797980765471, -0.8782809107781933, -0.8782822041905753, -0.8782837076886071, -0.8782854554313566, -0.8782874871444463, -0.8782898490315469, -0.8782925948366498, -0.8782957870826075, -0.8782994985159122, -0.878303813793036, -0.8783088314500479, -0.8783146662048835, -0.8783214516508816, -0.8783293434113566, -0.8783385228385521, -0.8783492013569245, -0.8783616255711204, -0.8783760832842654, -0.8783929106037015, -0.8784125003508457, -0.8784353120418942, -0.8784618837699366, -0.8784928464012115, -0.8785289406048774, -0.8785710373754524, -0.8786201628920273, -0.8786775288055922, -0.8787445693798585, -0.8788229873673613, -0.8789148111336215, -0.8790224664256067, -0.8791488674344056, -0.8792975336071117, -0.8794727413031115, -0.8796797233186531, -0.8799249352607924, -0.8802164169755038, -0.8805642918509524, -0.8809814705878081, -0.8814846658368141, -0.8820958930279524, -0.8828447567066567, -0.8837720549057055, -0.8849356964693982, -0.8864209034661695, -0.8883589080622349, -0.8909640403808422, -0.8946157907032036, -0.9000722862027974, -0.9091840869972528, -0.9283910961338935, -1.0]'
