c = [1.0, 0.9283910961474259, 0.9091840870196836, 0.9000722862326597, 0.8946157907398183, 0.8909640404237779, 0.8883589081111509, 0.8864209035207642, 0.884935696529387, 0.8837720549708125, 0.8828447567766103, 0.8820958931024844, 0.8814846659156592, 0.8809814706707058, 0.8805642919376455, 0.8802164170657419, 0.8799249353543326, 0.8796797234152592, 0.8794727414025573, 0.8792975337091803, 0.8791488675388905, 0.8790224665323119, 0.8789148112423621, 0.8788229874779641, 0.8787445694921602, 0.8786775289194407, 0.878620163007282, 0.8785710374919821, 0.8785289407225615, 0.8784928465199389, 0.8784618838896049, 0.8784353121624099, 0.8784125004721242, 0.8783929107256643, 0.878376083406842, 0.8783616256942464, 0.8783492014805421, 0.8783385229626085, 0.8783293435358047, 0.8783214517756791, 0.8783146663299913, 0.8783088315754328, 0.8783038139186666, 0.8782994986417608, 0.8782957872086491, 0.8782925949628632, 0.8782898491579124, 0.878287487270946, 0.8782854555579748, 0.8782837078153306, 0.8782822043173916, 0.8782809109050913, 0.8782797982035168, 0.878278840950095, 0.8782780174175776, 0.8782773089183286, 0.8782766993783709, 0.8782761749713073, 0.8782757238036574, 0.8782753356443438, 0.8782750016921198, 0.8782747143755831, 0.8782744671812072, 0.878274254505446, 0.8782740715275422, 0.8782739141001243, 0.8782737786551122, 0.8782736621227761, 0.8782735618621135, 0.8782734756009569, 0.8782734013844542, 0.8782733375307453, 0.8782732825928335, 0.8782732353257852, 0.8782731946585075, 0.8782731596694735, 0.8782731295658339, 0.8782731036654475, 0.8782730813814231, 0.8782730622088173, 0.8782730457131924, 0.8782730315207714, 0.878273019309966, 0.8782730088040926, 0.8782729997650982, 0.8782729919881712, 0.8782729852970971, 0.8782729795402714, 0.8782729745872672, 0.878272970325885, 0.878272966659648, 0.8782729635057906, 0.8782729607936103, 0.8782729584623931, 0.8782729564791145, 0.8782729549811256, 0.878272953974471, 0.8782729528857813, 0.8782729516853144, 0.8782729502718373, 0.8782729472577522, 0.8782729342676893, 0.8782728623999495, 0.8782724462527101, 0.8782700197339702, 0.8782558564035896, 0.8781731773315672, 0.8776906381166801, 0.8748782796555459, 0.8586183683698491, 0.7688206940862652, 0.3769893849792605, -0.3769893849793553, -0.7688206940862921, -0.8586183683698546, -0.874878279655547, -0.8776906381166804, -0.8781731773315674, -0.8782558564035894, -0.8782700197339705, -0.8782724462527117, -0.8782728623999567, -0.878272934267743, -0.8782729472580871, -0.8782729502732267, -0.8782729517067315, -0.8782729529951847, -0.8782729543302876, -0.878272955586211, -0.8782729567549352, -0.8782729584948912, -0.8782729607990797, -0.8782729635082914, -0.8782729666605413, -0.8782729703261957, -0.8782729745873938, -0.8782729795403239, -0.8782729852971157, -0.8782729919881767, -0.8782729997650996, -0.8782730088040928, -0.8782730193099665, -0.8782730315207714, -0.8782730457131925, -0.8782730622088173, -0.878273081381423, -0.8782731036654476, -0.8782731295658343, -0.8782731596694736, -0.8782731946585078, -0.8782732353257855, -0.878273282592834, -0.8782733375307454, -0.8782734013844544, -0.8782734756009574, -0.8782735618621135, -0.8782736621227762, -0.8782737786551127, -0.8782739141001247, -0.8782740715275422, -0.8782742545054463, -0.8782744671812069, -0.8782747143755834, -0.8782750016921197, -0.8782753356443438, -0.8782757238036571, -0.8782761749713076, -0.878276699378371, -0.8782773089183286, -0.8782780174175776, -0.8782788409500951, -0.878279798203517, -0.8782809109050913, -0.8782822043173912, -0.8782837078153306, -0.8782854555579751, -0.8782874872709462, -0.8782898491579121, -0.8782925949628632, -0.8782957872086496, -0.8782994986417605, -0.8783038139186666, -0.8783088315754328, -0.8783146663299913, -0.8783214517756788, -0.8783293435358048, -0.8783385229626082, -0.8783492014805419, -0.8783616256942464, -0.8783760834068419, -0.8783929107256642, -0.878412500472124, -0.87843531216241, -0.8784618838896046, -0.8784928465199386, -0.8785289407225613, -0.8785710374919821, -0.8786201630072817, -0.8786775289194408, -0.8787445694921598, -0.8788229874779637, -0.8789148112423621, -0.8790224665323118, -0.8791488675388902, -0.8792975337091802, -0.879472741402557, -0.879679723415259, -0.8799249353543325, -0.880216417065742, -0.8805642919376456, -0.8809814706707055, -0.8814846659156594, -0.8820958931024842, -0.8828447567766105, -0.8837720549708127, -0.884935696529387, -0.8864209035207643, -0.8883589081111506, -0.8909640404237776, -0.8946157907398183, -0.9000722862326594, -0.9091840870196837, -0.9283910961474258, -1.0]'
