c = [1.0, 0.9283910961707573, 0.9091840870570816, 0.900072286281503, 0.8946157907990127, 0.8909640404926673, 0.8883589081892288, 0.8864209036075809, 0.8849356966245162, 0.8837720550738392, 0.8828447568871233, 0.8820958932200758, 0.8814846660399239, 0.8809814708012444, 0.880564292074065, 0.8802164172076572, 0.8799249355013691, 0.8796797235670538, 0.8794727415587605, 0.8792975338694573, 0.8791488677029221, 0.8790224666997952, 0.878914811413011, 0.8788229876515081, 0.8787445696683477, 0.8786775290980363, 0.8786201631880663, 0.8785710376747524, 0.8785289409071297, 0.878492846706132, 0.878461884077265, 0.878435312351391, 0.8784125006622935, 0.8783929109169006, 0.8783760835990357, 0.8783616258872979, 0.8783492016743597, 0.8783385231571113, 0.8783293437309193, 0.8783214519713385, 0.8783146665261362, 0.8783088317720091, 0.8783038141156266, 0.8782994988390611, 0.8782957874062519, 0.8782925951607337, 0.87828984935602, 0.8782874874692636, 0.8782854557564782, 0.8782837080139977, 0.8782822045162035, 0.8782809111040314, 0.8782797984025699, 0.8782788411492473, 0.8782780176168175, 0.8782773091176453, 0.8782766995777558, 0.8782761751707518, 0.878275724003154, 0.8782753358438871, 0.8782750018917039, 0.8782747145752026, 0.8782744673808579, 0.878274254705124, 0.8782740717272441, 0.8782739142998477, 0.8782737788548541, 0.8782736623225339, 0.8782735620618852, 0.8782734758007413, 0.8782734015842494, 0.87827333773055, 0.8782732827926466, 0.8782732355256055, 0.8782731948583347, 0.8782731598693063, 0.8782731297656712, 0.8782731038652891, 0.8782730815812683, 0.878273062408666, 0.8782730459130438, 0.8782730317206253, 0.8782730195098221, 0.8782730090039506, 0.8782729999649582, 0.8782729921880316, 0.878272985496956, 0.8782729797401226, 0.8782729747870934, 0.8782729705256537, 0.8782729668592868, 0.8782729637050206, 0.8782729609918126, 0.8782729586622234, 0.8782729566929062, 0.8782729550984814, 0.878272953808997, 0.8782729526481706, 0.8782729515543048, 0.8782729505089247, 0.87827294928007, 0.8782729464333926, 0.8782729335863445, 0.8782728618416329, 0.878272445800254, 0.8782700193725931, 0.8782558561205595, 0.8781731771159976, 0.8776906379581757, 0.8748782795544265, 0.8586183682310805, 0.7688206946278477, 0.3769893826602649, -0.3769893826603591, -0.7688206946278744, -0.8586183682310857, -0.874878279554427, -0.8776906379581758, -0.878173177115998, -0.8782558561205595, -0.8782700193725933, -0.8782724458002552, -0.8782728618416403, -0.878272933586385, -0.8782729464337365, -0.8782729492826523, -0.8782729505215906, -0.8782729515953963, -0.8782729527498275, -0.878272954010985, -0.8782729553585473, -0.8782729568569945, -0.8782729587099642, -0.8782729609986646, -0.878272963706185, -0.8782729668596551, -0.8782729705257925, -0.8782729747871442, -0.8782729797401423, -0.8782729854969638, -0.8782729921880343, -0.8782729999649586, -0.8782730090039504, -0.8782730195098223, -0.8782730317206253, -0.8782730459130444, -0.8782730624086661, -0.8782730815812687, -0.8782731038652896, -0.8782731297656718, -0.8782731598693067, -0.8782731948583351, -0.8782732355256062, -0.8782732827926469, -0.8782733377305502, -0.8782734015842498, -0.8782734758007414, -0.8782735620618854, -0.8782736623225341, -0.878273778854854, -0.8782739142998479, -0.8782740717272444, -0.8782742547051247, -0.8782744673808576, -0.8782747145752027, -0.8782750018917037, -0.8782753358438867, -0.8782757240031541, -0.878276175170752, -0.8782766995777557, -0.8782773091176452, -0.8782780176168169, -0.878278841149247, -0.8782797984025699, -0.8782809111040314, -0.8782822045162033, -0.8782837080139978, -0.8782854557564783, -0.8782874874692636, -0.8782898493560198, -0.8782925951607339, -0.8782957874062517, -0.8782994988390609, -0.8783038141156265, -0.8783088317720088, -0.8783146665261358, -0.8783214519713383, -0.8783293437309195, -0.8783385231571115, -0.87834920167436, -0.8783616258872976, -0.8783760835990355, -0.878392910916901, -0.8784125006622934, -0.8784353123513914, -0.8784618840772647, -0.8784928467061323, -0.8785289409071293, -0.8785710376747521, -0.8786201631880663, -0.8786775290980364, -0.8787445696683476, -0.8788229876515082, -0.8789148114130105, -0.8790224666997949, -0.8791488677029224, -0.8792975338694574, -0.8794727415587604, -0.8796797235670538, -0.8799249355013691, -0.880216417207657, -0.8805642920740652, -0.8809814708012444, -0.8814846660399244, -0.8820958932200758, -0.882844756887123, -0.8837720550738392, -0.8849356966245164, -0.8864209036075807, -0.8883589081892287, -0.8909640404926673, -0.8946157907990123, -0.9000722862815033, -0.9091840870570814, -0.9283910961707572, -1.0]'
