c = [1.0, 0.9283910961814759, 0.9091840870742689, 0.9000722863039563, 0.8946157908262329, 0.8909640405243558, 0.8883589082251536, 0.8864209036475356, 0.8849356966683055, 0.8837720551212711, 0.882844756938008, 0.8820958932742254, 0.8814846660971521, 0.8809814708613666, 0.8805642921368994, 0.8802164172730264, 0.8799249355690998, 0.879679723636979, 0.8794727416307188, 0.8792975339432944, 0.8791488677784908, 0.8790224667769551, 0.8789148114916301, 0.8788229877314628, 0.8787445697495213, 0.8786775291803205, 0.8786201632713595, 0.8785710377589606, 0.8785289409921674, 0.878492846791919, 0.8784618841637278, 0.878435312438463, 0.8784125007499133, 0.8783929110050128, 0.8783760836875887, 0.878361625976246, 0.8783492017636616, 0.8783385232467289, 0.8783293438208187, 0.8783214520614893, 0.8783146666165103, 0.8783088318625821, 0.8783038142063766, 0.8782994989299682, 0.8782957874972982, 0.8782925952519032, 0.8782898494472989, 0.8782874875606393, 0.8782854558479393, 0.8782837081055348, 0.8782822046078076, 0.8782809111956941, 0.8782797984942846, 0.8782788412410075, 0.8782780177086184, 0.8782773092094819, 0.8782766996696232, 0.8782761752626472, 0.8782757240950738, 0.8782753359358278, 0.8782750019836634, 0.8782747146671783, 0.878274467472848, 0.8782742547971273, 0.8782740718192585, 0.8782739143918713, 0.8782737789468862, 0.8782736624145738, 0.8782735621539316, 0.8782734758927933, 0.8782734016763064, 0.8782733378226114, 0.8782732828847121, 0.8782732356176743, 0.8782731949504061, 0.8782731599613804, 0.8782731298577476, 0.8782731039573676, 0.8782730816733483, 0.8782730625007475, 0.8782730460051266, 0.8782730318127093, 0.8782730196019074, 0.8782730090960364, 0.8782730000570443, 0.8782729922801185, 0.8782729855890428, 0.8782729798322074, 0.8782729748791729, 0.8782729706177197, 0.8782729669513147, 0.8782729637969674, 0.878272961083817, 0.87827295875509, 0.8782729567740838, 0.8782729551123601, 0.8782729537109774, 0.8782729524872631, 0.8782729515121045, 0.878272950817459, 0.8782729499684923, 0.8782729488241158, 0.8782729460535309, 0.8782729332723992, 0.878272861584386, 0.8782724455917814, 0.878270019206093, 0.8782558559900848, 0.878173177017357, 0.8776906378781959, 0.8748782795782112, 0.8586183674764928, 0.7688207005278553, 0.37698935936022265, -0.37698935936031686, -0.7688207005278817, -0.8586183674764981, -0.8748782795782123, -0.8776906378781963, -0.8781731770173572, -0.8782558559900852, -0.8782700192060935, -0.8782724455917827, -0.8782728615843928, -0.8782729332724475, -0.878272946053899, -0.8782729488262011, -0.8782729499766946, -0.8782729509522886, -0.8782729518794005, -0.878272952678596, -0.8782729538088274, -0.8782729552294095, -0.8782729568579096, -0.8782729587891867, -0.8782729610915802, -0.8782729637981553, -0.8782729669515746, -0.8782729706178095, -0.8782729748792064, -0.8782729798322199, -0.8782729855890478, -0.87827299228012, -0.8782730000570453, -0.8782730090960363, -0.8782730196019075, -0.8782730318127095, -0.8782730460051275, -0.8782730625007479, -0.8782730816733488, -0.878273103957368, -0.878273129857748, -0.8782731599613804, -0.8782731949504067, -0.8782732356176746, -0.8782732828847121, -0.8782733378226115, -0.8782734016763064, -0.8782734758927935, -0.8782735621539315, -0.878273662414574, -0.8782737789468863, -0.8782739143918715, -0.8782740718192585, -0.8782742547971271, -0.8782744674728479, -0.8782747146671785, -0.8782750019836632, -0.8782753359358275, -0.8782757240950733, -0.878276175262647, -0.8782766996696234, -0.8782773092094819, -0.8782780177086178, -0.8782788412410075, -0.8782797984942846, -0.878280911195694, -0.8782822046078074, -0.8782837081055351, -0.8782854558479394, -0.8782874875606393, -0.8782898494472989, -0.8782925952519033, -0.878295787497298, -0.8782994989299682, -0.8783038142063768, -0.8783088318625824, -0.8783146666165104, -0.878321452061489, -0.8783293438208188, -0.878338523246729, -0.8783492017636616, -0.878361625976246, -0.8783760836875887, -0.8783929110050128, -0.8784125007499132, -0.8784353124384632, -0.878461884163728, -0.8784928467919192, -0.8785289409921674, -0.8785710377589613, -0.8786201632713597, -0.8786775291803205, -0.8787445697495218, -0.8788229877314632, -0.8789148114916305, -0.8790224667769552, -0.8791488677784909, -0.8792975339432942, -0.8794727416307192, -0.8796797236369791, -0.8799249355691, -0.8802164172730264, -0.8805642921368994, -0.8809814708613665, -0.8814846660971524, -0.8820958932742254, -0.8828447569380081, -0.8837720551212711, -0.8849356966683054, -0.886420903647536, -0.8883589082251537, -0.8909640405243558, -0.8946157908262329, -0.9000722863039565, -0.9091840870742688, -0.9283910961814758, -1.0]'
