c = [1.0, 0.9283910962088295, 0.9091840871157109, 0.9000722863562562, 0.8946157908882905, 0.8909640405956001, 0.8883589083051564, 0.8864209037359098, 0.8849356967646727, 0.8837720552252553, 0.88284475704923, 0.8820958933923048, 0.8814846662217081, 0.8809814709920194, 0.8805642922732747, 0.8802164174147552, 0.8799249357158225, 0.8796797237883466, 0.8794727417863936, 0.8792975341029513, 0.8791488679418209, 0.8790224669436647, 0.8789148116614406, 0.8788229879041121, 0.8787445699247631, 0.8786775293579245, 0.8786201634511129, 0.8785710379406643, 0.8785289411756375, 0.8784928469769866, 0.8784618843502378, 0.8784353126262732, 0.8784125009388919, 0.878392911195042, 0.8783760838785606, 0.8783616261680622, 0.8783492019562333, 0.878338523439976, 0.8783293440146681, 0.8783214522558755, 0.8783146668113756, 0.8783088320578734, 0.8783038144020461, 0.8782994991259737, 0.8782957876936021, 0.8782925954484715, 0.8782898496441012, 0.8782874877576493, 0.8782854560451329, 0.8782837083028903, 0.8782822048053059, 0.8782809113933185, 0.8782797986920208, 0.8782788414388419, 0.8782780179065388, 0.8782773094074792, 0.878276699867688, 0.8782761754607706, 0.8782757242932492, 0.8782753361340483, 0.8782750021819238, 0.8782747148654746, 0.8782744676711751, 0.8782742549954813, 0.8782740720176362, 0.8782739145902703, 0.8782737791453034, 0.8782736626130069, 0.8782735623523786, 0.8782734760912528, 0.878273401874777, 0.8782733380210914, 0.8782732830832, 0.8782732358161695, 0.8782731951489074, 0.8782731601598873, 0.8782731300562594, 0.8782731041558837, 0.878273081871868, 0.8782730626992705, 0.8782730462036529, 0.8782730320112376, 0.8782730198004375, 0.8782730092945684, 0.878273000255578, 0.878272992478653, 0.8782729857875771, 0.878272980030739, 0.8782729750776954, 0.8782729708162179, 0.8782729671497469, 0.8782729639952063, 0.8782729612811196, 0.8782729589459914, 0.8782729569369134, 0.8782729552083653, 0.8782729537211762, 0.8782729524416102, 0.8782729513404536, 0.8782729503915134, 0.8782729495661055, 0.8782729488036741, 0.878272947842648, 0.8782729452350494, 0.878272932595612, 0.8782728610297788, 0.8782724451423274, 0.8782700188471091, 0.8782558557089554, 0.8781731768029012, 0.8776906377235592, 0.8748782794468318, 0.8586183676287945, 0.7688206986498912, 0.3769893665248186, -0.37698936652490667, -0.768820698649916, -0.8586183676287992, -0.8748782794468329, -0.877690637723559, -0.8781731768029013, -0.8782558557089557, -0.8782700188471096, -0.8782724451423276, -0.8782728610297795, -0.8782729325956166, -0.8782729452350607, -0.8782729478426723, -0.8782729488037195, -0.8782729495661773, -0.8782729503916104, -0.878272951340565, -0.8782729524417199, -0.8782729537212697, -0.8782729552084348, -0.87827295693696, -0.8782729589460202, -0.8782729612811361, -0.878272963995215, -0.8782729671497516, -0.87827297081622, -0.8782729750776969, -0.8782729800307392, -0.8782729857875775, -0.8782729924786532, -0.8782730002555784, -0.8782730092945689, -0.8782730198004379, -0.8782730320112379, -0.8782730462036527, -0.8782730626992703, -0.8782730818718685, -0.8782731041558837, -0.8782731300562595, -0.8782731601598874, -0.8782731951489076, -0.8782732358161697, -0.8782732830832002, -0.8782733380210916, -0.878273401874777, -0.8782734760912534, -0.8782735623523794, -0.8782736626130071, -0.8782737791453036, -0.8782739145902704, -0.8782740720176363, -0.8782742549954812, -0.8782744676711749, -0.8782747148654746, -0.8782750021819242, -0.8782753361340488, -0.8782757242932487, -0.8782761754607705, -0.8782766998676877, -0.8782773094074792, -0.8782780179065391, -0.8782788414388425, -0.8782797986920204, -0.8782809113933185, -0.8782822048053056, -0.8782837083028897, -0.8782854560451321, -0.8782874877576492, -0.8782898496441015, -0.8782925954484717, -0.8782957876936022, -0.8782994991259738, -0.8783038144020461, -0.8783088320578732, -0.8783146668113756, -0.878321452255876, -0.8783293440146681, -0.8783385234399759, -0.8783492019562331, -0.8783616261680618, -0.8783760838785605, -0.8783929111950421, -0.8784125009388921, -0.8784353126262732, -0.8784618843502379, -0.878492846976987, -0.8785289411756378, -0.8785710379406646, -0.8786201634511128, -0.8786775293579249, -0.8787445699247631, -0.8788229879041116, -0.8789148116614408, -0.8790224669436648, -0.8791488679418215, -0.8792975341029516, -0.879472741786393, -0.8796797237883464, -0.879924935715823, -0.8802164174147555, -0.8805642922732748, -0.8809814709920197, -0.8814846662217082, -0.8820958933923052, -0.8828447570492305, -0.883772055225255, -0.8849356967646729, -0.8864209037359096, -0.8883589083051566, -0.8909640405956002, -0.8946157908882904, -0.9000722863562564, -0.909184087115711, -0.9283910962088298, -1.0]'
