c = [1.0, 0.9283910962177833, 0.9091840871303485, 0.9000722863755923, 0.8946157909118875, 0.8909640406231856, 0.8883589083365168, 0.8864209037708571, 0.8849356968030292, 0.8837720552668479, 0.8828447570938888, 0.8820958934398601, 0.8814846662719934, 0.88098147104487, 0.8805642923285287, 0.8802164174722553, 0.8799249357754146, 0.8796797238498809, 0.8794727418497273, 0.8792975341679485, 0.8791488680083502, 0.879022467011602, 0.8789148117306689, 0.8788229879745207, 0.8787445699962501, 0.878677529430393, 0.8786201635244731, 0.8785710380148338, 0.8785289412505397, 0.8784928470525516, 0.8784618844263993, 0.8784353127029725, 0.8784125010160758, 0.8783929112726605, 0.8783760839565687, 0.8783616262464196, 0.8783492020349027, 0.8783385235189238, 0.8783293440938652, 0.8783214523352947, 0.8783146668909919, 0.8783088321376651, 0.8783038144819942, 0.8782994992060602, 0.8782957877738111, 0.87829259552879, 0.8782898497245165, 0.8782874878381495, 0.8782854561257085, 0.8782837083835323, 0.8782822048860074, 0.8782809114740721, 0.8782797987728196, 0.8782788415196817, 0.8782780179874147, 0.8782773094883858, 0.8782766999486222, 0.878276175541729, 0.8782757243742288, 0.8782753362150475, 0.8782750022629393, 0.8782747149465041, 0.8782744677522174, 0.878274255076535, 0.8782740720986995, 0.878273914671342, 0.8782737792263824, 0.8782736626940927, 0.8782735624334707, 0.8782734761723497, 0.878273401955878, 0.8782733381021963, 0.8782732831643083, 0.878273235897281, 0.8782731952300213, 0.8782731602410037, 0.8782731301373776, 0.8782731042370039, 0.8782730819529899, 0.8782730627803933, 0.8782730462847764, 0.8782730320923623, 0.8782730198815634, 0.8782730093756949, 0.878273000336705, 0.8782729925597805, 0.8782729858687052, 0.8782729801118674, 0.8782729751588243, 0.8782729708973468, 0.8782729672308749, 0.8782729640763315, 0.8782729613622385, 0.8782729590270996, 0.8782729570180022, 0.8782729552894234, 0.8782729538021892, 0.878272952522712, 0.8782729514230005, 0.8782729504807247, 0.878272949674943, 0.8782729489754861, 0.8782729483171396, 0.8782729474394771, 0.8782729449003513, 0.8782729323190402, 0.8782728608031474, 0.8782724449586663, 0.8782700187004185, 0.8782558555940738, 0.8781731767153342, 0.8776906376598798, 0.8748782793992036, 0.8586183676372581, 0.7688206983418499, 0.3769893676717073, -0.3769893676717939, -0.768820698341874, -0.8586183676372627, -0.8748782793992047, -0.87769063765988, -0.878173176715334, -0.8782558555940737, -0.8782700187004184, -0.8782724449586669, -0.8782728608031478, -0.878272932319041, -0.8782729449004397, -0.878272947440493, -0.878272948321967, -0.8782729489875828, -0.8782729496921402, -0.8782729504947857, -0.8782729514295248, -0.8782729525243111, -0.8782729538023544, -0.878272955289428, -0.8782729570180057, -0.8782729590271013, -0.8782729613622403, -0.8782729640763322, -0.8782729672308753, -0.8782729708973472, -0.8782729751588252, -0.8782729801118679, -0.8782729858687056, -0.8782729925597811, -0.8782730003367051, -0.8782730093756949, -0.8782730198815636, -0.8782730320923622, -0.8782730462847763, -0.878273062780393, -0.8782730819529894, -0.8782731042370037, -0.8782731301373776, -0.8782731602410039, -0.8782731952300216, -0.8782732358972811, -0.8782732831643087, -0.8782733381021962, -0.8782734019558781, -0.8782734761723499, -0.8782735624334708, -0.8782736626940927, -0.8782737792263825, -0.8782739146713421, -0.8782740720986997, -0.8782742550765348, -0.8782744677522171, -0.878274714946504, -0.8782750022629393, -0.8782753362150472, -0.8782757243742287, -0.8782761755417295, -0.8782766999486218, -0.8782773094883853, -0.8782780179874141, -0.8782788415196815, -0.8782797987728194, -0.8782809114740721, -0.8782822048860073, -0.8782837083835325, -0.8782854561257083, -0.8782874878381493, -0.878289849724516, -0.8782925955287899, -0.8782957877738113, -0.8782994992060604, -0.8783038144819939, -0.878308832137665, -0.8783146668909917, -0.8783214523352942, -0.8783293440938651, -0.8783385235189239, -0.8783492020349026, -0.8783616262464196, -0.878376083956569, -0.8783929112726606, -0.8784125010160763, -0.8784353127029729, -0.8784618844263997, -0.8784928470525515, -0.8785289412505399, -0.8785710380148337, -0.8786201635244733, -0.8786775294303932, -0.8787445699962501, -0.8788229879745211, -0.8789148117306687, -0.8790224670116018, -0.8791488680083505, -0.8792975341679488, -0.8794727418497277, -0.8796797238498811, -0.8799249357754143, -0.8802164174722555, -0.8805642923285291, -0.8809814710448697, -0.8814846662719933, -0.8820958934398598, -0.8828447570938887, -0.8837720552668477, -0.8849356968030291, -0.8864209037708571, -0.8883589083365172, -0.8909640406231855, -0.8946157909118875, -0.9000722863755929, -0.9091840871303487, -0.9283910962177832, -1.0]'
