c = [1.0, 0.9283910962265673, 0.9091840871444318, 0.9000722863939891, 0.894615790934187, 0.8909640406491433, 0.8883589083659428, 0.8864209038035821, 0.884935696838893, 0.8837720553056932, 0.8828447571355604, 0.8820958934842045, 0.8814846663188574, 0.8809814710941035, 0.8805642923799827, 0.8802164175257834, 0.879924935830876, 0.879679723907139, 0.87947274190865, 0.8792975342284091, 0.8791488680702281, 0.8790224670747824, 0.8789148117950445, 0.8788229880399897, 0.8787445700627164, 0.8786775294977683, 0.8786201635926747, 0.8785710380837854, 0.8785289413201695, 0.8784928471227944, 0.8784618844971961, 0.8784353127742681, 0.8784125010878198, 0.8783929113448073, 0.8783760840290766, 0.8783616263192505, 0.8783492021080235, 0.8783385235923032, 0.8783293441674752, 0.8783214524091101, 0.8783146669649907, 0.8783088322118265, 0.8783038145563004, 0.8782994992804954, 0.8782957878483608, 0.8782925956034402, 0.8782898497992563, 0.8782874879129681, 0.8782854562005974, 0.8782837084584831, 0.8782822049610122, 0.8782809115491258, 0.8782797988479164, 0.8782788415948156, 0.8782780180625815, 0.8782773095635815, 0.8782767000238435, 0.8782761756169734, 0.878275724449493, 0.8782753362903285, 0.8782750023382357, 0.8782747150218144, 0.8782744678275392, 0.878274255151867, 0.8782740721740407, 0.8782739147466911, 0.8782737793017391, 0.8782736627694554, 0.8782735625088385, 0.878273476247722, 0.8782734020312544, 0.8782733381775764, 0.8782732832396916, 0.878273235972667, 0.87827319530541, 0.8782731603163945, 0.8782731302127704, 0.8782731043123977, 0.8782730820283852, 0.8782730628557899, 0.8782730463601741, 0.878273032167761, 0.8782730199569628, 0.8782730094510949, 0.8782730004121058, 0.878272992635182, 0.878272985944107, 0.8782729801872696, 0.8782729752342273, 0.8782729709727499, 0.8782729673062778, 0.8782729641517342, 0.878272961437641, 0.8782729591025008, 0.8782729570934029, 0.8782729553648274, 0.8782729538776208, 0.8782729525981247, 0.8782729514975112, 0.8782729505517364, 0.8782729497414974, 0.8782729490484594, 0.8782729484455478, 0.8782729478707387, 0.8782729470656547, 0.8782729445892777, 0.8782729320619693, 0.8782728605925098, 0.8782724447879688, 0.8782700185640817, 0.8782558554873007, 0.8781731766339566, 0.877690637600607, 0.8748782793556563, 0.8586183676367773, 0.7688206981194421, 0.3769893684809787, -0.37698936848106424, -0.7688206981194662, -0.858618367636782, -0.8748782793556567, -0.8776906376006072, -0.878173176633957, -0.8782558554873013, -0.8782700185640818, -0.8782724447879692, -0.8782728605925123, -0.8782729320619835, -0.8782729445894131, -0.8782729470667011, -0.8782729478752458, -0.8782729484565077, -0.8782729490639741, -0.8782729497544095, -0.8782729505581099, -0.8782729514994313, -0.8782729525985542, -0.8782729538777343, -0.878272955364858, -0.878272957093409, -0.8782729591025019, -0.8782729614376418, -0.8782729641517346, -0.878272967306278, -0.87827297097275, -0.8782729752342272, -0.8782729801872697, -0.8782729859441073, -0.878272992635182, -0.8782730004121059, -0.8782730094510951, -0.8782730199569624, -0.8782730321677611, -0.8782730463601739, -0.8782730628557899, -0.8782730820283849, -0.8782731043123977, -0.8782731302127704, -0.878273160316394, -0.8782731953054101, -0.8782732359726669, -0.8782732832396918, -0.8782733381775762, -0.8782734020312543, -0.8782734762477221, -0.8782735625088385, -0.8782736627694554, -0.8782737793017387, -0.8782739147466913, -0.8782740721740412, -0.878274255151867, -0.8782744678275394, -0.8782747150218146, -0.8782750023382357, -0.8782753362903283, -0.8782757244494924, -0.878276175616973, -0.8782767000238433, -0.8782773095635816, -0.8782780180625813, -0.8782788415948157, -0.878279798847916, -0.8782809115491257, -0.8782822049610122, -0.8782837084584829, -0.878285456200597, -0.8782874879129683, -0.8782898497992556, -0.87829259560344, -0.87829578784836, -0.8782994992804951, -0.8783038145563004, -0.8783088322118268, -0.8783146669649906, -0.8783214524091105, -0.8783293441674755, -0.8783385235923035, -0.8783492021080238, -0.878361626319251, -0.8783760840290769, -0.8783929113448072, -0.87841250108782, -0.8784353127742678, -0.8784618844971963, -0.8784928471227947, -0.8785289413201698, -0.8785710380837851, -0.8786201635926745, -0.8786775294977685, -0.8787445700627164, -0.8788229880399897, -0.8789148117950446, -0.8790224670747827, -0.8791488680702281, -0.8792975342284094, -0.8794727419086502, -0.879679723907139, -0.8799249358308763, -0.8802164175257836, -0.8805642923799826, -0.880981471094103, -0.8814846663188572, -0.8820958934842044, -0.8828447571355608, -0.883772055305693, -0.884935696838893, -0.8864209038035824, -0.888358908365943, -0.8909640406491431, -0.8946157909341873, -0.9000722863939892, -0.9091840871444321, -0.9283910962265676, -1.0]'
