c = [1.0, 0.9283910962349455, 0.9091840871576585, 0.9000722864111107, 0.894615790954829, 0.8909640406730883, 0.8883589083930239, 0.8864209038336498, 0.8849356968718045, 0.8837720553413085, 0.8828447571737403, 0.8820958935248108, 0.8814846663617523, 0.8809814711391496, 0.8805642924270464, 0.8802164175747339, 0.8799249358815844, 0.8796797239594812, 0.879472741962506, 0.8792975342836638, 0.8791488681267728, 0.8790224671325129, 0.8789148118538623, 0.8788229880998025, 0.8787445701234379, 0.8786775295593179, 0.8786201636549759, 0.8785710381467691, 0.8785289413837718, 0.8784928471869557, 0.8784618845618616, 0.8784353128393878, 0.878412501153348, 0.8783929114107023, 0.8783760840953011, 0.8783616263857702, 0.8783492021748067, 0.8783385236593222, 0.8783293442347048, 0.8783214524765269, 0.8783146670325744, 0.8783088322795594, 0.8783038146241654, 0.8782994993484771, 0.8782957879164462, 0.8782925956716175, 0.8782898498675155, 0.8782874879812995, 0.8782854562689921, 0.8782837085269349, 0.8782822050295144, 0.8782809116176713, 0.8782797989165007, 0.878278841663434, 0.8782780181312301, 0.8782773096322574, 0.8782767000925424, 0.8782761756856925, 0.87827572451823, 0.8782753363590821, 0.878275002407003, 0.8782747150905937, 0.8782744678963292, 0.8782742552206667, 0.878274072242849, 0.8782739148155069, 0.8782737793705607, 0.8782736628382826, 0.8782735625776705, 0.8782734763165589, 0.8782734021000947, 0.8782733382464201, 0.8782732833085383, 0.8782732360415162, 0.8782731953742617, 0.8782731603852476, 0.8782731302816249, 0.878273104381254, 0.8782730820972426, 0.8782730629246485, 0.8782730464290337, 0.8782730322366211, 0.8782730200258237, 0.8782730095199567, 0.8782730004809679, 0.8782729927040448, 0.8782729860129705, 0.8782729802561338, 0.8782729753030911, 0.8782729710416142, 0.8782729673751423, 0.8782729642205991, 0.878272961506506, 0.8782729591713663, 0.8782729571622679, 0.8782729554336893, 0.8782729539464653, 0.878272952666903, 0.878272951566035, 0.8782729506190118, 0.8782729498045897, 0.8782729491044018, 0.878272948501274, 0.8782729479736557, 0.8782729474668959, 0.8782729467249762, 0.8782729443052609, 0.8782729318272008, 0.8782728604001393, 0.8782724446320733, 0.8782700184395674, 0.8782558553897867, 0.8781731765596309, 0.877690637546476, 0.8748782793156317, 0.858618367637734, 0.7688206979016704, 0.37698936927414367, -0.37698936927423093, -0.7688206979016949, -0.858618367637739, -0.8748782793156324, -0.8776906375464761, -0.8781731765596313, -0.8782558553897868, -0.8782700184395673, -0.8782724446320733, -0.8782728604001416, -0.8782729318272189, -0.8782729443053703, -0.8782729467254176, -0.8782729474680976, -0.878272947975905, -0.8782729485041959, -0.8782729491070503, -0.8782729498062716, -0.8782729506197653, -0.8782729515662829, -0.8782729526669711, -0.8782729539464847, -0.8782729554336955, -0.8782729571622697, -0.8782729591713663, -0.8782729615065057, -0.8782729642205984, -0.8782729673751422, -0.8782729710416137, -0.8782729753030909, -0.8782729802561333, -0.8782729860129703, -0.8782729927040451, -0.8782730004809682, -0.8782730095199571, -0.8782730200258237, -0.8782730322366213, -0.8782730464290339, -0.8782730629246482, -0.8782730820972425, -0.8782731043812537, -0.8782731302816249, -0.8782731603852469, -0.8782731953742611, -0.8782732360415159, -0.8782732833085384, -0.8782733382464203, -0.8782734021000949, -0.8782734763165586, -0.8782735625776709, -0.8782736628382823, -0.8782737793705607, -0.878273914815507, -0.8782740722428488, -0.8782742552206666, -0.8782744678963295, -0.8782747150905937, -0.8782750024070028, -0.8782753363590821, -0.8782757245182304, -0.8782761756856929, -0.8782767000925424, -0.8782773096322573, -0.8782780181312299, -0.8782788416634343, -0.8782797989165004, -0.8782809116176715, -0.8782822050295142, -0.878283708526935, -0.8782854562689922, -0.8782874879812997, -0.8782898498675152, -0.8782925956716179, -0.878295787916446, -0.8782994993484774, -0.8783038146241653, -0.8783088322795595, -0.8783146670325751, -0.8783214524765277, -0.878329344234705, -0.8783385236593225, -0.878349202174807, -0.87836162638577, -0.8783760840953017, -0.8783929114107027, -0.8784125011533485, -0.8784353128393878, -0.8784618845618615, -0.8784928471869555, -0.878528941383772, -0.8785710381467694, -0.8786201636549765, -0.8786775295593178, -0.878744570123438, -0.878822988099803, -0.8789148118538623, -0.8790224671325128, -0.8791488681267727, -0.879297534283664, -0.8794727419625059, -0.8796797239594808, -0.8799249358815842, -0.880216417574734, -0.8805642924270469, -0.8809814711391497, -0.8814846663617522, -0.8820958935248109, -0.8828447571737402, -0.8837720553413082, -0.8849356968718045, -0.8864209038336499, -0.8883589083930238, -0.8909640406730885, -0.8946157909548291, -0.9000722864111107, -0.9091840871576586, -0.9283910962349454, -1.0]'
