c = [1.0, 0.928391096241767, 0.9091840871684724, 0.9000722864251439, 0.894615790971774, 0.8909640406927656, 0.8883589084152949, 0.8864209038583903, 0.8849356968988965, 0.8837720553706362, 0.882844757205188, 0.8820958935582627, 0.8814846663970951, 0.8809814711762711, 0.8805642924658351, 0.8802164176150806, 0.8799249359233831, 0.8796797240026287, 0.8794727420069045, 0.879297534329218, 0.8791488681733919, 0.879022467180111, 0.8789148119023587, 0.8788229881491209, 0.8787445701735057, 0.878677529610069, 0.8786201637063484, 0.8785710381987053, 0.8785289414362181, 0.8784928472398633, 0.8784618846151853, 0.8784353128930863, 0.8784125012073842, 0.8783929114650416, 0.8783760841499119, 0.8783616264406241, 0.8783492022298784, 0.8783385237145884, 0.8783293442901441, 0.8783214525321216, 0.8783146670883071, 0.8783088323354141, 0.8783038146801289, 0.8782994994045371, 0.8782957879725924, 0.8782925957278398, 0.8782898499238044, 0.8782874880376488, 0.8782854563253947, 0.8782837085833834, 0.8782822050860041, 0.8782809116741973, 0.8782797989730583, 0.8782788417200206, 0.8782780181878415, 0.8782773096888902, 0.8782767001491946, 0.8782761757423619, 0.8782757245749142, 0.8782753364157793, 0.8782750024637116, 0.8782747151473127, 0.8782744679530573, 0.8782742552774025, 0.8782740722995914, 0.8782739148722551, 0.8782737794273142, 0.878273662895041, 0.8782735626344327, 0.8782734763733246, 0.8782734021568636, 0.8782733383031917, 0.8782732833653125, 0.8782732360982921, 0.8782731954310388, 0.8782731604420266, 0.8782731303384056, 0.8782731044380356, 0.8782730821540253, 0.8782730629814322, 0.8782730464858183, 0.8782730322934066, 0.8782730200826097, 0.8782730095767433, 0.8782730005377553, 0.8782729927608326, 0.8782729860697582, 0.8782729803129218, 0.8782729753598794, 0.8782729710984026, 0.878272967431931, 0.8782729642773879, 0.8782729615632948, 0.8782729592281547, 0.8782729572190567, 0.8782729554904771, 0.8782729540032489, 0.878272952723674, 0.8782729516227575, 0.8782729506755546, 0.8782729498605966, 0.878272949159382, 0.8782729485558115, 0.8782729480349807, 0.878272947577921, 0.8782729471324289, 0.8782729464441114, 0.8782729440711634, 0.8782729316336245, 0.8782728602415044, 0.8782724445035143, 0.8782700183368868, 0.8782558553093714, 0.8781731764983286, 0.8776906375018967, 0.8748782792819169, 0.8586183676455296, 0.7688206976657628, 0.37698937015148426, -0.37698937015156564, -0.7688206976657858, -0.8586183676455337, -0.8748782792819175, -0.8776906375018969, -0.8781731764983285, -0.8782558553093711, -0.8782700183368864, -0.8782724445035147, -0.8782728602415049, -0.8782729316336247, -0.8782729440711636, -0.8782729464441124, -0.8782729471324296, -0.8782729475779225, -0.8782729480349822, -0.8782729485558131, -0.8782729491593838, -0.8782729498605983, -0.8782729506755559, -0.8782729516227582, -0.8782729527236742, -0.8782729540032491, -0.8782729554904772, -0.8782729572190571, -0.878272959228155, -0.8782729615632947, -0.8782729642773875, -0.8782729674319306, -0.8782729710984026, -0.8782729753598794, -0.8782729803129218, -0.8782729860697581, -0.8782729927608324, -0.8782730005377555, -0.8782730095767433, -0.8782730200826099, -0.8782730322934066, -0.8782730464858183, -0.8782730629814319, -0.8782730821540252, -0.8782731044380356, -0.8782731303384057, -0.8782731604420269, -0.8782731954310388, -0.8782732360982918, -0.8782732833653124, -0.8782733383031913, -0.8782734021568638, -0.8782734763733249, -0.8782735626344327, -0.8782736628950405, -0.8782737794273143, -0.8782739148722549, -0.8782740722995911, -0.8782742552774025, -0.8782744679530576, -0.8782747151473129, -0.878275002463712, -0.8782753364157794, -0.8782757245749142, -0.8782761757423617, -0.8782767001491946, -0.8782773096888903, -0.8782780181878411, -0.8782788417200205, -0.8782797989730582, -0.8782809116741971, -0.8782822050860036, -0.8782837085833833, -0.8782854563253942, -0.8782874880376491, -0.8782898499238049, -0.8782925957278401, -0.8782957879725926, -0.8782994994045377, -0.878303814680129, -0.878308832335414, -0.8783146670883069, -0.8783214525321215, -0.8783293442901446, -0.8783385237145888, -0.8783492022298789, -0.8783616264406243, -0.8783760841499119, -0.8783929114650414, -0.8784125012073845, -0.8784353128930865, -0.8784618846151853, -0.8784928472398633, -0.878528941436218, -0.8785710381987054, -0.8786201637063487, -0.8786775296100687, -0.878744570173506, -0.8788229881491205, -0.8789148119023585, -0.8790224671801109, -0.8791488681733916, -0.8792975343292182, -0.8794727420069047, -0.8796797240026288, -0.8799249359233828, -0.8802164176150807, -0.880564292465835, -0.8809814711762711, -0.8814846663970958, -0.8820958935582633, -0.8828447572051878, -0.8837720553706363, -0.8849356968988966, -0.8864209038583902, -0.8883589084152949, -0.8909640406927655, -0.8946157909717738, -0.9000722864251438, -0.9091840871684725, -0.9283910962417674, -1.0]'
