c = [1.0, 0.9283910962461718, 0.9091840871757628, 0.900072286434841, 0.8946157909836561, 0.8909640407066923, 0.8883589084311555, 0.8864209038760874, 0.884935696918338, 0.8837720553917319, 0.8828447572278507, 0.8820958935824066, 0.8814846664226338, 0.88098147120312, 0.8805642924939114, 0.8802164176443031, 0.8799249359536739, 0.8796797240339115, 0.8794727420391053, 0.879297534362267, 0.8791488682072225, 0.8790224672146606, 0.8789148119375658, 0.8788229881849304, 0.8787445702098653, 0.8786775296469289, 0.8786201637436634, 0.8785710382364327, 0.8785289414743189, 0.8784928472783013, 0.878461884653928, 0.8784353129321033, 0.8784125012466478, 0.8783929115045265, 0.8783760841895956, 0.8783616264804855, 0.8783492022698989, 0.8783385237547512, 0.878329344330434, 0.8783214525725239, 0.87831466712881, 0.8783088323760062, 0.8783038147208009, 0.87829949944528, 0.8782957880133972, 0.8782925957687007, 0.8782898499647149, 0.8782874880786024, 0.8782854563663866, 0.8782837086244091, 0.8782822051270597, 0.8782809117152799, 0.8782797990141644, 0.8782788417611467, 0.8782780182289854, 0.8782773097300507, 0.8782767001903689, 0.8782761757835484, 0.8782757246161117, 0.8782753364569863, 0.8782750025049274, 0.8782747151885357, 0.8782744679942867, 0.8782742553186375, 0.8782740723408313, 0.8782739149134996, 0.8782737794685624, 0.8782736629362926, 0.8782735626756872, 0.8782734764145816, 0.8782734021981233, 0.8782733383444531, 0.8782732834065753, 0.8782732361395564, 0.8782731954723049, 0.8782731604832937, 0.8782731303796736, 0.8782731044793046, 0.878273082195295, 0.8782730630227025, 0.8782730465270893, 0.8782730323346782, 0.8782730201238819, 0.8782730096180159, 0.878273000579028, 0.8782729928021055, 0.8782729861110314, 0.878272980354195, 0.8782729754011533, 0.8782729711396766, 0.8782729674732049, 0.8782729643186615, 0.878272961604569, 0.878272959269429, 0.8782729572603313, 0.878272955531752, 0.8782729540445234, 0.878272952764948, 0.8782729516640317, 0.8782729507168289, 0.8782729499018707, 0.8782729492006548, 0.8782729485978128, 0.8782729480828473, 0.8782729476470744, 0.8782729472680104, 0.8782729468832773, 0.8782729462390736, 0.8782729439009258, 0.8782729314929192, 0.8782728601262079, 0.8782724444100789, 0.878270018262259, 0.8782558552509272, 0.8781731764537829, 0.8776906374694812, 0.8748782792578909, 0.8586183676480267, 0.7688206975252551, 0.376989370673313, -0.3769893706733936, -0.7688206975252777, -0.8586183676480308, -0.8748782792578915, -0.877690637469481, -0.8781731764537823, -0.878255855250927, -0.8782700182622593, -0.8782724444100788, -0.8782728601262076, -0.8782729314929189, -0.8782729439009266, -0.8782729462395504, -0.8782729468874305, -0.8782729472817364, -0.87827294766841, -0.8782729480988006, -0.8782729486034235, -0.8782729492014036, -0.8782729499018705, -0.878272950716829, -0.8782729516640322, -0.878272952764948, -0.8782729540445231, -0.8782729555317516, -0.8782729572603309, -0.8782729592694293, -0.8782729616045688, -0.878272964318662, -0.8782729674732048, -0.8782729711396763, -0.8782729754011533, -0.8782729803541948, -0.8782729861110314, -0.8782729928021052, -0.8782730005790279, -0.8782730096180156, -0.8782730201238816, -0.8782730323346782, -0.8782730465270897, -0.8782730630227028, -0.8782730821952951, -0.8782731044793046, -0.8782731303796739, -0.8782731604832936, -0.8782731954723049, -0.8782732361395568, -0.8782732834065752, -0.8782733383444526, -0.878273402198123, -0.8782734764145815, -0.8782735626756872, -0.8782736629362925, -0.8782737794685631, -0.8782739149134998, -0.8782740723408318, -0.8782742553186376, -0.8782744679942867, -0.8782747151885358, -0.8782750025049276, -0.8782753364569869, -0.8782757246161119, -0.8782761757835486, -0.8782767001903686, -0.8782773097300504, -0.8782780182289854, -0.8782788417611469, -0.8782797990141641, -0.8782809117152801, -0.8782822051270598, -0.8782837086244094, -0.8782854563663867, -0.8782874880786028, -0.878289849964715, -0.8782925957687009, -0.8782957880133978, -0.8782994994452799, -0.8783038147208011, -0.8783088323760067, -0.8783146671288101, -0.8783214525725241, -0.8783293443304339, -0.8783385237547514, -0.8783492022698994, -0.8783616264804861, -0.878376084189596, -0.8783929115045268, -0.878412501246648, -0.8784353129321038, -0.8784618846539283, -0.8784928472783013, -0.878528941474319, -0.8785710382364326, -0.8786201637436636, -0.8786775296469287, -0.8787445702098652, -0.8788229881849307, -0.8789148119375664, -0.8790224672146603, -0.8791488682072227, -0.8792975343622675, -0.8794727420391052, -0.8796797240339113, -0.879924935953674, -0.8802164176443038, -0.8805642924939115, -0.8809814712031203, -0.881484666422634, -0.8820958935824067, -0.8828447572278513, -0.883772055391732, -0.8849356969183378, -0.8864209038760874, -0.8883589084311557, -0.8909640407066926, -0.8946157909836565, -0.9000722864348409, -0.9091840871757627, -0.9283910962461719, -1.0]'
