c = [1.0, 0.9283910962521287, 0.9091840871850749, 0.9000722864468241, 0.8946157909980499, 0.89096404072335, 0.888358908449964, 0.8864209038969453, 0.8849356969411487, 0.8837720554164008, 0.8828447572542826, 0.8820958936105067, 0.8814846664523076, 0.8809814712342738, 0.880564292526454, 0.8802164176781436, 0.8799249359887241, 0.8796797240700862, 0.8794727420763228, 0.8792975344004486, 0.8791488682462917, 0.8790224672545461, 0.8789148119782011, 0.8788229882262512, 0.878744570251812, 0.8786775296894461, 0.8786201637866987, 0.8785710382799384, 0.8785289415182509, 0.8784928473226188, 0.8784618846985929, 0.8784353129770813, 0.8784125012919076, 0.8783929115500393, 0.8783760842353354, 0.8783616265264292, 0.8783492023160246, 0.878338523801039, 0.8783293443768669, 0.8783214526190859, 0.8783146671754872, 0.878308832422786, 0.878303814767671, 0.8782994994922314, 0.878295788060421, 0.8782925958157873, 0.8782898500118581, 0.8782874881257949, 0.878285456413623, 0.8782837086716855, 0.8782822051743704, 0.8782809117626204, 0.8782797990615318, 0.878278841808538, 0.8782780182763976, 0.8782773097774808, 0.8782767002378153, 0.8782761758310093, 0.8782757246635854, 0.8782753365044708, 0.8782750025524213, 0.8782747152360382, 0.8782744680417964, 0.878274255366154, 0.8782740723883534, 0.8782739149610268, 0.878273779516094, 0.878273662983828, 0.8782735627232263, 0.8782734764621233, 0.8782734022456673, 0.8782733383919993, 0.8782732834541235, 0.8782732361871064, 0.8782731955198563, 0.8782731605308465, 0.8782731304272274, 0.8782731045268594, 0.8782730822428509, 0.8782730630702592, 0.8782730465746469, 0.8782730323822364, 0.8782730201714403, 0.8782730096655749, 0.8782730006265873, 0.8782729928496651, 0.8782729861585914, 0.8782729804017553, 0.8782729754487136, 0.8782729711872368, 0.8782729675207658, 0.8782729643662227, 0.8782729616521302, 0.8782729593169908, 0.8782729573078926, 0.8782729555793131, 0.8782729540920848, 0.8782729528125098, 0.8782729517115943, 0.8782729507643923, 0.8782729499494429, 0.8782729492482784, 0.878272948645005, 0.8782729481259188, 0.8782729476790467, 0.8782729472930355, 0.878272946951971, 0.8782729466062793, 0.878272946003828, 0.8782729437047567, 0.8782729313307801, 0.8782728599933486, 0.8782724443024109, 0.878270018176264, 0.878255855183576, 0.8781731764024738, 0.8776906374318395, 0.8748782792328056, 0.8586183676233363, 0.7688206975808701, 0.37698937040792796, -0.37698937040800956, -0.7688206975808929, -0.8586183676233409, -0.8748782792328068, -0.8776906374318398, -0.8781731764024739, -0.8782558551835761, -0.878270018176264, -0.8782724443024108, -0.8782728599933481, -0.8782729313307805, -0.8782729437047571, -0.8782729460038283, -0.8782729466062793, -0.8782729469519714, -0.8782729472930361, -0.8782729476790466, -0.8782729481259187, -0.8782729486450053, -0.878272949248278, -0.8782729499494424, -0.8782729507643922, -0.8782729517115936, -0.8782729528125098, -0.8782729540920848, -0.8782729555793132, -0.8782729573078922, -0.8782729593169903, -0.87827296165213, -0.8782729643662225, -0.8782729675207657, -0.8782729711872368, -0.8782729754487134, -0.8782729804017547, -0.878272986158591, -0.8782729928496649, -0.8782730006265874, -0.8782730096655749, -0.8782730201714402, -0.878273032382236, -0.878273046574647, -0.8782730630702592, -0.878273082242851, -0.87827310452686, -0.8782731304272275, -0.8782731605308461, -0.878273195519856, -0.8782732361871062, -0.8782732834541233, -0.8782733383919991, -0.8782734022456674, -0.8782734764621233, -0.8782735627232262, -0.8782736629838277, -0.8782737795160938, -0.8782739149610266, -0.8782740723883533, -0.878274255366154, -0.8782744680417964, -0.8782747152360382, -0.8782750025524211, -0.8782753365044705, -0.8782757246635852, -0.8782761758310094, -0.8782767002378156, -0.8782773097774813, -0.8782780182763978, -0.8782788418085383, -0.8782797990615322, -0.878280911762621, -0.8782822051743704, -0.8782837086716854, -0.8782854564136234, -0.8782874881257952, -0.8782898500118579, -0.8782925958157878, -0.878295788060421, -0.8782994994922316, -0.8783038147676712, -0.878308832422786, -0.8783146671754871, -0.8783214526190863, -0.8783293443768668, -0.878338523801039, -0.8783492023160242, -0.8783616265264292, -0.8783760842353356, -0.8783929115500394, -0.8784125012919078, -0.8784353129770816, -0.8784618846985932, -0.8784928473226186, -0.8785289415182508, -0.8785710382799385, -0.8786201637866992, -0.8786775296894457, -0.878744570251812, -0.8788229882262515, -0.878914811978201, -0.8790224672545458, -0.8791488682462919, -0.8792975344004483, -0.8794727420763224, -0.8796797240700864, -0.879924935988724, -0.8802164176781434, -0.8805642925264537, -0.8809814712342738, -0.8814846664523074, -0.8820958936105063, -0.8828447572542826, -0.8837720554164011, -0.8849356969411492, -0.8864209038969453, -0.8883589084499636, -0.8909640407233497, -0.8946157909980498, -0.900072286446824, -0.909184087185075, -0.9283910962521285, -1.0]'
