c = [1.0, 0.928391096255959, 0.9091840871912963, 0.9000722864550122, 0.8946157910080202, 0.8909640407349878, 0.8883589084631817, 0.8864209039116647, 0.8849356969572958, 0.8837720554339034, 0.8828447572730692, 0.8820958936305067, 0.8814846664734521, 0.8809814712564936, 0.880564292549681, 0.8802164177023121, 0.8799249360137696, 0.879679724095947, 0.8794727421029375, 0.8792975344277604, 0.8791488682742464, 0.8790224672830917, 0.8789148120072882, 0.8788229882558336, 0.8787445702818463, 0.8786775297198919, 0.8786201638175192, 0.8785710383110984, 0.8785289415497183, 0.8784928473543637, 0.878461884730589, 0.878435313009303, 0.8784125013243324, 0.8783929115826468, 0.8783760842681066, 0.8783616265593464, 0.8783492023490729, 0.8783385238342041, 0.8783293444101365, 0.8783214526524488, 0.8783146672089325, 0.8783088324563054, 0.8783038148012567, 0.8782994995258745, 0.8782957880941158, 0.8782925958495278, 0.8782898500456386, 0.8782874881596122, 0.878285456447472, 0.8782837087055618, 0.8782822052082712, 0.8782809117965436, 0.8782797990954738, 0.878278841842497, 0.8782780183103714, 0.8782773098114681, 0.8782767002718144, 0.8782761758650186, 0.8782757246976034, 0.8782753365384967, 0.8782750025864541, 0.8782747152700773, 0.8782744680758406, 0.878274255400203, 0.8782740724224064, 0.8782739149950836, 0.8782737795501542, 0.8782736630178904, 0.878273562757291, 0.8782734764961904, 0.8782734022797362, 0.8782733384260697, 0.8782732834881954, 0.8782732362211797, 0.8782731955539306, 0.8782731605649218, 0.8782731304613036, 0.8782731045609364, 0.8782730822769287, 0.8782730631043377, 0.8782730466087254, 0.8782730324163155, 0.8782730202055197, 0.8782730096996545, 0.8782730006606675, 0.8782729928837455, 0.8782729861926719, 0.8782729804358358, 0.8782729754827944, 0.8782729712213178, 0.8782729675548469, 0.8782729644003042, 0.8782729616862115, 0.8782729593510719, 0.8782729573419739, 0.8782729556133948, 0.8782729541261669, 0.8782729528465915, 0.8782729517456759, 0.8782729507984742, 0.8782729499835241, 0.8782729492823674, 0.8782729486791918, 0.8782729481606303, 0.8782729477154211, 0.8782729473333533, 0.8782729470035405, 0.8782729467100129, 0.8782729464039744, 0.8782729458348496, 0.8782729435641825, 0.8782729312145954, 0.8782728598981439, 0.8782724442252576, 0.8782700181146421, 0.8782558551353153, 0.8781731763657028, 0.8776906374049557, 0.8748782792141607, 0.8586183676134099, 0.7688206975611585, 0.3769893704570254, -0.3769893704571048, -0.7688206975611803, -0.8586183676134136, -0.8748782792141607, -0.8776906374049556, -0.8781731763657031, -0.8782558551353156, -0.8782700181146424, -0.8782724442252581, -0.8782728598981447, -0.8782729312145959, -0.8782729435641866, -0.8782729458349099, -0.8782729464043477, -0.878272946711307, -0.8782729470062876, -0.8782729473370544, -0.8782729477186136, -0.8782729481623781, -0.8782729486797776, -0.8782729492824773, -0.8782729499835327, -0.878272950798474, -0.8782729517456752, -0.8782729528465913, -0.8782729541261666, -0.8782729556133945, -0.8782729573419739, -0.8782729593510719, -0.8782729616862114, -0.8782729644003037, -0.8782729675548465, -0.8782729712213178, -0.8782729754827945, -0.878272980435836, -0.8782729861926717, -0.878272992883745, -0.8782730006606675, -0.8782730096996543, -0.8782730202055197, -0.8782730324163155, -0.8782730466087252, -0.8782730631043372, -0.8782730822769286, -0.8782731045609364, -0.8782731304613036, -0.8782731605649217, -0.878273195553931, -0.87827323622118, -0.8782732834881958, -0.8782733384260699, -0.8782734022797362, -0.8782734764961904, -0.8782735627572911, -0.8782736630178907, -0.8782737795501538, -0.8782739149950832, -0.8782740724224064, -0.8782742554002029, -0.878274468075841, -0.8782747152700772, -0.8782750025864542, -0.8782753365384971, -0.8782757246976035, -0.8782761758650187, -0.8782767002718149, -0.8782773098114689, -0.8782780183103723, -0.8782788418424975, -0.8782797990954744, -0.8782809117965436, -0.8782822052082715, -0.8782837087055619, -0.8782854564474719, -0.8782874881596122, -0.8782898500456385, -0.8782925958495279, -0.8782957880941155, -0.8782994995258746, -0.8783038148012565, -0.8783088324563058, -0.8783146672089326, -0.878321452652449, -0.8783293444101362, -0.8783385238342039, -0.8783492023490727, -0.8783616265593462, -0.8783760842681065, -0.8783929115826465, -0.8784125013243322, -0.8784353130093036, -0.8784618847305894, -0.878492847354364, -0.8785289415497184, -0.8785710383110986, -0.8786201638175193, -0.8786775297198919, -0.8787445702818466, -0.8788229882558337, -0.8789148120072882, -0.8790224672830916, -0.8791488682742464, -0.8792975344277604, -0.8794727421029377, -0.8796797240959466, -0.8799249360137696, -0.8802164177023123, -0.880564292549681, -0.8809814712564941, -0.8814846664734522, -0.8820958936305069, -0.8828447572730693, -0.8837720554339032, -0.8849356969572958, -0.8864209039116652, -0.8883589084631823, -0.8909640407349881, -0.89461579100802, -0.9000722864550121, -0.9091840871912965, -0.928391096255959, -1.0]'
