c = [1.0, 0.9283910962597814, 0.9091840871973452, 0.9000722864628522, 0.89461579101748, 0.8909640407459681, 0.8883589084756051, 0.8864209039254625, 0.8849356969724017, 0.8837720554502526, 0.8828447572905987, 0.8820958936491521, 0.8814846664931496, 0.8809814712771806, 0.8805642925712961, 0.8802164177247949, 0.8799249360370601, 0.8796797241199885, 0.8794727421276753, 0.8792975344531417, 0.8791488683002207, 0.8790224673096111, 0.8789148120343072, 0.8788229882833098, 0.8787445703097405, 0.8786775297481667, 0.8786201638461398, 0.8785710383400327, 0.8785289415789369, 0.8784928473838391, 0.8784618847602959, 0.8784353130392193, 0.8784125013544366, 0.8783929116129192, 0.8783760842985304, 0.8783616265899055, 0.8783492023797533, 0.878338523864993, 0.8783293444410215, 0.8783214526834205, 0.8783146672399814, 0.8783088324874223, 0.8783038148324339, 0.8782994995571056, 0.8782957881253942, 0.8782925958808494, 0.8782898500769979, 0.8782874881910039, 0.878285456478893, 0.8782837087370092, 0.8782822052397412, 0.8782809118280339, 0.8782797991269821, 0.8782788418740212, 0.8782780183419099, 0.8782773098430184, 0.8782767003033755, 0.8782761758965888, 0.8782757247291817, 0.8782753365700828, 0.8782750026180464, 0.8782747153016751, 0.8782744681074438, 0.8782742554318104, 0.8782740724540178, 0.8782739150266979, 0.8782737795817713, 0.8782736630495104, 0.8782735627889132, 0.8782734765278145, 0.8782734023113622, 0.8782733384576971, 0.8782732835198241, 0.8782732362528094, 0.8782731955855614, 0.8782731605965534, 0.8782731304929364, 0.8782731045925698, 0.8782730823085624, 0.8782730631359719, 0.8782730466403601, 0.8782730324479503, 0.8782730202371553, 0.8782730097312903, 0.8782730006923032, 0.878272992915381, 0.878272986224308, 0.8782729804674722, 0.878272975514431, 0.8782729712529549, 0.8782729675864837, 0.8782729644319408, 0.8782729617178484, 0.8782729593827091, 0.8782729573736116, 0.8782729556450318, 0.8782729541578042, 0.8782729528782287, 0.8782729517773126, 0.8782729508301116, 0.8782729500151626, 0.8782729493140015, 0.8782729487107432, 0.8782729481917231, 0.8782729477451792, 0.8782729473609587, 0.8782729470301381, 0.8782729467439779, 0.8782729464888103, 0.878272946217001, 0.8782729456780987, 0.878272943433692, 0.8782729311067415, 0.8782728598097673, 0.8782724441536379, 0.8782700180574393, 0.8782558550905157, 0.8781731763315687, 0.8776906373799663, 0.8748782791969728, 0.8586183676020873, 0.7688206975577154, 0.3769893704416581, -0.3769893704417366, -0.7688206975577375, -0.858618367602092, -0.8748782791969736, -0.8776906373799663, -0.8781731763315686, -0.8782558550905157, -0.8782700180574395, -0.878272444153638, -0.878272859809768, -0.8782729311067422, -0.8782729434336952, -0.8782729456781091, -0.878272946217025, -0.8782729464888555, -0.8782729467440467, -0.8782729470302214, -0.8782729473610394, -0.878272947745241, -0.8782729481917612, -0.878272948710762, -0.878272949314009, -0.878272950015165, -0.8782729508301119, -0.878272951777313, -0.8782729528782286, -0.8782729541578037, -0.8782729556450317, -0.878272957373611, -0.8782729593827089, -0.8782729617178487, -0.878272964431941, -0.8782729675864835, -0.8782729712529547, -0.8782729755144313, -0.8782729804674722, -0.8782729862243083, -0.8782729929153816, -0.8782730006923031, -0.8782730097312897, -0.8782730202371549, -0.87827303244795, -0.8782730466403597, -0.8782730631359716, -0.8782730823085626, -0.8782731045925699, -0.8782731304929363, -0.8782731605965537, -0.8782731955855615, -0.8782732362528096, -0.8782732835198241, -0.8782733384576973, -0.8782734023113619, -0.8782734765278144, -0.8782735627889128, -0.8782736630495099, -0.8782737795817712, -0.8782739150266976, -0.8782740724540176, -0.8782742554318104, -0.8782744681074439, -0.8782747153016752, -0.878275002618047, -0.8782753365700832, -0.8782757247291824, -0.878276175896589, -0.8782767003033757, -0.8782773098430184, -0.8782780183419101, -0.8782788418740215, -0.8782797991269827, -0.8782809118280344, -0.8782822052397414, -0.8782837087370092, -0.8782854564788933, -0.8782874881910043, -0.8782898500769979, -0.8782925958808496, -0.8782957881253944, -0.8782994995571061, -0.8783038148324336, -0.8783088324874221, -0.8783146672399814, -0.8783214526834207, -0.8783293444410221, -0.878338523864993, -0.878349202379753, -0.878361626589906, -0.8783760842985304, -0.8783929116129191, -0.8784125013544364, -0.8784353130392194, -0.8784618847602959, -0.8784928473838391, -0.878528941578937, -0.878571038340033, -0.8786201638461398, -0.8786775297481668, -0.8787445703097407, -0.8788229882833097, -0.8789148120343072, -0.8790224673096108, -0.8791488683002205, -0.8792975344531416, -0.8794727421276755, -0.8796797241199887, -0.8799249360370605, -0.8802164177247946, -0.8805642925712961, -0.880981471277181, -0.8814846664931494, -0.8820958936491522, -0.8828447572905991, -0.8837720554502531, -0.8849356969724016, -0.8864209039254625, -0.8883589084756052, -0.8909640407459685, -0.8946157910174805, -0.9000722864628525, -0.9091840871973448, -0.9283910962597816, -1.0]'
