c = [1.0, 0.9283910962626322, 0.9091840872019682, 0.9000722864689321, 0.8946157910248795, 0.8909640407546034, 0.8883589084854105, 0.88642090393638, 0.8849356969843775, 0.8837720554632327, 0.8828447573045302, 0.882095893663983, 0.8814846665088286, 0.8809814712936572, 0.8805642925885183, 0.8802164177427149, 0.8799249360556304, 0.8796797241391628, 0.879472742147409, 0.8792975344733922, 0.8791488683209471, 0.8790224673307752, 0.878914812055873, 0.878822988305243, 0.8787445703320087, 0.8786775297707399, 0.8786201638689907, 0.878571038363135, 0.878528941602267, 0.8784928474073757, 0.8784618847840184, 0.8784353130631087, 0.8784125013784765, 0.8783929116370941, 0.8783760843228265, 0.8783616266143103, 0.8783492024042548, 0.8783385238895818, 0.8783293444656882, 0.8783214527081558, 0.8783146672647779, 0.8783088325122733, 0.8783038148573334, 0.8782994995820489, 0.8782957881503758, 0.8782925959058641, 0.8782898501020425, 0.8782874882160758, 0.8782854565039881, 0.878283708762125, 0.8782822052648757, 0.8782809118531842, 0.8782797991521472, 0.8782788418991987, 0.8782780183670982, 0.8782773098682166, 0.878276700328582, 0.8782761759218031, 0.8782757247544027, 0.8782753365953095, 0.8782750026432784, 0.8782747153269116, 0.8782744681326844, 0.8782742554570541, 0.8782740724792644, 0.8782739150519474, 0.8782737796070232, 0.8782736630747644, 0.878273562814169, 0.8782734765530719, 0.8782734023366207, 0.8782733384829571, 0.8782732835450852, 0.8782732362780714, 0.8782731956108245, 0.8782731606218173, 0.8782731305182003, 0.8782731046178345, 0.8782730823338274, 0.8782730631612372, 0.8782730466656259, 0.8782730324732166, 0.8782730202624215, 0.8782730097565564, 0.87827300071757, 0.8782729929406481, 0.8782729862495754, 0.87827298049274, 0.8782729755396986, 0.8782729712782223, 0.8782729676117514, 0.8782729644572089, 0.8782729617431168, 0.8782729594079769, 0.8782729573988797, 0.8782729556703001, 0.8782729541830718, 0.8782729529034968, 0.8782729518025811, 0.8782729508553796, 0.87827295004043, 0.8782729493392677, 0.8782729487360043, 0.8782729482169752, 0.8782729477704764, 0.8782729473866104, 0.878272947057032, 0.8782729467741276, 0.8782729465295196, 0.8782729463095131, 0.8782729460670526, 0.8782729455528331, 0.8782729433294747, 0.8782729310206038, 0.8782728597391843, 0.8782724440964378, 0.8782700180117535, 0.8782558550547349, 0.8781731763043072, 0.8776906373600165, 0.8748782791833107, 0.858618367593104, 0.7688206975563248, 0.37698937042594666, -0.37698937042602404, -0.7688206975563464, -0.858618367593108, -0.8748782791833114, -0.8776906373600168, -0.8781731763043077, -0.8782558550547351, -0.8782700180117529, -0.8782724440964372, -0.8782728597391839, -0.8782729310206037, -0.8782729433294779, -0.878272945552878, -0.8782729460673301, -0.8782729463104739, -0.8782729465315582, -0.8782729467768741, -0.8782729470594007, -0.8782729473879084, -0.8782729477709128, -0.8782729482170579, -0.8782729487360115, -0.878272949339268, -0.8782729500404304, -0.8782729508553793, -0.8782729518025807, -0.8782729529034965, -0.878272954183072, -0.8782729556702998, -0.8782729573988788, -0.8782729594079767, -0.8782729617431165, -0.8782729644572084, -0.8782729676117512, -0.8782729712782225, -0.8782729755396982, -0.8782729804927394, -0.8782729862495751, -0.8782729929406482, -0.8782730007175699, -0.8782730097565565, -0.8782730202624217, -0.8782730324732165, -0.878273046665626, -0.878273063161237, -0.8782730823338272, -0.8782731046178341, -0.8782731305182002, -0.878273160621817, -0.8782731956108243, -0.8782732362780714, -0.8782732835450848, -0.878273338482957, -0.8782734023366208, -0.8782734765530716, -0.8782735628141688, -0.8782736630747643, -0.8782737796070232, -0.8782739150519473, -0.8782740724792648, -0.8782742554570543, -0.8782744681326843, -0.8782747153269116, -0.8782750026432785, -0.8782753365953091, -0.8782757247544031, -0.8782761759218032, -0.8782767003285822, -0.8782773098682166, -0.8782780183670978, -0.8782788418991985, -0.8782797991521472, -0.8782809118531846, -0.8782822052648759, -0.8782837087621252, -0.8782854565039883, -0.8782874882160759, -0.8782898501020425, -0.878292595905864, -0.8782957881503757, -0.8782994995820487, -0.8783038148573337, -0.8783088325122733, -0.8783146672647776, -0.878321452708156, -0.8783293444656883, -0.8783385238895817, -0.8783492024042551, -0.8783616266143107, -0.8783760843228264, -0.8783929116370941, -0.8784125013784764, -0.8784353130631088, -0.8784618847840179, -0.8784928474073757, -0.8785289416022668, -0.8785710383631348, -0.8786201638689904, -0.8786775297707398, -0.8787445703320085, -0.8788229883052429, -0.878914812055873, -0.8790224673307754, -0.8791488683209473, -0.8792975344733918, -0.8794727421474089, -0.8796797241391625, -0.8799249360556303, -0.8802164177427151, -0.8805642925885189, -0.8809814712936569, -0.8814846665088284, -0.8820958936639831, -0.8828447573045299, -0.8837720554632328, -0.8849356969843775, -0.8864209039363803, -0.8883589084854105, -0.8909640407546033, -0.8946157910248798, -0.9000722864689321, -0.9091840872019684, -0.9283910962626323, -1.0]'
