c = [1.0, 0.9283910962654741, 0.90918408720646, 0.9000722864747509, 0.8946157910318976, 0.8909640407627467, 0.8883589084946231, 0.8864209039466105, 0.884935696995577, 0.8837720554753536, 0.8828447573175253, 0.8820958936778053, 0.88148466652343, 0.8809814713089918, 0.8805642926045412, 0.8802164177593804, 0.8799249360728947, 0.8796797241569836, 0.8794727421657456, 0.8792975344922052, 0.8791488683401999, 0.8790224673504319, 0.8789148120759, 0.8788229883256089, 0.8787445703526845, 0.8786775297916976, 0.8786201638902043, 0.8785710383845817, 0.8785289416239245, 0.8784928474292231, 0.8784618848060376, 0.8784353130852823, 0.8784125014007895, 0.8783929116595325, 0.8783760843453766, 0.8783616266369614, 0.8783492024269961, 0.878338523912403, 0.8783293444885811, 0.8783214527311121, 0.878314667287791, 0.8783088325353375, 0.8783038148804426, 0.8782994996051974, 0.8782957881735598, 0.8782925959290802, 0.8782898501252859, 0.8782874882393436, 0.8782854565272779, 0.8782837087854339, 0.878282205288202, 0.8782809118765258, 0.8782797991755013, 0.8782788419225644, 0.8782780183904741, 0.8782773098916019, 0.878276700351975, 0.8782761759452035, 0.8782757247778091, 0.8782753366187215, 0.8782750026666953, 0.8782747153503324, 0.8782744681561084, 0.8782742554804814, 0.878274072502695, 0.8782739150753801, 0.878273779630458, 0.878273663098201, 0.8782735628376073, 0.8782734765765114, 0.8782734023600616, 0.8782733385063992, 0.8782732835685285, 0.8782732363015159, 0.8782731956342692, 0.8782731606452627, 0.8782731305416465, 0.878273104641281, 0.8782730823572747, 0.8782730631846849, 0.8782730466890737, 0.8782730324966643, 0.8782730202858698, 0.8782730097800051, 0.8782730007410187, 0.8782729929640974, 0.8782729862730245, 0.8782729805161889, 0.8782729755631477, 0.8782729713016718, 0.8782729676352012, 0.8782729644806583, 0.8782729617665662, 0.8782729594314267, 0.8782729574223286, 0.8782729556937496, 0.8782729542065217, 0.8782729529269464, 0.8782729518260306, 0.8782729508788295, 0.87827295006388, 0.878272949362717, 0.8782729487594534, 0.8782729482404202, 0.8782729477938563, 0.8782729474096418, 0.8782729470790657, 0.8782729467946018, 0.8782729465495932, 0.8782729463372606, 0.8782729461456251, 0.8782729459284976, 0.8782729454366601, 0.8782729432327582, 0.8782729309406624, 0.8782728596736782, 0.8782724440433518, 0.8782700179693537, 0.8782558550215285, 0.8781731762790057, 0.8776906373414977, 0.874878279170518, 0.8586183675851948, 0.7688206975497589, 0.37698937043031, -0.3769893704303837, -0.7688206975497799, -0.8586183675851989, -0.8748782791705192, -0.8776906373414975, -0.8781731762790054, -0.8782558550215284, -0.8782700179693534, -0.8782724440433517, -0.8782728596736777, -0.8782729309406616, -0.8782729432327577, -0.8782729454366598, -0.8782729459284982, -0.878272946145626, -0.8782729463372624, -0.8782729465495952, -0.8782729467946035, -0.8782729470790676, -0.8782729474096429, -0.8782729477938567, -0.87827294824042, -0.8782729487594533, -0.8782729493627173, -0.8782729500638802, -0.8782729508788295, -0.8782729518260305, -0.8782729529269465, -0.878272954206522, -0.8782729556937494, -0.8782729574223288, -0.8782729594314268, -0.8782729617665658, -0.8782729644806578, -0.8782729676352005, -0.8782729713016714, -0.8782729755631474, -0.878272980516189, -0.8782729862730247, -0.8782729929640974, -0.8782730007410189, -0.8782730097800051, -0.8782730202858694, -0.8782730324966644, -0.8782730466890735, -0.8782730631846847, -0.8782730823572744, -0.8782731046412809, -0.8782731305416461, -0.8782731606452624, -0.8782731956342692, -0.8782732363015157, -0.8782732835685284, -0.8782733385063998, -0.8782734023600621, -0.8782734765765117, -0.8782735628376078, -0.8782736630982013, -0.8782737796304584, -0.8782739150753801, -0.878274072502695, -0.8782742554804811, -0.8782744681561087, -0.8782747153503322, -0.8782750026666951, -0.8782753366187213, -0.878275724777809, -0.8782761759452031, -0.8782767003519751, -0.8782773098916018, -0.8782780183904745, -0.8782788419225646, -0.8782797991755013, -0.8782809118765257, -0.8782822052882018, -0.8782837087854337, -0.8782854565272782, -0.8782874882393438, -0.8782898501252862, -0.8782925959290797, -0.8782957881735597, -0.8782994996051978, -0.8783038148804427, -0.8783088325353373, -0.8783146672877912, -0.8783214527311126, -0.8783293444885806, -0.8783385239124027, -0.8783492024269959, -0.8783616266369616, -0.8783760843453767, -0.8783929116595326, -0.8784125014007892, -0.8784353130852824, -0.8784618848060373, -0.8784928474292228, -0.8785289416239241, -0.8785710383845816, -0.8786201638902047, -0.878677529791698, -0.8787445703526846, -0.8788229883256091, -0.8789148120759003, -0.8790224673504318, -0.8791488683401997, -0.8792975344922055, -0.8794727421657458, -0.8796797241569833, -0.8799249360728945, -0.88021641775938, -0.880564292604541, -0.8809814713089918, -0.8814846665234302, -0.8820958936778048, -0.8828447573175251, -0.8837720554753538, -0.884935696995577, -0.8864209039466103, -0.8883589084946231, -0.8909640407627469, -0.8946157910318977, -0.9000722864747509, -0.9091840872064608, -0.9283910962654742, -1.0]'
