c = [1.0, 0.928391096266379, 0.9091840872080175, 0.9000722864768663, 0.8946157910345229, 0.8909640407658486, 0.8883589084981749, 0.886420903950589, 0.8849356969999603, 0.883772055480121, 0.8828447573226551, 0.8820958936832777, 0.8814846665292254, 0.8809814713150899, 0.8805642926109226, 0.8802164177660265, 0.8799249360797871, 0.8796797241641043, 0.8794727421730781, 0.8792975344997331, 0.8791488683479077, 0.8790224673583049, 0.8789148120839249, 0.878822988333772, 0.8787445703609738, 0.8786775298001024, 0.8786201638987139, 0.8785710383931856, 0.8785289416326143, 0.8784928474379902, 0.8784618848148747, 0.8784353130941825, 0.8784125014097458, 0.8783929116685398, 0.87837608435443, 0.8783616266460549, 0.8783492024361262, 0.8783385239215653, 0.8783293444977726, 0.8783214527403299, 0.878314667297032, 0.8783088325445986, 0.878303814889722, 0.8782994996144933, 0.8782957881828697, 0.8782925959384026, 0.8782898501346198, 0.8782874882486875, 0.8782854565366309, 0.8782837087947947, 0.8782822052975694, 0.8782809118858991, 0.8782797991848801, 0.8782788419319482, 0.8782780183998619, 0.8782773099009935, 0.8782767003613698, 0.878276175954601, 0.8782757247872094, 0.8782753366281235, 0.878275002676099, 0.878274715359738, 0.8782744681655157, 0.8782742554898899, 0.8782740725121044, 0.8782739150847906, 0.8782737796398694, 0.8782736631076131, 0.8782735628470201, 0.8782734765859249, 0.8782734023694759, 0.8782733385158139, 0.8782732835779433, 0.878273236310931, 0.8782731956436847, 0.8782731606546783, 0.8782731305510625, 0.8782731046506973, 0.8782730823666911, 0.878273063194101, 0.8782730466984903, 0.8782730325060811, 0.8782730202952865, 0.8782730097894224, 0.8782730007504359, 0.8782729929735144, 0.8782729862824415, 0.8782729805256061, 0.8782729755725653, 0.878272971311089, 0.8782729676446186, 0.8782729644900759, 0.8782729617759832, 0.878272959440844, 0.8782729574317464, 0.8782729557031672, 0.8782729542159389, 0.8782729529363641, 0.8782729518354483, 0.8782729508882468, 0.8782729500732974, 0.8782729493721347, 0.8782729487688713, 0.8782729482498374, 0.8782729478032731, 0.8782729474190587, 0.8782729470884826, 0.8782729468040178, 0.8782729465590087, 0.8782729463692623, 0.8782729462370777, 0.8782729460792696, 0.8782729458727214, 0.8782729453899858, 0.8782729431939152, 0.8782729309085578, 0.8782728596473715, 0.878272444022033, 0.8782700179523262, 0.8782558550081928, 0.8781731762688458, 0.8776906373340632, 0.8748782791654202, 0.8586183675819562, 0.7688206975492287, 0.37698937042776237, -0.3769893704278358, -0.7688206975492493, -0.8586183675819602, -0.874878279165421, -0.877690637334063, -0.8781731762688453, -0.8782558550081927, -0.878270017952326, -0.8782724440220332, -0.878272859647371, -0.878272930908558, -0.8782729431939152, -0.878272945389986, -0.8782729458727218, -0.8782729460792699, -0.87827294625861, -0.8782729464318063, -0.8782729465840358, -0.8782729468040187, -0.8782729470884832, -0.8782729474190594, -0.8782729478032736, -0.8782729482498374, -0.8782729487688705, -0.8782729493721346, -0.8782729500732976, -0.8782729508882465, -0.8782729518354481, -0.8782729529363641, -0.878272954215939, -0.8782729557031667, -0.8782729574317462, -0.8782729594408439, -0.8782729617759831, -0.8782729644900753, -0.8782729676446182, -0.878272971311089, -0.8782729755725649, -0.8782729805256062, -0.8782729862824417, -0.8782729929735145, -0.8782730007504359, -0.8782730097894222, -0.8782730202952864, -0.8782730325060811, -0.8782730466984902, -0.878273063194101, -0.8782730823666909, -0.8782731046506971, -0.8782731305510623, -0.8782731606546785, -0.8782731956436848, -0.8782732363109308, -0.8782732835779437, -0.8782733385158142, -0.8782734023694764, -0.8782734765859253, -0.8782735628470206, -0.8782736631076132, -0.8782737796398699, -0.8782739150847907, -0.8782740725121044, -0.8782742554898898, -0.8782744681655154, -0.8782747153597378, -0.8782750026760989, -0.8782753366281232, -0.8782757247872091, -0.8782761759546006, -0.8782767003613696, -0.8782773099009933, -0.8782780183998621, -0.8782788419319479, -0.8782797991848802, -0.8782809118858991, -0.8782822052975693, -0.8782837087947946, -0.8782854565366306, -0.8782874882486879, -0.8782898501346204, -0.8782925959384025, -0.8782957881828698, -0.8782994996144934, -0.8783038148897218, -0.8783088325445986, -0.8783146672970319, -0.8783214527403301, -0.8783293444977723, -0.8783385239215656, -0.8783492024361259, -0.8783616266460549, -0.8783760843544297, -0.8783929116685398, -0.8784125014097458, -0.8784353130941825, -0.8784618848148742, -0.8784928474379904, -0.878528941632614, -0.8785710383931856, -0.8786201638987136, -0.8786775298001024, -0.878744570360974, -0.8788229883337724, -0.8789148120839251, -0.8790224673583049, -0.8791488683479076, -0.8792975344997331, -0.8794727421730779, -0.8796797241641042, -0.8799249360797868, -0.880216417766026, -0.8805642926109222, -0.8809814713150896, -0.8814846665292254, -0.8820958936832773, -0.8828447573226551, -0.8837720554801209, -0.8849356969999603, -0.886420903950589, -0.888358908498175, -0.8909640407658486, -0.8946157910345228, -0.9000722864768664, -0.9091840872080178, -0.9283910962663791, -1.0]'
