c = [1.0, 0.9283910962696525, 0.909184087213166, 0.9000722864835147, 0.8946157910425248, 0.89096404077512, 0.8883589085086516, 0.886420903962214, 0.8849356970126779, 0.8837720554938779, 0.8828447573373983, 0.8820958936989536, 0.8814846665457812, 0.8809814713324736, 0.8805642926290821, 0.8802164177849112, 0.8799249360993485, 0.8796797241842944, 0.8794727421938506, 0.8792975345210442, 0.8791488683697152, 0.8790224673805687, 0.878914812106607, 0.8788229883568377, 0.8787445703843892, 0.8786775298238361, 0.8786201639227373, 0.8785710384174714, 0.8785289416571381, 0.8784928474627292, 0.8784618848398074, 0.8784353131192909, 0.878412501435012, 0.878392911693947, 0.878376084379964, 0.8783616266717024, 0.878349202461875, 0.8783385239474056, 0.8783293445236936, 0.8783214527663229, 0.8783146673230893, 0.8783088325707135, 0.8783038149158872, 0.8782994996407036, 0.8782957882091202, 0.8782925959646888, 0.8782898501609379, 0.8782874882750333, 0.878285456563001, 0.8782837088211867, 0.8782822053239802, 0.8782809119123272, 0.878279799211323, 0.8782788419584044, 0.8782780184263298, 0.8782773099274716, 0.8782767003878573, 0.878276175981096, 0.8782757248137111, 0.8782753366546314, 0.8782750027026124, 0.8782747153862561, 0.878274468192038, 0.8782742555164158, 0.8782740725386334, 0.8782739151113224, 0.8782737796664037, 0.8782736631341498, 0.878273562873559, 0.8782734766124656, 0.8782734023960177, 0.8782733385423571, 0.8782732836044875, 0.878273236337476, 0.8782731956702308, 0.8782731606812252, 0.8782731305776097, 0.8782731046772446, 0.878273082393239, 0.8782730632206495, 0.8782730467250391, 0.8782730325326308, 0.8782730203218363, 0.8782730098159718, 0.8782730007769858, 0.8782729930000647, 0.8782729863089923, 0.8782729805521566, 0.8782729755991161, 0.8782729713376399, 0.8782729676711689, 0.8782729645166266, 0.8782729618025344, 0.8782729594673951, 0.8782729574582974, 0.8782729557297186, 0.8782729542424905, 0.8782729529629152, 0.8782729518619996, 0.8782729509147985, 0.8782729500998493, 0.878272949398686, 0.8782729487954222, 0.8782729482763891, 0.8782729478298269, 0.8782729474456206, 0.8782729471150729, 0.8782729468307037, 0.8782729465860691, 0.8782729463755801, 0.8782729461942298, 0.8782729460366511, 0.8782729458920895, 0.8782729457154285, 0.8782729452583825, 0.8782729430844014, 0.8782729308180437, 0.8782728595732024, 0.8782724439619275, 0.8782700179043195, 0.8782558549705952, 0.8781731762401991, 0.8776906373131005, 0.8748782791509813, 0.8586183675728709, 0.768820697542843, 0.37698937042617586, -0.37698937042624703, -0.7688206975428628, -0.8586183675728747, -0.874878279150982, -0.8776906373131008, -0.8781731762401995, -0.8782558549705952, -0.8782700179043199, -0.8782724439619274, -0.8782728595732028, -0.8782729308180441, -0.8782729430844032, -0.8782729452583907, -0.8782729457154522, -0.8782729458921428, -0.8782729460367454, -0.8782729461943645, -0.8782729463757339, -0.8782729465862092, -0.8782729468308048, -0.8782729471151299, -0.8782729474456459, -0.8782729478298356, -0.8782729482763911, -0.8782729487954227, -0.8782729493986865, -0.8782729500998488, -0.878272950914798, -0.8782729518619995, -0.878272952962915, -0.8782729542424901, -0.8782729557297182, -0.8782729574582978, -0.8782729594673954, -0.8782729618025344, -0.8782729645166265, -0.8782729676711688, -0.8782729713376397, -0.8782729755991157, -0.8782729805521567, -0.8782729863089918, -0.8782729930000646, -0.8782730007769856, -0.8782730098159719, -0.8782730203218362, -0.8782730325326306, -0.8782730467250393, -0.8782730632206502, -0.8782730823932393, -0.8782731046772451, -0.87827313057761, -0.8782731606812252, -0.8782731956702308, -0.8782732363374759, -0.8782732836044875, -0.8782733385423566, -0.8782734023960179, -0.8782734766124655, -0.8782735628735593, -0.8782736631341501, -0.8782737796664039, -0.8782739151113227, -0.8782740725386338, -0.878274255516416, -0.8782744681920382, -0.8782747153862561, -0.8782750027026125, -0.8782753366546315, -0.8782757248137112, -0.8782761759810954, -0.878276700387857, -0.8782773099274714, -0.8782780184263301, -0.8782788419584042, -0.878279799211323, -0.8782809119123274, -0.8782822053239807, -0.8782837088211866, -0.8782854565630012, -0.8782874882750336, -0.8782898501609379, -0.878292595964689, -0.8782957882091208, -0.8782994996407042, -0.8783038149158875, -0.8783088325707135, -0.8783146673230892, -0.878321452766323, -0.8783293445236935, -0.8783385239474054, -0.8783492024618751, -0.8783616266717026, -0.8783760843799638, -0.8783929116939473, -0.878412501435012, -0.8784353131192909, -0.8784618848398078, -0.8784928474627294, -0.8785289416571378, -0.8785710384174719, -0.8786201639227372, -0.878677529823836, -0.8787445703843889, -0.8788229883568376, -0.8789148121066069, -0.8790224673805688, -0.8791488683697152, -0.879297534521044, -0.8794727421938504, -0.8796797241842943, -0.8799249360993484, -0.880216417784911, -0.8805642926290822, -0.8809814713324734, -0.8814846665457817, -0.8820958936989538, -0.8828447573373989, -0.883772055493878, -0.8849356970126779, -0.8864209039622136, -0.8883589085086517, -0.8909640407751204, -0.8946157910425246, -0.9000722864835147, -0.9091840872131661, -0.9283910962696529, -1.0]'
