c = [1.0, 0.9283910962711429, 0.9091840872155948, 0.9000722864867181, 0.8946157910464306, 0.8909640407796838, 0.8883589085138374, 0.8864209039679911, 0.8849356970190178, 0.883772055500752, 0.8828447573447781, 0.8820958937068116, 0.8814846665540895, 0.8809814713412049, 0.8805642926382103, 0.8802164177944103, 0.8799249361091925, 0.8796797241944591, 0.8794727422043127, 0.8792975345317804, 0.8791488683807043, 0.8790224673917908, 0.8789148121180426, 0.8788229883684677, 0.8787445703961972, 0.8786775298358057, 0.8786201639348545, 0.8785710384297223, 0.8785289416695096, 0.8784928474752106, 0.8784618848523877, 0.8784353131319594, 0.8784125014477607, 0.8783929117067673, 0.8783760843928483, 0.8783616266846451, 0.8783492024748694, 0.8783385239604452, 0.8783293445367742, 0.8783214527794406, 0.8783146673362393, 0.8783088325838926, 0.8783038149290922, 0.8782994996539317, 0.8782957882223688, 0.8782925959779551, 0.8782898501742197, 0.8782874882883294, 0.8782854565763095, 0.8782837088345063, 0.8782822053373096, 0.8782809119256654, 0.8782797992246688, 0.8782788419717569, 0.8782780184396883, 0.8782773099408349, 0.878276700401225, 0.878276175994468, 0.8782757248270867, 0.87827533666801, 0.8782750027159938, 0.8782747153996399, 0.8782744682054237, 0.8782742555298034, 0.8782740725520227, 0.8782739151247132, 0.8782737796797959, 0.8782736631475432, 0.8782735628869527, 0.8782734766258601, 0.878273402409413, 0.878273338555753, 0.8782732836178841, 0.8782732363508732, 0.878273195683628, 0.8782731606946225, 0.878273130591008, 0.8782731046906431, 0.8782730824066376, 0.878273063234049, 0.8782730467384383, 0.8782730325460296, 0.8782730203352356, 0.8782730098293718, 0.8782730007903858, 0.8782729930134644, 0.8782729863223923, 0.8782729805655569, 0.8782729756125156, 0.8782729713510398, 0.8782729676845693, 0.8782729645300268, 0.8782729618159344, 0.8782729594807955, 0.878272957471698, 0.8782729557431186, 0.8782729542558907, 0.8782729529763158, 0.8782729518754002, 0.8782729509281986, 0.8782729501132492, 0.8782729494120863, 0.8782729488088228, 0.8782729482897893, 0.8782729478432255, 0.878272947459014, 0.8782729471284484, 0.8782729468440379, 0.87827294659936, 0.8782729463890623, 0.8782729462088773, 0.8782729460548221, 0.8782729459212698, 0.8782729457965903, 0.8782729456358823, 0.8782729451919612, 0.8782729430291332, 0.8782729307723615, 0.8782728595357695, 0.8782724439315918, 0.8782700178800903, 0.8782558549516195, 0.8781731762257412, 0.8776906373025222, 0.8748782791437156, 0.8586183675683386, 0.76882069754044, 0.37698937042472624, -0.3769893704247974, -0.7688206975404596, -0.8586183675683423, -0.8748782791437157, -0.8776906373025221, -0.8781731762257411, -0.8782558549516195, -0.8782700178800908, -0.8782724439315919, -0.8782728595357698, -0.8782729307723616, -0.8782729430291333, -0.8782729451919786, -0.8782729456360775, -0.8782729457975149, -0.8782729459235843, -0.878272946058112, -0.8782729462115694, -0.8782729463903157, -0.8782729465996725, -0.8782729468440746, -0.8782729471284527, -0.8782729474590166, -0.8782729478432268, -0.8782729482897895, -0.8782729488088228, -0.8782729494120864, -0.8782729501132488, -0.8782729509281983, -0.8782729518754003, -0.8782729529763158, -0.8782729542558908, -0.8782729557431186, -0.8782729574716974, -0.8782729594807953, -0.8782729618159346, -0.8782729645300269, -0.8782729676845692, -0.8782729713510399, -0.8782729756125156, -0.8782729805655565, -0.8782729863223918, -0.8782729930134645, -0.8782730007903856, -0.8782730098293721, -0.8782730203352361, -0.87827303254603, -0.8782730467384391, -0.8782730632340493, -0.8782730824066383, -0.8782731046906436, -0.8782731305910081, -0.8782731606946226, -0.8782731956836285, -0.8782732363508732, -0.8782732836178843, -0.878273338555753, -0.8782734024094129, -0.87827347662586, -0.8782735628869529, -0.8782736631475428, -0.8782737796797959, -0.8782739151247133, -0.8782740725520228, -0.8782742555298038, -0.8782744682054239, -0.8782747153996394, -0.8782750027159938, -0.8782753366680098, -0.8782757248270867, -0.8782761759944675, -0.8782767004012246, -0.8782773099408349, -0.8782780184396884, -0.8782788419717565, -0.8782797992246689, -0.8782809119256654, -0.8782822053373096, -0.8782837088345061, -0.8782854565763099, -0.8782874882883298, -0.87828985017422, -0.8782925959779553, -0.8782957882223686, -0.8782994996539317, -0.8783038149290925, -0.8783088325838927, -0.8783146673362396, -0.8783214527794408, -0.8783293445367745, -0.8783385239604456, -0.8783492024748691, -0.8783616266846448, -0.8783760843928483, -0.8783929117067674, -0.8784125014477601, -0.8784353131319599, -0.878461884852388, -0.8784928474752106, -0.8785289416695098, -0.8785710384297224, -0.8786201639348541, -0.8786775298358058, -0.878744570396197, -0.8788229883684677, -0.878914812118042, -0.8790224673917907, -0.8791488683807047, -0.8792975345317805, -0.8794727422043128, -0.8796797241944595, -0.8799249361091931, -0.8802164177944105, -0.880564292638211, -0.8809814713412051, -0.8814846665540896, -0.8820958937068113, -0.8828447573447781, -0.8837720555007521, -0.8849356970190181, -0.8864209039679916, -0.888358908513838, -0.8909640407796836, -0.8946157910464304, -0.9000722864867183, -0.9091840872155948, -0.9283910962711429, -1.0]'
