c = [1.0, 0.9283910962727882, 0.9091840872181799, 0.9000722864900551, 0.8946157910504458, 0.8909640407843363, 0.8883589085190957, 0.8864209039738267, 0.8849356970254028, 0.8837720555076597, 0.8828447573521813, 0.8820958937146836, 0.8814846665624042, 0.880981471349936, 0.8805642926473317, 0.8802164178038964, 0.879924936119019, 0.8796797242046014, 0.8794727422147477, 0.8792975345424866, 0.8791488683916603, 0.8790224674029754, 0.8789148121294377, 0.8788229883800551, 0.8787445704079607, 0.8786775298477294, 0.8786201639469234, 0.878571038441924, 0.8785289416818313, 0.8784928474876398, 0.8784618848649148, 0.8784353131445745, 0.8784125014604544, 0.8783929117195328, 0.8783760844056776, 0.8783616266975306, 0.8783492024878059, 0.8783385239734279, 0.8783293445497976, 0.8783214527925002, 0.8783146673493311, 0.8783088325970132, 0.8783038149422387, 0.8782994996671007, 0.8782957882355578, 0.8782925959911619, 0.8782898501874423, 0.8782874883015663, 0.8782854565895587, 0.8782837088477664, 0.8782822053505793, 0.8782809119389438, 0.878279799237955, 0.8782788419850492, 0.8782780184529863, 0.878277309954138, 0.8782767004145329, 0.8782761760077796, 0.8782757248404018, 0.8782753366813282, 0.8782750027293147, 0.878274715412963, 0.878274468218749, 0.8782742555431308, 0.8782740725653521, 0.878273915138044, 0.8782737796931275, 0.8782736631608756, 0.8782735629002866, 0.8782734766391946, 0.8782734024227485, 0.8782733385690892, 0.8782732836312207, 0.8782732363642098, 0.8782731956969656, 0.8782731607079604, 0.878273130604346, 0.8782731047039821, 0.8782730824199766, 0.8782730632473876, 0.8782730467517773, 0.8782730325593692, 0.8782730203485755, 0.8782730098427113, 0.8782730008037257, 0.8782729930268043, 0.8782729863357316, 0.8782729805788966, 0.8782729756258557, 0.8782729713643799, 0.8782729676979091, 0.878272964543367, 0.8782729618292746, 0.8782729594941352, 0.8782729574850376, 0.8782729557564588, 0.8782729542692312, 0.8782729529896556, 0.8782729518887397, 0.8782729509415386, 0.8782729501265892, 0.8782729494254264, 0.8782729488221629, 0.8782729483031295, 0.878272947856566, 0.878272947472353, 0.8782729471417852, 0.8782729468573723, 0.8782729466126702, 0.8782729464021334, 0.878272946220985, 0.878272946065084, 0.8782729459306877, 0.8782729458135233, 0.8782729457037687, 0.8782729455570892, 0.8782729451258641, 0.8782729429741118, 0.878272930726885, 0.8782728594985052, 0.8782724439013929, 0.878270017855971, 0.8782558549327297, 0.8781731762113482, 0.8776906372919862, 0.8748782791364476, 0.8586183675636899, 0.7688206975376575, 0.37698937042310776, -0.3769893704231724, -0.7688206975376751, -0.8586183675636927, -0.8748782791364476, -0.8776906372919858, -0.8781731762113477, -0.8782558549327291, -0.8782700178559705, -0.8782724439013929, -0.8782728594985049, -0.8782729307268846, -0.8782729429741118, -0.8782729451258643, -0.8782729455570893, -0.8782729457037681, -0.8782729458135231, -0.8782729459306875, -0.8782729460650833, -0.8782729462209845, -0.8782729464021335, -0.87827294661267, -0.8782729468573718, -0.8782729471417845, -0.8782729474723521, -0.878272947856565, -0.8782729483031293, -0.8782729488221631, -0.8782729494254268, -0.8782729501265895, -0.8782729509415386, -0.8782729518887399, -0.8782729529896558, -0.8782729542692308, -0.8782729557564588, -0.8782729574850376, -0.8782729594941354, -0.8782729618292743, -0.8782729645433666, -0.8782729676979091, -0.8782729713643798, -0.8782729756258555, -0.8782729805788967, -0.8782729863357317, -0.8782729930268043, -0.8782730008037256, -0.8782730098427116, -0.8782730203485754, -0.8782730325593691, -0.8782730467517776, -0.8782730632473874, -0.8782730824199767, -0.8782731047039818, -0.8782731306043462, -0.8782731607079606, -0.8782731956969653, -0.8782732363642098, -0.8782732836312206, -0.8782733385690888, -0.8782734024227485, -0.8782734766391946, -0.8782735629002864, -0.8782736631608759, -0.8782737796931277, -0.8782739151380434, -0.8782740725653521, -0.878274255543131, -0.8782744682187495, -0.8782747154129631, -0.8782750027293147, -0.8782753366813284, -0.8782757248404022, -0.8782761760077794, -0.8782767004145328, -0.8782773099541383, -0.878278018452986, -0.8782788419850488, -0.8782797992379549, -0.8782809119389436, -0.8782822053505794, -0.8782837088477665, -0.8782854565895587, -0.878287488301566, -0.8782898501874427, -0.878292595991162, -0.8782957882355579, -0.8782994996671009, -0.8783038149422389, -0.8783088325970136, -0.8783146673493316, -0.8783214527925002, -0.8783293445497977, -0.8783385239734279, -0.8783492024878059, -0.8783616266975312, -0.8783760844056775, -0.8783929117195325, -0.8784125014604542, -0.8784353131445746, -0.8784618848649145, -0.8784928474876401, -0.8785289416818314, -0.8785710384419242, -0.8786201639469235, -0.8786775298477298, -0.8787445704079607, -0.8788229883800552, -0.8789148121294376, -0.8790224674029756, -0.8791488683916603, -0.8792975345424867, -0.8794727422147481, -0.8796797242046013, -0.8799249361190187, -0.8802164178038961, -0.8805642926473318, -0.8809814713499361, -0.8814846665624045, -0.8820958937146839, -0.8828447573521818, -0.8837720555076591, -0.8849356970254025, -0.8864209039738263, -0.8883589085190957, -0.8909640407843364, -0.8946157910504461, -0.9000722864900547, -0.9091840872181799, -0.9283910962727885, -1.0]'
