c = [1.0, 0.9283910962739975, 0.9091840872201268, 0.9000722864926054, 0.8946157910535426, 0.8909640407879451, 0.8883589085231893, 0.8864209039783815, 0.884935697030396, 0.883772055513069, 0.8828447573579858, 0.8820958937208615, 0.8814846665689342, 0.8809814713567965, 0.8805642926545026, 0.8802164178113566, 0.8799249361267489, 0.8796797242125826, 0.8794727422229615, 0.8792975345509146, 0.8791488684002862, 0.8790224674117829, 0.8789148121384122, 0.8788229883891822, 0.8787445704172265, 0.8786775298571228, 0.8786201639564324, 0.8785710384515372, 0.8785289416915391, 0.8784928474974332, 0.878461884874785, 0.8784353131545148, 0.8784125014704572, 0.8783929117295912, 0.8783760844157865, 0.8783616267076851, 0.8783492024980005, 0.8783385239836586, 0.8783293445600604, 0.8783214528027918, 0.878314667359649, 0.8783088326073536, 0.8783038149525988, 0.8782994996774789, 0.8782957882459517, 0.8782925960015703, 0.878289850197863, 0.878287488311998, 0.8782854566000001, 0.8782837088582165, 0.8782822053610374, 0.8782809119494082, 0.8782797992484248, 0.8782788419955246, 0.8782780184634663, 0.8782773099646222, 0.8782767004250203, 0.8782761760182702, 0.8782757248508953, 0.8782753366918242, 0.8782750027398127, 0.8782747154234632, 0.8782744682292511, 0.8782742555536344, 0.8782740725758563, 0.8782739151485495, 0.8782737797036341, 0.878273663171383, 0.8782735629107947, 0.8782734766497038, 0.8782734024332577, 0.8782733385795986, 0.8782732836417309, 0.8782732363747204, 0.8782731957074764, 0.8782731607184721, 0.8782731306148577, 0.8782731047144934, 0.8782730824304885, 0.8782730632578999, 0.8782730467622902, 0.8782730325698815, 0.8782730203590879, 0.8782730098532241, 0.878273000814238, 0.878272993037317, 0.8782729863462445, 0.8782729805894094, 0.8782729756363684, 0.878272971374893, 0.8782729677084224, 0.8782729645538798, 0.8782729618397878, 0.8782729595046488, 0.8782729574955515, 0.8782729557669718, 0.8782729542797438, 0.8782729530001689, 0.8782729518992534, 0.8782729509520519, 0.8782729501371028, 0.8782729494359401, 0.8782729488326767, 0.8782729483136431, 0.8782729478670792, 0.8782729474828659, 0.878272947152298, 0.8782729468678856, 0.8782729466231846, 0.8782729464126525, 0.8782729462315295, 0.8782729460757283, 0.8782729459417044, 0.8782729458261971, 0.8782729457253031, 0.8782729456295024, 0.8782729454947571, 0.8782729450737424, 0.8782729429307465, 0.8782729306910447, 0.8782728594691374, 0.8782724438775934, 0.878270017836962, 0.8782558549178423, 0.8781731762000055, 0.8776906372836871, 0.8748782791307395, 0.8586183675601099, 0.768820697535559, 0.37698937042229774, -0.3769893704223629, -0.7688206975355774, -0.8586183675601128, -0.87487827913074, -0.8776906372836868, -0.8781731762000052, -0.8782558549178416, -0.8782700178369615, -0.8782724438775933, -0.8782728594691374, -0.8782729306910451, -0.8782729429307491, -0.8782729450737555, -0.8782729454948035, -0.8782729456296157, -0.8782729457255015, -0.8782729458264485, -0.8782729459419344, -0.8782729460758806, -0.8782729462316012, -0.8782729464126757, -0.878272946623189, -0.8782729468678862, -0.8782729471522984, -0.878272947482866, -0.8782729478670789, -0.8782729483136427, -0.878272948832676, -0.8782729494359398, -0.8782729501371028, -0.8782729509520522, -0.8782729518992534, -0.878272953000169, -0.8782729542797438, -0.8782729557669717, -0.878272957495551, -0.8782729595046487, -0.8782729618397876, -0.8782729645538804, -0.8782729677084224, -0.878272971374893, -0.8782729756363692, -0.87827298058941, -0.8782729863462451, -0.8782729930373171, -0.8782730008142381, -0.8782730098532237, -0.8782730203590879, -0.8782730325698815, -0.87827304676229, -0.8782730632578998, -0.8782730824304882, -0.8782731047144933, -0.8782731306148575, -0.8782731607184716, -0.8782731957074764, -0.8782732363747205, -0.8782732836417305, -0.8782733385795987, -0.8782734024332575, -0.878273476649703, -0.8782735629107945, -0.8782736631713828, -0.878273779703634, -0.8782739151485489, -0.8782740725758559, -0.8782742555536343, -0.8782744682292514, -0.8782747154234631, -0.8782750027398131, -0.8782753366918247, -0.8782757248508953, -0.8782761760182701, -0.8782767004250206, -0.8782773099646224, -0.8782780184634662, -0.8782788419955244, -0.8782797992484247, -0.8782809119494074, -0.8782822053610371, -0.878283708858216, -0.8782854566000001, -0.8782874883119979, -0.8782898501978633, -0.8782925960015707, -0.8782957882459522, -0.878299499677479, -0.878303814952599, -0.8783088326073534, -0.8783146673596487, -0.8783214528027923, -0.8783293445600612, -0.8783385239836589, -0.8783492024980005, -0.878361626707685, -0.8783760844157863, -0.8783929117295914, -0.8784125014704572, -0.8784353131545145, -0.8784618848747848, -0.8784928474974333, -0.8785289416915388, -0.8785710384515368, -0.878620163956432, -0.878677529857123, -0.8787445704172272, -0.8788229883891827, -0.8789148121384122, -0.8790224674117829, -0.8791488684002855, -0.8792975345509142, -0.8794727422229611, -0.8796797242125824, -0.879924936126749, -0.8802164178113568, -0.8805642926545028, -0.8809814713567965, -0.881484666568934, -0.8820958937208613, -0.8828447573579858, -0.8837720555130691, -0.8849356970303961, -0.886420903978381, -0.8883589085231892, -0.890964040787945, -0.8946157910535429, -0.9000722864926054, -0.9091840872201269, -0.9283910962739971, -1.0]'
