c = [1.0, 0.9283910962750467, 0.9091840872218129, 0.9000722864948105, 0.8946157910562175, 0.8909640407910602, 0.8883589085267216, 0.8864209039823103, 0.8849356970347029, 0.8837720555177347, 0.8828447573629916, 0.8820958937261885, 0.8814846665745645, 0.8809814713627115, 0.8805642926606845, 0.8802164178177886, 0.8799249361334137, 0.8796797242194628, 0.879472742230042, 0.8792975345581797, 0.8791488684077221, 0.8790224674193755, 0.878914812146148, 0.8788229883970502, 0.8787445704252149, 0.8786775298652197, 0.8786201639646286, 0.8785710384598231, 0.8785289416999065, 0.878492847505875, 0.8784618848832937, 0.8784353131630827, 0.878412501479079, 0.8783929117382617, 0.8783760844245003, 0.8783616267164378, 0.8783492025067879, 0.8783385239924774, 0.8783293445689072, 0.8783214528116634, 0.878314667368542, 0.8783088326162661, 0.8783038149615288, 0.8782994996864245, 0.8782957882549111, 0.8782925960105419, 0.8782898502068454, 0.8782874883209898, 0.8782854566090007, 0.8782837088672242, 0.8782822053700512, 0.8782809119584278, 0.87827979925745, 0.8782788420045543, 0.8782780184725001, 0.8782773099736593, 0.8782767004340606, 0.8782761760273131, 0.8782757248599407, 0.8782753367008717, 0.8782750027488624, 0.8782747154325143, 0.8782744682383034, 0.8782742555626879, 0.878274072584911, 0.878273915157605, 0.8782737797126907, 0.8782736631804404, 0.8782735629198524, 0.8782734766587615, 0.8782734024423167, 0.8782733385886576, 0.8782732836507904, 0.8782732363837807, 0.8782731957165366, 0.878273160727532, 0.8782731306239181, 0.8782731047235545, 0.8782730824395498, 0.8782730632669609, 0.8782730467713513, 0.8782730325789431, 0.878273020368149, 0.8782730098622854, 0.8782730008232996, 0.8782729930463786, 0.8782729863553063, 0.8782729805984715, 0.8782729756454308, 0.8782729713839548, 0.8782729677174844, 0.8782729645629422, 0.8782729618488505, 0.8782729595137106, 0.878272957504613, 0.8782729557760339, 0.8782729542888061, 0.8782729530092311, 0.8782729519083154, 0.8782729509611145, 0.8782729501461655, 0.8782729494450028, 0.8782729488417389, 0.878272948322705, 0.8782729478761409, 0.8782729474919281, 0.8782729471613606, 0.878272946876948, 0.8782729466322464, 0.878272946421711, 0.878272946240575, 0.8782729460847466, 0.8782729459507307, 0.878272945835506, 0.8782729457362425, 0.878272945649349, 0.8782729455655499, 0.878272945441062, 0.878272945028827, 0.8782729428933697, 0.8782729306601516, 0.8782728594438228, 0.8782724438570789, 0.878270017820577, 0.8782558549050096, 0.8781731761902284, 0.8776906372765321, 0.8748782791258178, 0.8586183675570102, 0.7688206975338093, 0.37698937042132913, -0.3769893704213943, -0.7688206975338278, -0.8586183675570137, -0.874878279125818, -0.877690637276532, -0.8781731761902283, -0.8782558549050099, -0.8782700178205769, -0.8782724438570787, -0.8782728594438228, -0.878272930660152, -0.8782729428933719, -0.8782729450288422, -0.8782729454411283, -0.8782729455657361, -0.8782729456497012, -0.8782729457367006, -0.8782729458359162, -0.8782729459509828, -0.8782729460848514, -0.8782729462406038, -0.8782729464217167, -0.8782729466322473, -0.8782729468769482, -0.8782729471613603, -0.8782729474919281, -0.8782729478761409, -0.8782729483227051, -0.8782729488417386, -0.8782729494450023, -0.8782729501461648, -0.8782729509611142, -0.8782729519083156, -0.8782729530092314, -0.8782729542888064, -0.8782729557760346, -0.8782729575046135, -0.8782729595137109, -0.8782729618488505, -0.8782729645629425, -0.8782729677174849, -0.8782729713839551, -0.8782729756454309, -0.8782729805984713, -0.8782729863553067, -0.878272993046379, -0.8782730008233001, -0.8782730098622856, -0.8782730203681491, -0.8782730325789431, -0.8782730467713513, -0.8782730632669612, -0.8782730824395497, -0.8782731047235544, -0.878273130623918, -0.8782731607275326, -0.8782731957165366, -0.8782732363837802, -0.8782732836507903, -0.8782733385886577, -0.8782734024423166, -0.8782734766587613, -0.878273562919852, -0.8782736631804402, -0.8782737797126908, -0.8782739151576047, -0.878274072584911, -0.878274255562688, -0.8782744682383034, -0.878274715432514, -0.8782750027488626, -0.8782753367008722, -0.878275724859941, -0.8782761760273136, -0.8782767004340606, -0.878277309973659, -0.8782780184725001, -0.8782788420045541, -0.8782797992574499, -0.8782809119584276, -0.8782822053700515, -0.8782837088672243, -0.8782854566090006, -0.8782874883209898, -0.8782898502068456, -0.8782925960105417, -0.8782957882549112, -0.8782994996864248, -0.8783038149615296, -0.8783088326162662, -0.8783146673685419, -0.8783214528116633, -0.8783293445689072, -0.8783385239924777, -0.8783492025067885, -0.8783616267164381, -0.8783760844245003, -0.878392911738262, -0.8784125014790795, -0.8784353131630828, -0.8784618848832936, -0.8784928475058752, -0.8785289416999069, -0.8785710384598235, -0.8786201639646287, -0.8786775298652196, -0.8787445704252145, -0.87882298839705, -0.8789148121461481, -0.8790224674193757, -0.8791488684077217, -0.8792975345581802, -0.8794727422300419, -0.8796797242194626, -0.8799249361334132, -0.8802164178177883, -0.8805642926606846, -0.8809814713627119, -0.8814846665745645, -0.8820958937261885, -0.8828447573629913, -0.8837720555177346, -0.8849356970347031, -0.8864209039823103, -0.8883589085267213, -0.89096404079106, -0.8946157910562176, -0.9000722864948104, -0.9091840872218131, -0.9283910962750467, -1.0]'
