c = [1.0, 0.9283910962759854, 0.9091840872233103, 0.9000722864967609, 0.8946157910585776, 0.8909640407938043, 0.8883589085298307, 0.8864209039857666, 0.8849356970384891, 0.8837720555218347, 0.8828447573673892, 0.8820958937308674, 0.8814846665795084, 0.8809814713679055, 0.8805642926661125, 0.8802164178234344, 0.8799249361392633, 0.8796797242255013, 0.8794727422362558, 0.8792975345645557, 0.8791488684142468, 0.8790224674260383, 0.8789148121529371, 0.8788229884039538, 0.8787445704322235, 0.8786775298723241, 0.8786201639718197, 0.8785710384670943, 0.878528941707249, 0.8784928475132815, 0.8784618848907584, 0.8784353131706005, 0.8784125014866438, 0.8783929117458692, 0.8783760844321455, 0.8783616267241173, 0.8783492025144986, 0.878338524000215, 0.8783293445766689, 0.8783214528194465, 0.8783146673763443, 0.8783088326240859, 0.8783038149693639, 0.8782994996942731, 0.8782957882627715, 0.8782925960184133, 0.8782898502147264, 0.8782874883288787, 0.8782854566168967, 0.8782837088751269, 0.87828220537796, 0.8782809119663415, 0.8782797992653681, 0.8782788420124763, 0.8782780184804254, 0.8782773099815878, 0.8782767004419918, 0.878276176035247, 0.8782757248678768, 0.8782753367088096, 0.8782750027568016, 0.8782747154404551, 0.8782744682462454, 0.8782742555706308, 0.8782740725928551, 0.87827391516555, 0.8782737797206361, 0.8782736631883861, 0.8782735629277991, 0.8782734766667089, 0.8782734024502643, 0.8782733385966065, 0.878273283658739, 0.8782732363917293, 0.8782731957244857, 0.8782731607354817, 0.8782731306318681, 0.8782731047315041, 0.8782730824474997, 0.8782730632749111, 0.878273046779301, 0.8782730325868932, 0.8782730203760993, 0.8782730098702355, 0.8782730008312497, 0.8782729930543292, 0.878272986363257, 0.8782729806064216, 0.8782729756533808, 0.8782729713919055, 0.8782729677254352, 0.8782729645708924, 0.8782729618568001, 0.8782729595216611, 0.8782729575125636, 0.8782729557839845, 0.8782729542967568, 0.8782729530171819, 0.8782729519162666, 0.8782729509690653, 0.8782729501541159, 0.8782729494529529, 0.8782729488496891, 0.8782729483306558, 0.8782729478840919, 0.878272947499879, 0.8782729471693113, 0.8782729468848985, 0.8782729466401972, 0.8782729464296617, 0.8782729462485225, 0.8782729460926771, 0.8782729459586021, 0.8782729458432698, 0.8782729457440465, 0.8782729456584646, 0.8782729455833127, 0.8782729455096709, 0.878272945394009, 0.8782729449894275, 0.8782729428605771, 0.8782729306330477, 0.8782728594216129, 0.8782724438390804, 0.8782700178062012, 0.8782558548937514, 0.8781731761816499, 0.877690637270254, 0.8748782791214939, 0.8586183675542849, 0.7688206975321658, 0.37698937042074526, -0.37698937042081, -0.7688206975321837, -0.858618367554288, -0.8748782791214943, -0.8776906372702543, -0.8781731761816498, -0.8782558548937509, -0.8782700178062014, -0.87827244383908, -0.8782728594216129, -0.8782729306330477, -0.8782729428605786, -0.8782729449894369, -0.8782729453940438, -0.8782729455097564, -0.878272945583462, -0.878272945658654, -0.8782729457442212, -0.8782729458433864, -0.8782729459586581, -0.8782729460926965, -0.878272946248527, -0.8782729464296627, -0.8782729466401971, -0.8782729468848989, -0.878272947169311, -0.8782729474998787, -0.8782729478840915, -0.8782729483306556, -0.8782729488496893, -0.8782729494529529, -0.8782729501541156, -0.8782729509690652, -0.8782729519162666, -0.8782729530171821, -0.8782729542967574, -0.8782729557839853, -0.8782729575125643, -0.8782729595216615, -0.8782729618568008, -0.8782729645708924, -0.8782729677254352, -0.8782729713919054, -0.8782729756533815, -0.878272980606422, -0.8782729863632567, -0.878272993054329, -0.8782730008312502, -0.8782730098702358, -0.8782730203760996, -0.8782730325868932, -0.8782730467793011, -0.8782730632749112, -0.8782730824474992, -0.8782731047315038, -0.8782731306318678, -0.8782731607354816, -0.8782731957244859, -0.878273236391729, -0.8782732836587388, -0.8782733385966062, -0.8782734024502648, -0.8782734766667089, -0.8782735629277992, -0.8782736631883865, -0.8782737797206359, -0.8782739151655493, -0.8782740725928552, -0.8782742555706311, -0.8782744682462452, -0.8782747154404549, -0.8782750027568015, -0.8782753367088094, -0.8782757248678768, -0.8782761760352471, -0.8782767004419919, -0.878277309981588, -0.8782780184804256, -0.8782788420124764, -0.8782797992653684, -0.8782809119663415, -0.87828220537796, -0.8782837088751267, -0.8782854566168966, -0.8782874883288789, -0.8782898502147264, -0.8782925960184129, -0.8782957882627715, -0.8782994996942729, -0.8783038149693639, -0.8783088326240859, -0.8783146673763447, -0.8783214528194464, -0.8783293445766688, -0.878338524000215, -0.8783492025144988, -0.8783616267241177, -0.8783760844321461, -0.8783929117458696, -0.8784125014866445, -0.8784353131706008, -0.8784618848907589, -0.8784928475132815, -0.8785289417072487, -0.8785710384670938, -0.87862016397182, -0.8786775298723245, -0.8787445704322235, -0.8788229884039541, -0.8789148121529371, -0.8790224674260383, -0.879148868414247, -0.8792975345645558, -0.8794727422362556, -0.8796797242255018, -0.8799249361392631, -0.8802164178234343, -0.8805642926661118, -0.8809814713679054, -0.8814846665795089, -0.8820958937308677, -0.8828447573673891, -0.883772055521835, -0.8849356970384894, -0.8864209039857671, -0.888358908529831, -0.8909640407938044, -0.8946157910585778, -0.9000722864967609, -0.9091840872233101, -0.9283910962759852, -1.0]'
