c = [1.0, 0.928391096276796, 0.9091840872246012, 0.9000722864984404, 0.8946157910606092, 0.8909640407961662, 0.8883589085325055, 0.8864209039887394, 0.8849356970417458, 0.883772055525361, 0.8828447573711709, 0.8820958937348913, 0.8814846665837606, 0.8809814713723714, 0.8805642926707792, 0.8802164178282889, 0.8799249361442928, 0.8796797242306936, 0.8794727422415985, 0.8792975345700381, 0.8791488684198577, 0.8790224674317668, 0.8789148121587735, 0.8788229884098893, 0.8787445704382493, 0.8786775298784328, 0.8786201639780034, 0.878571038473345, 0.8785289417135612, 0.8784928475196497, 0.8784618848971765, 0.8784353131770635, 0.8784125014931476, 0.8783929117524094, 0.8783760844387191, 0.87836162673072, 0.878349202521127, 0.8783385240068667, 0.8783293445833416, 0.8783214528261382, 0.8783146673830525, 0.8783088326308088, 0.8783038149760999, 0.878299499701021, 0.87829578826953, 0.8782925960251803, 0.8782898502215012, 0.8782874883356613, 0.8782854566236856, 0.8782837088819213, 0.8782822053847593, 0.8782809119731452, 0.8782797992721757, 0.8782788420192874, 0.8782780184872395, 0.8782773099884047, 0.8782767004488112, 0.8782761760420685, 0.8782757248746996, 0.8782753367156343, 0.8782750027636276, 0.8782747154472821, 0.8782744682530736, 0.8782742555774601, 0.8782740725996848, 0.8782739151723801, 0.8782737797274671, 0.8782736631952178, 0.8782735629346313, 0.8782734766735418, 0.8782734024570973, 0.8782733386034394, 0.8782732836655726, 0.8782732363985633, 0.8782731957313201, 0.8782731607423158, 0.8782731306387025, 0.8782731047383389, 0.8782730824543339, 0.8782730632817458, 0.8782730467861362, 0.878273032593728, 0.8782730203829342, 0.878273009877071, 0.8782730008380853, 0.8782729930611641, 0.8782729863700922, 0.8782729806132574, 0.878272975660217, 0.8782729713987408, 0.8782729677322701, 0.8782729645777279, 0.878272961863636, 0.8782729595284968, 0.8782729575193993, 0.8782729557908205, 0.878272954303593, 0.878272953024018, 0.8782729519231024, 0.8782729509759009, 0.8782729501609512, 0.8782729494597887, 0.8782729488565253, 0.8782729483374918, 0.8782729478909276, 0.8782729475067143, 0.8782729471761469, 0.8782729468917343, 0.8782729466470326, 0.878272946436497, 0.8782729462553575, 0.8782729460995092, 0.8782729459654207, 0.8782729458500536, 0.8782729457507864, 0.8782729456653342, 0.8782729455915509, 0.8782729455265366, 0.8782729454616497, 0.8782729453535744, 0.8782729449555622, 0.8782729428323864, 0.8782729306097453, 0.8782728594025191, 0.8782724438236064, 0.8782700177938422, 0.8782558548840719, 0.8781731761742749, 0.8776906372648561, 0.8748782791177755, 0.8586183675519321, 0.7688206975308152, 0.3769893704199916, -0.3769893704200514, -0.7688206975308318, -0.8586183675519345, -0.8748782791177758, -0.8776906372648561, -0.8781731761742747, -0.8782558548840715, -0.8782700177938425, -0.878272443823606, -0.8782728594025183, -0.878272930609745, -0.8782729428323858, -0.8782729449555619, -0.8782729453535737, -0.8782729454616497, -0.8782729455265366, -0.878272945591551, -0.8782729456653342, -0.878272945750786, -0.8782729458500534, -0.8782729459654209, -0.8782729460995095, -0.8782729462553576, -0.8782729464364972, -0.8782729466470323, -0.878272946891734, -0.8782729471761467, -0.8782729475067146, -0.8782729478909272, -0.8782729483374917, -0.8782729488565251, -0.8782729494597888, -0.8782729501609516, -0.878272950975901, -0.8782729519231022, -0.8782729530240175, -0.8782729543035925, -0.87827295579082, -0.8782729575193996, -0.8782729595284968, -0.8782729618636362, -0.8782729645777281, -0.87827296773227, -0.8782729713987407, -0.8782729756602167, -0.8782729806132574, -0.8782729863700924, -0.8782729930611647, -0.8782730008380852, -0.8782730098770711, -0.8782730203829345, -0.8782730325937279, -0.878273046786136, -0.8782730632817456, -0.8782730824543342, -0.8782731047383384, -0.8782731306387022, -0.878273160742316, -0.8782731957313202, -0.8782732363985631, -0.8782732836655726, -0.8782733386034398, -0.8782734024570973, -0.8782734766735415, -0.8782735629346317, -0.8782736631952185, -0.8782737797274672, -0.8782739151723804, -0.8782740725996848, -0.8782742555774598, -0.8782744682530735, -0.8782747154472818, -0.8782750027636274, -0.878275336715634, -0.8782757248746998, -0.8782761760420684, -0.8782767004488112, -0.8782773099884047, -0.8782780184872397, -0.8782788420192873, -0.8782797992721757, -0.8782809119731456, -0.87828220538476, -0.8782837088819215, -0.8782854566236857, -0.8782874883356612, -0.8782898502215014, -0.8782925960251803, -0.8782957882695299, -0.8782994997010207, -0.8783038149761001, -0.8783088326308089, -0.8783146673830531, -0.8783214528261382, -0.878329344583342, -0.8783385240068672, -0.8783492025211275, -0.8783616267307202, -0.8783760844387195, -0.8783929117524095, -0.8784125014931479, -0.8784353131770637, -0.8784618848971766, -0.87849284751965, -0.8785289417135614, -0.8785710384733453, -0.8786201639780035, -0.8786775298784326, -0.8787445704382492, -0.8788229884098896, -0.8789148121587734, -0.879022467431767, -0.8791488684198578, -0.8792975345700381, -0.8794727422415985, -0.8796797242306941, -0.8799249361442929, -0.8802164178282891, -0.8805642926707786, -0.8809814713723716, -0.8814846665837607, -0.8820958937348916, -0.8828447573711713, -0.883772055525361, -0.8849356970417456, -0.8864209039887392, -0.8883589085325052, -0.8909640407961661, -0.8946157910606094, -0.9000722864984407, -0.9091840872246013, -0.9283910962767958, -1.0]'
