c = [1.0, 0.9283910962774687, 0.9091840872256821, 0.9000722864998533, 0.8946157910623228, 0.8909640407981613, 0.888358908534768, 0.8864209039912555, 0.8849356970445035, 0.8837720555283485, 0.8828447573743764, 0.8820958937383021, 0.8814846665873654, 0.8809814713761582, 0.8805642926747372, 0.8802164178324068, 0.8799249361485592, 0.8796797242350988, 0.879472742246132, 0.8792975345746894, 0.8791488684246181, 0.8790224674366272, 0.8789148121637258, 0.8788229884149263, 0.8787445704433633, 0.878677529883616, 0.8786201639832503, 0.8785710384786499, 0.8785289417189183, 0.8784928475250539, 0.8784618849026232, 0.878435313182549, 0.878412501498668, 0.8783929117579606, 0.8783760844442977, 0.8783616267363237, 0.8783492025267527, 0.8783385240125127, 0.8783293445890051, 0.8783214528318177, 0.8783146673887462, 0.8783088326365152, 0.8783038149818175, 0.8782994997067479, 0.8782957882752656, 0.8782925960309237, 0.8782898502272518, 0.8782874883414176, 0.8782854566294475, 0.8782837088876879, 0.8782822053905299, 0.8782809119789196, 0.8782797992779532, 0.8782788420250678, 0.8782780184930228, 0.8782773099941903, 0.8782767004545985, 0.8782761760478575, 0.8782757248804902, 0.8782753367214261, 0.8782750027694208, 0.8782747154530764, 0.8782744682588685, 0.8782742555832554, 0.8782740726054814, 0.8782739151781772, 0.878273779733265, 0.8782736632010165, 0.8782735629404299, 0.8782734766793403, 0.8782734024628964, 0.8782733386092388, 0.8782732836713726, 0.8782732364043632, 0.8782731957371204, 0.8782731607481163, 0.8782731306445024, 0.8782731047441393, 0.8782730824601349, 0.8782730632875466, 0.8782730467919369, 0.8782730325995292, 0.8782730203887358, 0.878273009882872, 0.8782730008438863, 0.8782729930669658, 0.8782729863758938, 0.8782729806190582, 0.8782729756660176, 0.8782729714045421, 0.8782729677380716, 0.8782729645835292, 0.8782729618694373, 0.8782729595342983, 0.8782729575252012, 0.8782729557966221, 0.8782729543093943, 0.8782729530298189, 0.8782729519289031, 0.8782729509817021, 0.8782729501667532, 0.8782729494655902, 0.8782729488623265, 0.8782729483432926, 0.878272947896729, 0.8782729475125158, 0.8782729471819481, 0.8782729468975355, 0.878272946652834, 0.8782729464422986, 0.8782729462611588, 0.878272946105311, 0.8782729459712232, 0.8782729458558578, 0.8782729457566024, 0.8782729456712035, 0.8782729455976916, 0.8782729455341883, 0.8782729454780196, 0.8782729454207395, 0.8782729453191997, 0.8782729449268047, 0.8782729428084564, 0.8782729305899674, 0.8782728593863127, 0.8782724438104731, 0.8782700177833527, 0.8782558548758564, 0.8781731761680159, 0.8776906372602761, 0.874878279114624, 0.8586183675499509, 0.7688206975296467, 0.37698937041953534, -0.37698937041959674, -0.7688206975296641, -0.8586183675499541, -0.8748782791146243, -0.8776906372602761, -0.8781731761680153, -0.8782558548758561, -0.8782700177833522, -0.8782724438104726, -0.8782728593863122, -0.8782729305899675, -0.8782729428084572, -0.8782729449268076, -0.878272945319208, -0.8782729454207557, -0.8782729454780458, -0.8782729455342204, -0.8782729455977221, -0.8782729456712263, -0.878272945756615, -0.8782729458558634, -0.8782729459712245, -0.8782729461053111, -0.878272946261159, -0.8782729464422988, -0.8782729466528341, -0.8782729468975361, -0.8782729471819486, -0.8782729475125161, -0.8782729478967293, -0.8782729483432933, -0.8782729488623269, -0.8782729494655901, -0.878272950166753, -0.8782729509817018, -0.8782729519289035, -0.8782729530298189, -0.8782729543093942, -0.8782729557966219, -0.8782729575252005, -0.8782729595342981, -0.8782729618694375, -0.8782729645835294, -0.8782729677380718, -0.8782729714045423, -0.8782729756660178, -0.8782729806190587, -0.8782729863758936, -0.8782729930669654, -0.8782730008438865, -0.8782730098828722, -0.878273020388736, -0.8782730325995292, -0.878273046791937, -0.878273063287547, -0.8782730824601352, -0.8782731047441392, -0.8782731306445027, -0.8782731607481166, -0.8782731957371201, -0.878273236404363, -0.8782732836713725, -0.8782733386092393, -0.8782734024628965, -0.8782734766793407, -0.8782735629404298, -0.8782736632010161, -0.878273779733265, -0.8782739151781772, -0.8782740726054813, -0.8782742555832559, -0.8782744682588687, -0.8782747154530764, -0.8782750027694209, -0.878275336721426, -0.8782757248804902, -0.8782761760478572, -0.8782767004545982, -0.8782773099941903, -0.8782780184930232, -0.878278842025068, -0.8782797992779534, -0.8782809119789197, -0.87828220539053, -0.878283708887688, -0.8782854566294476, -0.8782874883414175, -0.8782898502272516, -0.8782925960309236, -0.8782957882752658, -0.8782994997067475, -0.8783038149818173, -0.878308832636515, -0.8783146673887465, -0.8783214528318176, -0.8783293445890057, -0.8783385240125124, -0.8783492025267526, -0.8783616267363233, -0.8783760844442977, -0.8783929117579605, -0.878412501498668, -0.8784353131825494, -0.8784618849026239, -0.878492847525054, -0.8785289417189179, -0.8785710384786497, -0.8786201639832503, -0.8786775298836165, -0.8787445704433632, -0.8788229884149261, -0.8789148121637256, -0.8790224674366276, -0.8791488684246183, -0.8792975345746897, -0.8794727422461316, -0.8796797242350991, -0.8799249361485597, -0.8802164178324072, -0.8805642926747373, -0.8809814713761586, -0.8814846665873651, -0.882095893738302, -0.8828447573743761, -0.8837720555283484, -0.884935697044504, -0.8864209039912563, -0.8883589085347682, -0.8909640407981615, -0.8946157910623228, -0.9000722864998532, -0.909184087225682, -0.9283910962774691, -1.0]'
