c = [1.0, 0.928391096277986, 0.9091840872265261, 0.9000722865009675, 0.894615791063682, 0.8909640407997497, 0.8883589085365732, 0.8864209039932678, 0.8849356970467119, 0.8837720555307428, 0.882844757376947, 0.8820958937410389, 0.8814846665902595, 0.8809814713792, 0.8805642926779166, 0.8802164178357158, 0.879924936151989, 0.8796797242386399, 0.8794727422497768, 0.8792975345784296, 0.8791488684284465, 0.8790224674405372, 0.8789148121677101, 0.878822988418978, 0.8787445704474766, 0.8786775298877865, 0.8786201639874716, 0.878571038482918, 0.8785289417232285, 0.8784928475294023, 0.8784618849070063, 0.8784353131869628, 0.8784125015031093, 0.878392911762427, 0.8783760844487863, 0.8783616267408327, 0.8783492025312798, 0.8783385240170558, 0.8783293445935625, 0.8783214528363879, 0.8783146673933281, 0.8783088326411066, 0.8783038149864179, 0.8782994997113566, 0.8782957882798813, 0.8782925960355455, 0.8782898502318791, 0.8782874883460499, 0.878285456634084, 0.8782837088923283, 0.878282205395174, 0.8782809119835666, 0.8782797992826032, 0.8782788420297201, 0.8782780184976766, 0.878277309998846, 0.8782767004592558, 0.8782761760525162, 0.8782757248851504, 0.8782753367260874, 0.8782750027740827, 0.8782747154577388, 0.8782744682635322, 0.8782742555879198, 0.8782740726101462, 0.878273915182843, 0.8782737797379309, 0.8782736632056822, 0.8782735629450963, 0.8782734766840073, 0.8782734024675639, 0.8782733386139062, 0.8782732836760401, 0.8782732364090308, 0.8782731957417875, 0.878273160752784, 0.8782731306491707, 0.8782731047488073, 0.8782730824648026, 0.8782730632922149, 0.8782730467966053, 0.8782730326041972, 0.8782730203934037, 0.8782730098875406, 0.8782730008485551, 0.8782729930716339, 0.8782729863805615, 0.8782729806237267, 0.8782729756706862, 0.8782729714092103, 0.8782729677427402, 0.878272964588198, 0.8782729618741064, 0.8782729595389672, 0.8782729575298697, 0.8782729558012903, 0.8782729543140624, 0.8782729530344875, 0.8782729519335722, 0.8782729509863709, 0.8782729501714216, 0.8782729494702585, 0.8782729488669951, 0.8782729483479612, 0.8782729479013972, 0.8782729475171841, 0.8782729471866166, 0.8782729469022041, 0.8782729466575024, 0.8782729464469674, 0.8782729462658277, 0.8782729461099794, 0.8782729459758916, 0.8782729458605255, 0.878272945761277, 0.8782729456759779, 0.8782729456029045, 0.8782729455404878, 0.8782729454867327, 0.8782729454386158, 0.8782729453877867, 0.8782729452915538, 0.8782729449036702, 0.8782729427892014, 0.8782729305740523, 0.8782728593732713, 0.8782724437999047, 0.8782700177749116, 0.8782558548692456, 0.8781731761629784, 0.8776906372565902, 0.8748782791120933, 0.8586183675483751, 0.7688206975287999, 0.37698937041907943, -0.3769893704191419, -0.7688206975288177, -0.858618367548378, -0.8748782791120931, -0.8776906372565902, -0.8781731761629783, -0.8782558548692452, -0.8782700177749113, -0.8782724437999047, -0.8782728593732714, -0.8782729305740524, -0.8782729427892014, -0.87827294490367, -0.8782729452915613, -0.8782729453878657, -0.8782729454389883, -0.878272945487665, -0.8782729455418123, -0.8782729456039872, -0.8782729456764803, -0.8782729457614, -0.878272945860538, -0.8782729459758915, -0.8782729461099799, -0.8782729462658279, -0.8782729464469674, -0.878272946657503, -0.8782729469022047, -0.8782729471866171, -0.8782729475171847, -0.8782729479013975, -0.8782729483479613, -0.8782729488669954, -0.8782729494702587, -0.8782729501714215, -0.8782729509863707, -0.8782729519335717, -0.8782729530344876, -0.8782729543140628, -0.8782729558012905, -0.8782729575298696, -0.8782729595389669, -0.878272961874106, -0.8782729645881983, -0.8782729677427402, -0.8782729714092105, -0.8782729756706864, -0.8782729806237272, -0.8782729863805622, -0.8782729930716339, -0.8782730008485548, -0.8782730098875406, -0.8782730203934044, -0.8782730326041973, -0.8782730467966052, -0.8782730632922151, -0.8782730824648028, -0.878273104748807, -0.8782731306491708, -0.8782731607527845, -0.8782731957417877, -0.8782732364090309, -0.8782732836760396, -0.878273338613906, -0.8782734024675636, -0.8782734766840073, -0.8782735629450965, -0.8782736632056825, -0.878273779737931, -0.878273915182843, -0.8782740726101463, -0.8782742555879198, -0.8782744682635321, -0.8782747154577389, -0.8782750027740824, -0.8782753367260872, -0.8782757248851505, -0.8782761760525161, -0.8782767004592557, -0.8782773099988458, -0.8782780184976766, -0.8782788420297198, -0.8782797992826032, -0.8782809119835666, -0.8782822053951739, -0.8782837088923285, -0.8782854566340842, -0.8782874883460495, -0.878289850231879, -0.8782925960355454, -0.8782957882798813, -0.8782994997113563, -0.878303814986418, -0.878308832641106, -0.8783146673933273, -0.8783214528363874, -0.8783293445935627, -0.8783385240170559, -0.8783492025312799, -0.878361626740833, -0.8783760844487871, -0.878392911762427, -0.8784125015031092, -0.8784353131869627, -0.8784618849070062, -0.8784928475294025, -0.8785289417232289, -0.878571038482918, -0.8786201639874717, -0.8786775298877866, -0.8787445704474768, -0.878822988418978, -0.8789148121677096, -0.8790224674405372, -0.8791488684284469, -0.8792975345784302, -0.8794727422497765, -0.8796797242386399, -0.8799249361519886, -0.8802164178357157, -0.8805642926779168, -0.8809814713792001, -0.8814846665902596, -0.8820958937410395, -0.8828447573769468, -0.8837720555307428, -0.8849356970467115, -0.8864209039932673, -0.8883589085365735, -0.89096404079975, -0.8946157910636823, -0.9000722865009677, -0.9091840872265261, -0.9283910962779859, -1.0]'
