c = [1.0, 0.928391096278217, 0.9091840872269148, 0.9000722865014887, 0.8946157910643239, 0.890964040800505, 0.8883589085374356, 0.8864209039942312, 0.884935697047772, 0.8837720555318939, 0.8828447573781848, 0.8820958937423587, 0.8814846665916556, 0.880981471380669, 0.8805642926794535, 0.8802164178373157, 0.8799249361536478, 0.8796797242403531, 0.8794727422515403, 0.8792975345802406, 0.8791488684303004, 0.8790224674424302, 0.8789148121696392, 0.8788229884209405, 0.8787445704494693, 0.8786775298898067, 0.8786201639895168, 0.878571038484986, 0.8785289417253174, 0.8784928475315096, 0.8784618849091301, 0.8784353131891018, 0.8784125015052618, 0.878392911764592, 0.8783760844509622, 0.8783616267430181, 0.8783492025334739, 0.8783385240192579, 0.8783293445957716, 0.8783214528386029, 0.8783146673955483, 0.8783088326433321, 0.878303814988648, 0.8782994997135903, 0.8782957882821185, 0.8782925960377859, 0.8782898502341221, 0.8782874883482952, 0.8782854566363315, 0.8782837088945777, 0.8782822053974253, 0.8782809119858194, 0.878279799284857, 0.878278842031975, 0.8782780184999327, 0.8782773100011028, 0.8782767004615136, 0.8782761760547746, 0.8782757248874092, 0.8782753367283465, 0.8782750027763425, 0.878274715459999, 0.8782744682657926, 0.878274255590181, 0.8782740726124074, 0.8782739151851041, 0.8782737797401924, 0.8782736632079443, 0.8782735629473588, 0.8782734766862693, 0.8782734024698262, 0.8782733386161687, 0.8782732836783022, 0.8782732364112933, 0.8782731957440505, 0.8782731607550467, 0.8782731306514331, 0.8782731047510701, 0.8782730824670657, 0.8782730632944774, 0.878273046798868, 0.8782730326064603, 0.878273020395667, 0.8782730098898033, 0.8782730008508177, 0.878272993073897, 0.8782729863828247, 0.8782729806259898, 0.878272975672949, 0.8782729714114736, 0.8782729677450035, 0.8782729645904612, 0.8782729618763695, 0.8782729595412301, 0.8782729575321325, 0.8782729558035535, 0.8782729543163257, 0.8782729530367508, 0.8782729519358353, 0.8782729509886336, 0.8782729501736847, 0.8782729494725217, 0.8782729488692579, 0.8782729483502243, 0.8782729479036603, 0.8782729475194475, 0.8782729471888797, 0.8782729469044677, 0.878272946659766, 0.8782729464492305, 0.8782729462680909, 0.8782729461122427, 0.8782729459781548, 0.8782729458627899, 0.878272945763546, 0.8782729456782247, 0.8782729456049717, 0.8782729455421069, 0.8782729454935001, 0.8782729454596265, 0.8782729454198884, 0.8782729453718533, 0.8782729452781465, 0.878272944892453, 0.8782729427798671, 0.8782729305663373, 0.8782728593669493, 0.878272443794781, 0.8782700177708195, 0.8782558548660409, 0.8781731761605369, 0.8776906372548039, 0.874878279110864, 0.85861836754761, 0.7688206975284403, 0.376989370419186, -0.3769893704192489, -0.7688206975284577, -0.858618367547613, -0.874878279110864, -0.877690637254804, -0.8781731761605369, -0.8782558548660409, -0.8782700177708193, -0.8782724437947811, -0.8782728593669491, -0.8782729305663373, -0.8782729427798669, -0.8782729448924538, -0.8782729452781565, -0.8782729453719152, -0.8782729454201014, -0.8782729454655303, -0.878272945509968, -0.8782729455490983, -0.8782729456054977, -0.8782729456785128, -0.8782729457636428, -0.8782729458628078, -0.8782729459781562, -0.878272946112243, -0.878272946268091, -0.8782729464492305, -0.8782729466597662, -0.8782729469044676, -0.8782729471888802, -0.8782729475194477, -0.8782729479036607, -0.8782729483502247, -0.878272948869258, -0.8782729494725219, -0.8782729501736846, -0.8782729509886338, -0.878272951935835, -0.8782729530367508, -0.8782729543163258, -0.8782729558035537, -0.8782729575321325, -0.8782729595412297, -0.878272961876369, -0.8782729645904611, -0.8782729677450035, -0.8782729714114734, -0.8782729756729494, -0.8782729806259902, -0.8782729863828252, -0.8782729930738971, -0.8782730008508179, -0.878273009889804, -0.878273020395667, -0.8782730326064604, -0.8782730467988684, -0.8782730632944781, -0.8782730824670657, -0.8782731047510702, -0.8782731306514334, -0.8782731607550468, -0.8782731957440505, -0.8782732364112933, -0.8782732836783022, -0.8782733386161685, -0.8782734024698259, -0.8782734766862698, -0.8782735629473585, -0.8782736632079442, -0.8782737797401925, -0.8782739151851043, -0.8782740726124072, -0.8782742555901809, -0.8782744682657931, -0.8782747154599991, -0.8782750027763423, -0.8782753367283463, -0.8782757248874091, -0.8782761760547744, -0.8782767004615134, -0.8782773100011025, -0.8782780184999327, -0.8782788420319748, -0.8782797992848572, -0.8782809119858191, -0.8782822053974253, -0.878283708894578, -0.878285456636332, -0.8782874883482953, -0.8782898502341224, -0.8782925960377858, -0.8782957882821184, -0.8782994997135901, -0.878303814988648, -0.878308832643332, -0.8783146673955483, -0.8783214528386026, -0.8783293445957719, -0.8783385240192576, -0.878349202533474, -0.8783616267430182, -0.8783760844509625, -0.8783929117645919, -0.8784125015052621, -0.8784353131891017, -0.87846188490913, -0.8784928475315096, -0.8785289417253176, -0.8785710384849861, -0.8786201639895169, -0.878677529889807, -0.8787445704494699, -0.8788229884209408, -0.8789148121696393, -0.8790224674424304, -0.8791488684303002, -0.8792975345802405, -0.8794727422515402, -0.8796797242403532, -0.8799249361536476, -0.880216417837316, -0.8805642926794536, -0.8809814713806693, -0.8814846665916559, -0.8820958937423589, -0.8828447573781848, -0.8837720555318942, -0.8849356970477718, -0.8864209039942312, -0.8883589085374354, -0.890964040800505, -0.8946157910643242, -0.9000722865014888, -0.9091840872269149, -0.928391096278217, -1.0]'
