c = [1.0, 0.928391096278938, 0.9091840872280504, 0.9000722865029573, 0.894615791066093, 0.8909640408025552, 0.8883589085397531, 0.8864209039968026, 0.8849356970505858, 0.8837720555349379, 0.8828447573814469, 0.8820958937458278, 0.8814846665953201, 0.8809814713845164, 0.880564292683473, 0.8802164178414955, 0.8799249361579772, 0.8796797242448224, 0.8794727422561386, 0.8792975345849576, 0.8791488684351273, 0.8790224674473586, 0.87891481217466, 0.8788229884260462, 0.8787445704546526, 0.8786775298950604, 0.8786201639948352, 0.8785710384903623, 0.8785289417307461, 0.8784928475369861, 0.8784618849146496, 0.8784353131946602, 0.8784125015108549, 0.8783929117702164, 0.8783760844566147, 0.8783616267486959, 0.8783492025391744, 0.878338524024978, 0.8783293446015095, 0.8783214528443568, 0.8783146674013167, 0.878308832649113, 0.87830381499444, 0.8782994997193923, 0.8782957882879293, 0.8782925960436045, 0.8782898502399479, 0.8782874883541273, 0.8782854566421693, 0.8782837089004204, 0.8782822054032718, 0.8782809119916698, 0.8782797992907108, 0.8782788420378317, 0.8782780185057921, 0.8782773100069645, 0.878276700467377, 0.8782761760606395, 0.8782757248932759, 0.8782753367342144, 0.8782750027822117, 0.8782747154658698, 0.8782744682716639, 0.8782742555960527, 0.8782740726182802, 0.8782739151909776, 0.8782737797460667, 0.8782736632138185, 0.8782735629532336, 0.8782734766921448, 0.8782734024757011, 0.8782733386220442, 0.8782732836841782, 0.8782732364171694, 0.8782731957499266, 0.8782731607609232, 0.8782731306573102, 0.8782731047569468, 0.8782730824729426, 0.8782730633003549, 0.8782730468047457, 0.8782730326123374, 0.878273020401544, 0.8782730098956805, 0.8782730008566951, 0.8782729930797742, 0.8782729863887022, 0.8782729806318675, 0.8782729756788273, 0.8782729714173517, 0.8782729677508815, 0.8782729645963389, 0.8782729618822467, 0.8782729595471078, 0.8782729575380104, 0.8782729558094313, 0.8782729543222036, 0.8782729530426283, 0.878272951941713, 0.8782729509945115, 0.8782729501795621, 0.8782729494783993, 0.8782729488751357, 0.8782729483561021, 0.878272947909538, 0.8782729475253256, 0.8782729471947579, 0.8782729469103452, 0.8782729466656437, 0.8782729464551086, 0.8782729462739688, 0.8782729461181208, 0.8782729459840326, 0.8782729458686679, 0.8782729457694142, 0.8782729456840416, 0.8782729456106703, 0.8782729455477263, 0.8782729454937968, 0.8782729454474664, 0.8782729454072393, 0.8782729453708742, 0.8782729453304532, 0.8782729452433342, 0.8782729448633219, 0.8782729427556243, 0.8782729305463001, 0.8782728593505309, 0.8782724437814756, 0.8782700177601921, 0.8782558548577181, 0.8781731761541958, 0.8776906372501636, 0.8748782791076706, 0.8586183675455867, 0.7688206975271609, 0.3769893704183355, -0.3769893704183983, -0.7688206975271782, -0.85861836754559, -0.8748782791076711, -0.8776906372501639, -0.8781731761541954, -0.8782558548577176, -0.8782700177601922, -0.8782724437814753, -0.8782728593505307, -0.8782729305463001, -0.8782729427556245, -0.8782729448633231, -0.8782729452433438, -0.8782729453304993, -0.878272945371029, -0.8782729454076081, -0.8782729454480941, -0.878272945494545, -0.8782729455483418, -0.8782729456110142, -0.8782729456841704, -0.878272945769447, -0.878272945868674, -0.8782729459840339, -0.8782729461181205, -0.8782729462739688, -0.8782729464551082, -0.8782729466656437, -0.8782729469103454, -0.8782729471947575, -0.8782729475253254, -0.8782729479095384, -0.8782729483561024, -0.8782729488751359, -0.8782729494783994, -0.8782729501795622, -0.8782729509945114, -0.8782729519417125, -0.878272953042628, -0.8782729543222032, -0.878272955809431, -0.8782729575380103, -0.8782729595471075, -0.8782729618822467, -0.8782729645963387, -0.8782729677508813, -0.8782729714173512, -0.8782729756788271, -0.878272980631868, -0.8782729863887024, -0.8782729930797744, -0.8782730008566956, -0.8782730098956814, -0.8782730204015443, -0.8782730326123377, -0.8782730468047454, -0.8782730633003547, -0.878273082472943, -0.878273104756947, -0.8782731306573103, -0.8782731607609234, -0.878273195749927, -0.8782732364171699, -0.8782732836841787, -0.8782733386220445, -0.8782734024757013, -0.8782734766921448, -0.8782735629532332, -0.878273663213819, -0.8782737797460669, -0.8782739151909776, -0.8782740726182802, -0.8782742555960528, -0.8782744682716639, -0.8782747154658695, -0.8782750027822119, -0.8782753367342144, -0.8782757248932757, -0.8782761760606395, -0.8782767004673769, -0.8782773100069641, -0.878278018505792, -0.8782788420378315, -0.878279799290711, -0.8782809119916697, -0.8782822054032722, -0.8782837089004201, -0.8782854566421691, -0.8782874883541272, -0.8782898502399483, -0.8782925960436051, -0.8782957882879296, -0.8782994997193927, -0.8783038149944403, -0.8783088326491127, -0.8783146674013165, -0.8783214528443565, -0.8783293446015095, -0.8783385240249781, -0.8783492025391744, -0.8783616267486956, -0.8783760844566144, -0.8783929117702162, -0.8784125015108554, -0.8784353131946602, -0.8784618849146495, -0.8784928475369865, -0.8785289417307466, -0.8785710384903627, -0.8786201639948356, -0.8786775298950608, -0.8787445704546527, -0.8788229884260464, -0.8789148121746602, -0.8790224674473587, -0.8791488684351277, -0.8792975345849582, -0.8794727422561386, -0.8796797242448224, -0.879924936157977, -0.8802164178414954, -0.8805642926834729, -0.8809814713845164, -0.8814846665953199, -0.8820958937458279, -0.8828447573814466, -0.883772055534938, -0.8849356970505854, -0.8864209039968031, -0.8883589085397531, -0.8909640408025551, -0.8946157910660929, -0.9000722865029575, -0.9091840872280506, -0.9283910962789382, -1.0]'
