c = [1.0, 0.9283910962793636, 0.9091840872287161, 0.9000722865038135, 0.8946157910671217, 0.8909640408037456, 0.8883589085410978, 0.8864209039982944, 0.8849356970522168, 0.8837720555367027, 0.8828447573833383, 0.8820958937478385, 0.8814846665974435, 0.8809814713867458, 0.8805642926858019, 0.8802164178439179, 0.8799249361604863, 0.8796797242474116, 0.8794727422588025, 0.8792975345876911, 0.8791488684379238, 0.8790224674502135, 0.8789148121775688, 0.8788229884290043, 0.8787445704576557, 0.8786775298981045, 0.878620163997916, 0.8785710384934767, 0.878528941733891, 0.878492847540159, 0.878461884917847, 0.8784353131978802, 0.8784125015140951, 0.8783929117734749, 0.8783760844598898, 0.8783616267519851, 0.8783492025424763, 0.8783385240282919, 0.8783293446048341, 0.8783214528476905, 0.8783146674046586, 0.8783088326524622, 0.8783038149977956, 0.8782994997227537, 0.878295788291296, 0.878292596046976, 0.8782898502433235, 0.8782874883575064, 0.8782854566455511, 0.8782837089038052, 0.8782822054066591, 0.8782809119950591, 0.8782797992941022, 0.8782788420412247, 0.8782780185091865, 0.8782773100103597, 0.8782767004707737, 0.8782761760640374, 0.8782757248966747, 0.8782753367376145, 0.8782750027856122, 0.8782747154692704, 0.8782744682750652, 0.878274255599455, 0.878274072621683, 0.8782739151943804, 0.8782737797494699, 0.8782736632172223, 0.8782735629566367, 0.8782734766955484, 0.8782734024791053, 0.8782733386254482, 0.8782732836875823, 0.878273236420574, 0.8782731957533315, 0.8782731607643278, 0.8782731306607147, 0.8782731047603519, 0.8782730824763478, 0.8782730633037593, 0.8782730468081499, 0.8782730326157422, 0.8782730204049491, 0.8782730098990855, 0.8782730008601002, 0.8782729930831797, 0.878272986392108, 0.8782729806352731, 0.8782729756822324, 0.8782729714207564, 0.878272967754286, 0.878272964599744, 0.8782729618856522, 0.878272959550513, 0.8782729575414157, 0.8782729558128362, 0.8782729543256086, 0.8782729530460334, 0.8782729519451179, 0.8782729509979164, 0.8782729501829674, 0.8782729494818047, 0.8782729488785409, 0.8782729483595078, 0.8782729479129441, 0.8782729475287308, 0.8782729471981633, 0.8782729469137509, 0.8782729466690492, 0.8782729464585138, 0.878272946277374, 0.8782729461215258, 0.8782729459874374, 0.8782729458720715, 0.8782729457728131, 0.8782729456874137, 0.8782729456139382, 0.8782729455507212, 0.8782729454963294, 0.8782729454495245, 0.8782729454092099, 0.8782729453742613, 0.8782729453426593, 0.8782729453065196, 0.8782729452231777, 0.8782729448464469, 0.8782729427415797, 0.8782729305346914, 0.8782728593410186, 0.8782724437737668, 0.878270017754035, 0.878255854852896, 0.8781731761505216, 0.8776906372474735, 0.8748782791058122, 0.8586183675443994, 0.7688206975264249, 0.37698937041802394, -0.37698937041807673, -0.7688206975264396, -0.8586183675444016, -0.874878279105812, -0.8776906372474732, -0.8781731761505212, -0.8782558548528958, -0.8782700177540351, -0.8782724437737669, -0.8782728593410181, -0.8782729305346914, -0.8782729427415795, -0.8782729448464466, -0.8782729452231777, -0.87827294530652, -0.8782729453426591, -0.878272945374261, -0.8782729454092099, -0.8782729454495246, -0.8782729454963296, -0.8782729455507211, -0.8782729456139381, -0.8782729456874134, -0.8782729457728132, -0.8782729458720714, -0.8782729459874377, -0.8782729461215256, -0.8782729462773734, -0.8782729464585133, -0.878272946669049, -0.8782729469137507, -0.8782729471981631, -0.8782729475287308, -0.8782729479129435, -0.8782729483595078, -0.8782729488785411, -0.8782729494818046, -0.8782729501829676, -0.8782729509979169, -0.8782729519451182, -0.8782729530460334, -0.8782729543256085, -0.8782729558128365, -0.8782729575414158, -0.8782729595505125, -0.8782729618856518, -0.8782729645997441, -0.8782729677542859, -0.8782729714207561, -0.8782729756822322, -0.878272980635273, -0.8782729863921076, -0.8782729930831796, -0.8782730008601003, -0.8782730098990855, -0.8782730204049493, -0.8782730326157424, -0.8782730468081501, -0.8782730633037596, -0.8782730824763477, -0.878273104760352, -0.878273130660715, -0.8782731607643278, -0.8782731957533313, -0.878273236420574, -0.8782732836875821, -0.8782733386254485, -0.8782734024791056, -0.8782734766955484, -0.8782735629566367, -0.8782736632172219, -0.8782737797494694, -0.8782739151943804, -0.8782740726216828, -0.8782742555994548, -0.8782744682750654, -0.8782747154692706, -0.8782750027856123, -0.8782753367376139, -0.8782757248966749, -0.8782761760640375, -0.8782767004707741, -0.8782773100103601, -0.8782780185091867, -0.8782788420412242, -0.8782797992941018, -0.8782809119950588, -0.8782822054066588, -0.878283708903805, -0.8782854566455512, -0.8782874883575065, -0.8782898502433238, -0.8782925960469757, -0.8782957882912961, -0.8782994997227538, -0.8783038149977958, -0.8783088326524624, -0.878314667404659, -0.8783214528476904, -0.8783293446048339, -0.878338524028292, -0.8783492025424767, -0.878361626751985, -0.8783760844598894, -0.8783929117734749, -0.8784125015140958, -0.8784353131978804, -0.8784618849178476, -0.8784928475401589, -0.8785289417338913, -0.8785710384934767, -0.8786201639979159, -0.8786775298981045, -0.8787445704576561, -0.8788229884290049, -0.8789148121775693, -0.879022467450214, -0.8791488684379241, -0.8792975345876907, -0.8794727422588023, -0.8796797242474115, -0.879924936160486, -0.8802164178439179, -0.8805642926858017, -0.8809814713867459, -0.8814846665974434, -0.8820958937478387, -0.8828447573833381, -0.8837720555367029, -0.8849356970522172, -0.8864209039982945, -0.8883589085410973, -0.8909640408037458, -0.8946157910671215, -0.9000722865038133, -0.9091840872287159, -0.9283910962793637, -1.0]'
