c = [1.0, 0.9283910962796809, 0.9091840872292255, 0.9000722865044791, 0.8946157910679292, 0.8909640408046863, 0.8883589085421637, 0.8864209039994807, 0.8849356970535175, 0.8837720555381112, 0.8828447573848496, 0.8820958937494464, 0.8814846665991426, 0.8809814713885317, 0.880564292687668, 0.880216417845859, 0.8799249361624972, 0.8796797242494884, 0.8794727422609392, 0.8792975345898836, 0.8791488684401682, 0.8790224674525052, 0.8789148121799043, 0.8788229884313793, 0.8787445704600667, 0.8786775299005484, 0.8786201640003898, 0.8785710384959782, 0.8785289417364169, 0.878492847542707, 0.8784618849204152, 0.8784353132004665, 0.8784125015166979, 0.8783929117760918, 0.8783760844625195, 0.8783616267546269, 0.8783492025451289, 0.8783385240309536, 0.8783293446075041, 0.8783214528503679, 0.8783146674073424, 0.8783088326551521, 0.8783038150004909, 0.8782994997254537, 0.8782957882940005, 0.878292596049684, 0.8782898502460345, 0.8782874883602204, 0.8782854566482677, 0.8782837089065239, 0.8782822054093797, 0.8782809119977818, 0.878279799296826, 0.8782788420439498, 0.8782780185119131, 0.8782773100130875, 0.8782767004735025, 0.8782761760667673, 0.878275724899405, 0.8782753367403446, 0.8782750027883433, 0.8782747154720024, 0.8782744682777981, 0.8782742556021875, 0.8782740726244158, 0.8782739151971135, 0.8782737797522027, 0.8782736632199556, 0.8782735629593709, 0.8782734766982825, 0.8782734024818394, 0.8782733386281829, 0.878273283690317, 0.8782732364233082, 0.8782731957560658, 0.8782731607670627, 0.8782731306634499, 0.8782731047630863, 0.8782730824790821, 0.8782730633064942, 0.8782730468108851, 0.8782730326184774, 0.8782730204076842, 0.878273009901821, 0.8782730008628358, 0.8782729930859151, 0.8782729863948431, 0.8782729806380078, 0.878272975684967, 0.8782729714234916, 0.8782729677570216, 0.8782729646024792, 0.8782729618883872, 0.8782729595532477, 0.8782729575441507, 0.8782729558155713, 0.8782729543283435, 0.8782729530487684, 0.8782729519478528, 0.8782729510006516, 0.8782729501857025, 0.87827294948454, 0.8782729488812766, 0.8782729483622428, 0.878272947915679, 0.878272947531466, 0.8782729472008983, 0.8782729469164859, 0.878272946671784, 0.8782729464612488, 0.8782729462801088, 0.8782729461242608, 0.8782729459901727, 0.8782729458748064, 0.8782729457755486, 0.8782729456901489, 0.8782729456166734, 0.8782729455534574, 0.8782729454990698, 0.8782729454522775, 0.8782729454120153, 0.8782729453773334, 0.8782729453472323, 0.8782729453197986, 0.8782729452872406, 0.8782729452069759, 0.8782729448328905, 0.8782729427302983, 0.8782729305253671, 0.8782728593333783, 0.8782724437675754, 0.8782700177490902, 0.8782558548490229, 0.8781731761475706, 0.8776906372453139, 0.874878279104326, 0.8586183675434642, 0.7688206975258807, 0.3769893704177828, -0.37698937041783653, -0.7688206975258957, -0.8586183675434672, -0.8748782791043268, -0.8776906372453137, -0.8781731761475702, -0.8782558548490222, -0.8782700177490896, -0.8782724437675749, -0.878272859333378, -0.8782729305253674, -0.8782729427302988, -0.878272944832891, -0.8782729452069779, -0.8782729452872454, -0.8782729453198079, -0.878272945347247, -0.8782729453773511, -0.8782729454120318, -0.8782729454522893, -0.8782729454990764, -0.8782729455534604, -0.8782729456166746, -0.8782729456901492, -0.878272945775548, -0.8782729458748065, -0.8782729459901729, -0.8782729461242611, -0.8782729462801092, -0.8782729464612489, -0.878272946671784, -0.8782729469164859, -0.8782729472008981, -0.8782729475314655, -0.8782729479156788, -0.8782729483622428, -0.8782729488812765, -0.8782729494845397, -0.8782729501857025, -0.8782729510006521, -0.8782729519478536, -0.8782729530487684, -0.8782729543283437, -0.8782729558155717, -0.8782729575441504, -0.8782729595532477, -0.8782729618883874, -0.8782729646024794, -0.8782729677570214, -0.8782729714234918, -0.8782729756849672, -0.8782729806380077, -0.8782729863948426, -0.8782729930859144, -0.8782730008628352, -0.8782730099018209, -0.8782730204076844, -0.8782730326184779, -0.8782730468108854, -0.8782730633064946, -0.8782730824790824, -0.8782731047630865, -0.8782731306634494, -0.8782731607670629, -0.8782731957560664, -0.8782732364233083, -0.8782732836903167, -0.8782733386281826, -0.8782734024818392, -0.8782734766982825, -0.8782735629593708, -0.8782736632199556, -0.8782737797522026, -0.8782739151971136, -0.8782740726244156, -0.8782742556021874, -0.8782744682777978, -0.8782747154720025, -0.8782750027883438, -0.878275336740345, -0.8782757248994051, -0.8782761760667666, -0.8782767004735021, -0.8782773100130873, -0.878278018511913, -0.8782788420439499, -0.8782797992968261, -0.8782809119977817, -0.87828220540938, -0.8782837089065235, -0.8782854566482675, -0.8782874883602201, -0.8782898502460345, -0.878292596049684, -0.8782957882940007, -0.8782994997254537, -0.8783038150004909, -0.8783088326551526, -0.8783146674073431, -0.8783214528503682, -0.878329344607504, -0.8783385240309538, -0.8783492025451292, -0.8783616267546271, -0.8783760844625197, -0.8783929117760915, -0.8784125015166975, -0.878435313200466, -0.8784618849204151, -0.8784928475427068, -0.8785289417364172, -0.8785710384959784, -0.8786201640003901, -0.8786775299005485, -0.8787445704600665, -0.878822988431379, -0.8789148121799044, -0.8790224674525057, -0.8791488684401687, -0.8792975345898839, -0.8794727422609393, -0.8796797242494884, -0.8799249361624975, -0.8802164178458594, -0.8805642926876684, -0.8809814713885316, -0.8814846665991429, -0.8820958937494466, -0.882844757384849, -0.8837720555381111, -0.8849356970535174, -0.8864209039994804, -0.8883589085421639, -0.8909640408046863, -0.8946157910679291, -0.9000722865044795, -0.9091840872292253, -0.9283910962796809, -1.0]'
