c = [1.0, 0.9283910962797919, 0.9091840872294163, 0.9000722865047384, 0.8946157910682501, 0.8909640408050655, 0.8883589085425982, 0.886420903999967, 0.8849356970540532, 0.8837720555386936, 0.8828447573854761, 0.8820958937501152, 0.8814846665998509, 0.8809814713892764, 0.8805642926884475, 0.8802164178466709, 0.8799249361633391, 0.879679724250358, 0.8794727422618349, 0.8792975345908031, 0.87914886844111, 0.8790224674534671, 0.8789148121808845, 0.8788229884323764, 0.8787445704610791, 0.8786775299015751, 0.8786201640014291, 0.8785710384970291, 0.8785289417374784, 0.878492847543778, 0.878461884921495, 0.8784353132015537, 0.8784125015177917, 0.878392911777192, 0.8783760844636255, 0.8783616267557377, 0.878349202546244, 0.8783385240320728, 0.8783293446086268, 0.8783214528514938, 0.8783146674084711, 0.8783088326562833, 0.8783038150016244, 0.8782994997265893, 0.8782957882951374, 0.8782925960508228, 0.8782898502471747, 0.8782874883613617, 0.8782854566494103, 0.8782837089076674, 0.8782822054105242, 0.8782809119989266, 0.8782797992979716, 0.878278842045096, 0.8782780185130598, 0.8782773100142348, 0.87827670047465, 0.878276176067915, 0.878275724900553, 0.8782753367414934, 0.8782750027894922, 0.8782747154731512, 0.8782744682789473, 0.8782742556033368, 0.8782740726255648, 0.8782739151982629, 0.8782737797533523, 0.8782736632211052, 0.8782735629605204, 0.8782734766994323, 0.8782734024829894, 0.8782733386293325, 0.8782732836914668, 0.8782732364244583, 0.8782731957572162, 0.8782731607682126, 0.8782731306645994, 0.8782731047642366, 0.8782730824802324, 0.8782730633076445, 0.8782730468120353, 0.8782730326196277, 0.8782730204088348, 0.8782730099029715, 0.8782730008639861, 0.8782729930870653, 0.878272986395993, 0.8782729806391582, 0.8782729756861176, 0.878272971424642, 0.8782729677581719, 0.8782729646036292, 0.8782729618895375, 0.8782729595543981, 0.8782729575453008, 0.8782729558167216, 0.8782729543294937, 0.8782729530499188, 0.8782729519490031, 0.8782729510018022, 0.8782729501868531, 0.8782729494856901, 0.8782729488824267, 0.8782729483633933, 0.8782729479168292, 0.8782729475326163, 0.8782729472020484, 0.8782729469176361, 0.8782729466729341, 0.878272946462399, 0.8782729462812592, 0.8782729461254108, 0.8782729459913231, 0.8782729458759568, 0.8782729457766987, 0.8782729456912992, 0.8782729456178238, 0.8782729455546077, 0.8782729455002187, 0.878272945453424, 0.8782729454131574, 0.8782729453784698, 0.8782729453515964, 0.8782729453328434, 0.8782729453101995, 0.8782729452791386, 0.878272945200164, 0.8782729448271898, 0.8782729427255542, 0.8782729305214463, 0.878272859330165, 0.8782724437649714, 0.8782700177470103, 0.8782558548473939, 0.8781731761463293, 0.8776906372444059, 0.8748782791037023, 0.8586183675430785, 0.768820697525733, 0.37698937041779174, -0.37698937041784525, -0.7688206975257479, -0.8586183675430812, -0.8748782791037025, -0.8776906372444057, -0.8781731761463291, -0.8782558548473938, -0.8782700177470099, -0.8782724437649713, -0.878272859330165, -0.8782729305214464, -0.8782729427255546, -0.8782729448271904, -0.8782729452001656, -0.8782729452791413, -0.8782729453102043, -0.8782729453359032, -0.8782729453604716, -0.8782729453820265, -0.8782729454131657, -0.8782729454534302, -0.8782729455002222, -0.8782729455546092, -0.8782729456178245, -0.8782729456912995, -0.8782729457766987, -0.8782729458759568, -0.878272945991323, -0.8782729461254113, -0.8782729462812595, -0.8782729464623988, -0.8782729466729345, -0.8782729469176361, -0.8782729472020486, -0.8782729475326158, -0.8782729479168289, -0.8782729483633932, -0.8782729488824267, -0.8782729494856899, -0.8782729501868528, -0.8782729510018025, -0.8782729519490033, -0.8782729530499188, -0.8782729543294941, -0.878272955816722, -0.8782729575453007, -0.8782729595543983, -0.8782729618895373, -0.8782729646036292, -0.8782729677581715, -0.8782729714246418, -0.8782729756861175, -0.878272980639158, -0.8782729863959928, -0.8782729930870651, -0.8782730008639856, -0.8782730099029711, -0.8782730204088345, -0.8782730326196279, -0.8782730468120352, -0.878273063307645, -0.8782730824802327, -0.8782731047642366, -0.8782731306645994, -0.8782731607682128, -0.8782731957572161, -0.8782732364244584, -0.8782732836914668, -0.8782733386293324, -0.8782734024829889, -0.8782734766994323, -0.8782735629605206, -0.8782736632211051, -0.8782737797533525, -0.878273915198263, -0.878274072625565, -0.8782742556033367, -0.8782744682789471, -0.878274715473151, -0.8782750027894921, -0.8782753367414933, -0.8782757249005532, -0.8782761760679147, -0.8782767004746499, -0.8782773100142348, -0.87827801851306, -0.8782788420450958, -0.8782797992979715, -0.8782809119989263, -0.878282205410524, -0.8782837089076672, -0.8782854566494102, -0.8782874883613614, -0.8782898502471745, -0.8782925960508228, -0.8782957882951379, -0.8782994997265895, -0.8783038150016245, -0.878308832656284, -0.8783146674084719, -0.8783214528514942, -0.878329344608627, -0.8783385240320727, -0.8783492025462442, -0.8783616267557375, -0.8783760844636253, -0.8783929117771917, -0.8784125015177917, -0.8784353132015533, -0.8784618849214947, -0.8784928475437777, -0.8785289417374783, -0.8785710384970289, -0.8786201640014295, -0.8786775299015749, -0.8787445704610793, -0.8788229884323762, -0.8789148121808843, -0.8790224674534672, -0.8791488684411101, -0.8792975345908036, -0.8794727422618352, -0.8796797242503581, -0.8799249361633394, -0.8802164178466713, -0.8805642926884476, -0.8809814713892764, -0.8814846665998509, -0.8820958937501151, -0.8828447573854759, -0.8837720555386935, -0.8849356970540531, -0.886420903999967, -0.8883589085425982, -0.8909640408050655, -0.8946157910682503, -0.9000722865047384, -0.9091840872294163, -0.9283910962797922, -1.0]'
