c = [1.0, 0.9283910962801788, 0.9091840872300275, 0.9000722865055308, 0.8946157910692062, 0.8909640408061741, 0.8883589085438522, 0.8864209040013584, 0.8849356970555761, 0.8837720555403423, 0.8828447573872432, 0.882095893751994, 0.8814846666018357, 0.880981471391361, 0.880564292690625, 0.8802164178489358, 0.8799249361656851, 0.8796797242527798, 0.879472742264327, 0.8792975345933599, 0.879148868443726, 0.8790224674561382, 0.8789148121836053, 0.8788229884351436, 0.8787445704638881, 0.8786775299044225, 0.8786201640043115, 0.878571038499943, 0.8785289417404211, 0.8784928475467462, 0.8784618849244864, 0.8784353132045661, 0.8784125015208232, 0.8783929117802405, 0.878376084466689, 0.8783616267588149, 0.8783492025493334, 0.878338524035173, 0.8783293446117367, 0.8783214528546127, 0.878314667411598, 0.8783088326594171, 0.8783038150047638, 0.8782994997297344, 0.8782957882982871, 0.8782925960539766, 0.8782898502503325, 0.8782874883645226, 0.8782854566525741, 0.8782837089108335, 0.8782822054136927, 0.878280912002097, 0.8782797993011443, 0.8782788420482703, 0.8782780185162354, 0.8782773100174113, 0.8782767004778277, 0.8782761760710938, 0.8782757249037331, 0.8782753367446737, 0.8782750027926733, 0.8782747154763327, 0.8782744682821285, 0.8782742556065192, 0.8782740726287477, 0.878273915201446, 0.8782737797565358, 0.8782736632242892, 0.8782735629637045, 0.8782734767026164, 0.8782734024861736, 0.8782733386325176, 0.8782732836946521, 0.8782732364276432, 0.8782731957604005, 0.8782731607713975, 0.8782731306677847, 0.8782731047674218, 0.8782730824834177, 0.8782730633108302, 0.8782730468152212, 0.8782730326228136, 0.8782730204120204, 0.8782730099061566, 0.8782730008671709, 0.8782729930902506, 0.8782729863991787, 0.8782729806423438, 0.8782729756893032, 0.8782729714278272, 0.8782729677613572, 0.8782729646068148, 0.8782729618927229, 0.8782729595575836, 0.8782729575484862, 0.8782729558199074, 0.8782729543326795, 0.8782729530531048, 0.8782729519521895, 0.8782729510049878, 0.8782729501900388, 0.8782729494888761, 0.8782729488856125, 0.878272948366579, 0.8782729479200146, 0.8782729475358019, 0.8782729472052341, 0.8782729469208219, 0.8782729466761201, 0.8782729464655844, 0.8782729462844453, 0.878272946128597, 0.8782729459945089, 0.8782729458791428, 0.8782729457798848, 0.8782729456944852, 0.8782729456210094, 0.8782729455577926, 0.8782729455034043, 0.8782729454566185, 0.8782729454163898, 0.8782729453818253, 0.878272945352135, 0.8782729453265699, 0.8782729453042872, 0.8782729452835307, 0.8782729452566751, 0.8782729451812935, 0.878272944811401, 0.8782729427124152, 0.8782729305105863, 0.8782728593212658, 0.8782724437577595, 0.8782700177412502, 0.8782558548428828, 0.8781731761428925, 0.877690637241891, 0.8748782791019725, 0.858618367541986, 0.7688206975250369, 0.37698937041737396, -0.37698937041742714, -0.7688206975250517, -0.8586183675419891, -0.874878279101973, -0.8776906372418912, -0.8781731761428927, -0.878255854842883, -0.8782700177412505, -0.87827244375776, -0.8782728593212664, -0.8782729305105865, -0.8782729427124149, -0.8782729448114013, -0.8782729451812966, -0.8782729452566905, -0.8782729452835776, -0.87827294530439, -0.878272945326734, -0.8782729453523269, -0.8782729453819887, -0.8782729454164888, -0.8782729454566602, -0.8782729455034164, -0.8782729455577949, -0.8782729456210091, -0.878272945694485, -0.8782729457798841, -0.8782729458791423, -0.8782729459945088, -0.8782729461285967, -0.8782729462844451, -0.8782729464655844, -0.8782729466761199, -0.8782729469208219, -0.8782729472052346, -0.8782729475358015, -0.8782729479200146, -0.878272948366579, -0.8782729488856119, -0.8782729494888758, -0.8782729501900389, -0.8782729510049884, -0.8782729519521891, -0.8782729530531049, -0.8782729543326796, -0.8782729558199073, -0.8782729575484864, -0.8782729595575839, -0.878272961892723, -0.878272964606815, -0.8782729677613573, -0.8782729714278279, -0.8782729756893033, -0.8782729806423436, -0.8782729863991784, -0.8782729930902504, -0.8782730008671709, -0.8782730099061568, -0.8782730204120203, -0.8782730326228132, -0.8782730468152207, -0.87827306331083, -0.8782730824834178, -0.878273104767422, -0.8782731306677851, -0.8782731607713977, -0.878273195760401, -0.8782732364276435, -0.878273283694652, -0.8782733386325173, -0.878273402486174, -0.8782734767026169, -0.878273562963705, -0.8782736632242893, -0.8782737797565363, -0.878273915201446, -0.8782740726287476, -0.8782742556065191, -0.8782744682821289, -0.8782747154763328, -0.8782750027926731, -0.878275336744674, -0.878275724903733, -0.8782761760710934, -0.8782767004778276, -0.8782773100174114, -0.8782780185162353, -0.8782788420482704, -0.8782797993011445, -0.8782809120020971, -0.8782822054136927, -0.8782837089108338, -0.8782854566525743, -0.8782874883645225, -0.8782898502503321, -0.8782925960539766, -0.8782957882982874, -0.8782994997297343, -0.8783038150047641, -0.8783088326594168, -0.8783146674115977, -0.8783214528546123, -0.8783293446117368, -0.8783385240351733, -0.8783492025493339, -0.8783616267588152, -0.8783760844666891, -0.8783929117802403, -0.8784125015208228, -0.8784353132045656, -0.8784618849244863, -0.878492847546746, -0.8785289417404207, -0.8785710384999427, -0.8786201640043113, -0.8786775299044224, -0.8787445704638884, -0.8788229884351436, -0.8789148121836058, -0.879022467456138, -0.8791488684437261, -0.8792975345933597, -0.8794727422643266, -0.8796797242527798, -0.8799249361656857, -0.8802164178489358, -0.8805642926906251, -0.8809814713913608, -0.8814846666018359, -0.8820958937519945, -0.882844757387243, -0.8837720555403421, -0.8849356970555763, -0.8864209040013588, -0.8883589085438519, -0.8909640408061741, -0.8946157910692055, -0.9000722865055307, -0.909184087230028, -0.9283910962801789, -1.0]'
