c = [1.0, 0.9283910962803835, 0.909184087230355, 0.9000722865059568, 0.894615791069722, 0.8909640408067742, 0.888358908544532, 0.8864209040021154, 0.8849356970564053, 0.8837720555412394, 0.8828447573882056, 0.8820958937530188, 0.881484666602918, 0.8809814713924978, 0.8805642926918135, 0.880216417850172, 0.8799249361669665, 0.8796797242541023, 0.8794727422656877, 0.879297534594756, 0.8791488684451547, 0.879022467457597, 0.8789148121850919, 0.8788229884366554, 0.8787445704654231, 0.8786775299059786, 0.8786201640058867, 0.8785710385015352, 0.8785289417420288, 0.8784928475483682, 0.8784618849261213, 0.8784353132062124, 0.87841250152248, 0.8783929117819061, 0.8783760844683631, 0.8783616267604966, 0.8783492025510218, 0.8783385240368674, 0.8783293446134368, 0.8783214528563174, 0.8783146674133068, 0.8783088326611297, 0.8783038150064798, 0.878299499731453, 0.8782957883000088, 0.8782925960557005, 0.8782898502520582, 0.87828748836625, 0.8782854566543035, 0.8782837089125642, 0.8782822054154248, 0.8782809120038307, 0.8782797993028784, 0.8782788420500052, 0.8782780185179712, 0.8782773100191482, 0.8782767004795653, 0.8782761760728313, 0.8782757249054711, 0.8782753367464124, 0.8782750027944118, 0.8782747154780721, 0.8782744682838686, 0.8782742556082588, 0.8782740726304874, 0.8782739152031865, 0.8782737797582763, 0.8782736632260295, 0.878273562965445, 0.8782734767043575, 0.878273402487915, 0.8782733386342579, 0.8782732836963921, 0.878273236429384, 0.8782731957621419, 0.8782731607731387, 0.8782731306695257, 0.8782731047691631, 0.8782730824851593, 0.8782730633125716, 0.8782730468169623, 0.8782730326245544, 0.878273020413761, 0.8782730099078978, 0.8782730008689127, 0.8782729930919918, 0.8782729864009198, 0.8782729806440845, 0.8782729756910445, 0.8782729714295686, 0.8782729677630984, 0.8782729646085558, 0.8782729618944639, 0.8782729595593249, 0.8782729575502274, 0.878272955821649, 0.8782729543344212, 0.8782729530548462, 0.8782729519539306, 0.8782729510067294, 0.8782729501917801, 0.8782729494906174, 0.8782729488873534, 0.8782729483683203, 0.8782729479217558, 0.8782729475375431, 0.8782729472069755, 0.8782729469225629, 0.8782729466778615, 0.878272946467326, 0.8782729462861864, 0.8782729461303381, 0.8782729459962503, 0.8782729458808841, 0.8782729457816256, 0.8782729456962258, 0.8782729456227502, 0.8782729455595341, 0.8782729455051442, 0.8782729454583489, 0.8782729454180891, 0.8782729453834558, 0.8782729453536802, 0.8782729453281122, 0.8782729453061403, 0.878272945286999, 0.8782729452689497, 0.8782729452443984, 0.8782729451709798, 0.8782729448027702, 0.8782729427052322, 0.8782729305046497, 0.8782728593164016, 0.8782724437538179, 0.8782700177381019, 0.8782558548404171, 0.8781731761410134, 0.8776906372405161, 0.8748782791010253, 0.8586183675413909, 0.76882069752468, 0.37698937041725433, -0.3769893704173068, -0.7688206975246945, -0.8586183675413938, -0.874878279101026, -0.8776906372405161, -0.8781731761410138, -0.8782558548404173, -0.8782700177381021, -0.8782724437538176, -0.8782728593164016, -0.8782729305046496, -0.8782729427052326, -0.8782729448027707, -0.8782729451709839, -0.8782729452444208, -0.878272945269026, -0.8782729452871606, -0.8782729453063586, -0.878272945328302, -0.8782729453537873, -0.8782729453834947, -0.8782729454180992, -0.8782729454583523, -0.8782729455051456, -0.8782729455595343, -0.8782729456227506, -0.8782729456962262, -0.8782729457816257, -0.8782729458808837, -0.8782729459962497, -0.8782729461303381, -0.8782729462861865, -0.8782729464673257, -0.8782729466778613, -0.8782729469225632, -0.8782729472069752, -0.8782729475375427, -0.878272947921756, -0.8782729483683201, -0.8782729488873533, -0.8782729494906171, -0.8782729501917795, -0.878272951006729, -0.8782729519539304, -0.8782729530548459, -0.878272954334421, -0.8782729558216488, -0.8782729575502277, -0.8782729595593254, -0.8782729618944642, -0.8782729646085561, -0.8782729677630983, -0.8782729714295685, -0.878272975691044, -0.878272980644085, -0.8782729864009199, -0.8782729930919916, -0.878273000868912, -0.8782730099078975, -0.8782730204137609, -0.8782730326245544, -0.8782730468169618, -0.878273063312571, -0.8782730824851588, -0.878273104769163, -0.878273130669526, -0.8782731607731386, -0.878273195762142, -0.8782732364293844, -0.8782732836963928, -0.8782733386342583, -0.878273402487915, -0.8782734767043571, -0.878273562965445, -0.8782736632260292, -0.8782737797582761, -0.8782739152031863, -0.8782740726304876, -0.878274255608259, -0.8782744682838686, -0.8782747154780718, -0.8782750027944118, -0.8782753367464121, -0.8782757249054707, -0.8782761760728315, -0.8782767004795652, -0.8782773100191479, -0.878278018517971, -0.8782788420500056, -0.8782797993028788, -0.8782809120038307, -0.8782822054154248, -0.8782837089125648, -0.8782854566543038, -0.8782874883662505, -0.8782898502520582, -0.8782925960557001, -0.8782957883000083, -0.8782994997314528, -0.8783038150064797, -0.8783088326611296, -0.8783146674133071, -0.8783214528563176, -0.8783293446134369, -0.8783385240368677, -0.8783492025510219, -0.8783616267604965, -0.8783760844683632, -0.8783929117819064, -0.87841250152248, -0.8784353132062123, -0.8784618849261209, -0.8784928475483678, -0.8785289417420287, -0.878571038501535, -0.8786201640058867, -0.878677529905978, -0.8787445704654232, -0.8788229884366552, -0.8789148121850918, -0.8790224674575969, -0.8791488684451552, -0.8792975345947558, -0.8794727422656876, -0.8796797242541022, -0.8799249361669665, -0.8802164178501724, -0.8805642926918137, -0.8809814713924979, -0.8814846666029182, -0.8820958937530188, -0.8828447573882058, -0.8837720555412396, -0.884935697056405, -0.8864209040021154, -0.8883589085445326, -0.8909640408067748, -0.8946157910697219, -0.9000722865059567, -0.9091840872303549, -0.9283910962803833, -1.0]'
