c = [1.0, 0.9283910962805715, 0.9091840872306526, 0.9000722865063429, 0.8946157910701877, 0.8909640408073155, 0.8883589085451445, 0.8864209040027948, 0.8849356970571494, 0.8837720555420453, 0.8828447573890693, 0.8820958937539375, 0.8814846666038887, 0.8809814713935177, 0.8805642926928792, 0.8802164178512806, 0.8799249361681145, 0.8796797242552875, 0.8794727422669069, 0.8792975345960072, 0.8791488684464354, 0.8790224674589044, 0.8789148121864239, 0.87882298843801, 0.8787445704667987, 0.8786775299073722, 0.8786201640072974, 0.8785710385029614, 0.878528941743469, 0.8784928475498209, 0.8784618849275856, 0.8784353132076869, 0.8784125015239637, 0.8783929117833984, 0.8783760844698627, 0.8783616267620029, 0.8783492025525343, 0.8783385240383854, 0.8783293446149592, 0.8783214528578442, 0.8783146674148372, 0.8783088326626634, 0.878303815008017, 0.8782994997329929, 0.8782957883015506, 0.8782925960572442, 0.8782898502536041, 0.8782874883677976, 0.8782854566558524, 0.878283708914115, 0.8782822054169763, 0.8782809120053827, 0.8782797993044316, 0.8782788420515593, 0.878278018519526, 0.878277310020703, 0.878276700481121, 0.8782761760743876, 0.8782757249070272, 0.8782753367479692, 0.8782750027959694, 0.8782747154796294, 0.8782744682854259, 0.8782742556098171, 0.8782740726320459, 0.8782739152047446, 0.8782737797598347, 0.8782736632275884, 0.8782735629670043, 0.8782734767059159, 0.8782734024894732, 0.8782733386358169, 0.8782732836979514, 0.8782732364309433, 0.8782731957637009, 0.8782731607746981, 0.8782731306710855, 0.8782731047707226, 0.8782730824867186, 0.8782730633141305, 0.878273046818521, 0.8782730326261139, 0.8782730204153208, 0.8782730099094572, 0.8782730008704719, 0.8782729930935509, 0.8782729864024792, 0.8782729806456441, 0.8782729756926035, 0.8782729714311279, 0.8782729677646577, 0.8782729646101154, 0.8782729618960236, 0.8782729595608848, 0.8782729575517876, 0.8782729558232083, 0.8782729543359808, 0.8782729530564058, 0.8782729519554902, 0.8782729510082892, 0.8782729501933394, 0.8782729494921769, 0.878272948888913, 0.8782729483698799, 0.8782729479233157, 0.8782729475391025, 0.8782729472085352, 0.8782729469241225, 0.8782729466794209, 0.8782729464688855, 0.878272946287746, 0.8782729461318979, 0.8782729459978095, 0.8782729458824432, 0.8782729457831849, 0.8782729456977858, 0.87827294562431, 0.878272945561093, 0.8782729455067033, 0.8782729454599073, 0.8782729454196451, 0.8782729453850057, 0.8782729453552041, 0.8782729453295655, 0.8782729453075043, 0.8782729452884835, 0.8782729452718564, 0.8782729452560146, 0.8782729452334297, 0.8782729451617451, 0.8782729447950409, 0.8782729426988002, 0.8782729304993333, 0.878272859312045, 0.8782724437502869, 0.8782700177352821, 0.8782558548382086, 0.8781731761393311, 0.8776906372392845, 0.8748782791001767, 0.8586183675408507, 0.7688206975243655, 0.3769893704170735, -0.3769893704171228, -0.7688206975243791, -0.8586183675408537, -0.874878279100177, -0.8776906372392844, -0.8781731761393309, -0.8782558548382086, -0.8782700177352817, -0.8782724437502871, -0.878272859312045, -0.8782729304993334, -0.8782729426988, -0.878272944795041, -0.8782729451617466, -0.8782729452334345, -0.878272945256025, -0.8782729452718729, -0.8782729452885035, -0.8782729453075231, -0.8782729453295789, -0.8782729453552107, -0.8782729453850081, -0.8782729454196462, -0.8782729454599075, -0.8782729455067034, -0.8782729455610931, -0.8782729456243098, -0.8782729456977859, -0.8782729457831853, -0.8782729458824432, -0.8782729459978096, -0.878272946131898, -0.8782729462877457, -0.8782729464688852, -0.878272946679421, -0.8782729469241227, -0.8782729472085349, -0.8782729475391026, -0.8782729479233152, -0.8782729483698792, -0.8782729488889129, -0.8782729494921765, -0.8782729501933393, -0.8782729510082886, -0.8782729519554899, -0.8782729530564058, -0.8782729543359804, -0.8782729558232082, -0.878272957551787, -0.8782729595608846, -0.8782729618960234, -0.878272964610116, -0.8782729677646582, -0.8782729714311281, -0.8782729756926035, -0.8782729806456442, -0.8782729864024792, -0.8782729930935512, -0.8782730008704719, -0.8782730099094571, -0.8782730204153203, -0.8782730326261137, -0.8782730468185216, -0.8782730633141305, -0.8782730824867184, -0.8782731047707224, -0.8782731306710854, -0.8782731607746982, -0.8782731957637014, -0.8782732364309431, -0.8782732836979512, -0.878273338635817, -0.8782734024894735, -0.8782734767059162, -0.8782735629670039, -0.8782736632275883, -0.8782737797598351, -0.8782739152047443, -0.8782740726320455, -0.8782742556098168, -0.8782744682854261, -0.8782747154796298, -0.8782750027959695, -0.8782753367479691, -0.8782757249070273, -0.8782761760743878, -0.878276700481121, -0.8782773100207034, -0.8782780185195257, -0.8782788420515597, -0.878279799304432, -0.878280912005383, -0.8782822054169762, -0.8782837089141144, -0.8782854566558521, -0.8782874883677975, -0.8782898502536037, -0.8782925960572444, -0.878295788301551, -0.878299499732993, -0.8783038150080168, -0.8783088326626634, -0.8783146674148371, -0.8783214528578437, -0.8783293446149593, -0.8783385240383853, -0.8783492025525345, -0.8783616267620029, -0.8783760844698627, -0.8783929117833984, -0.8784125015239638, -0.878435313207687, -0.8784618849275858, -0.8784928475498209, -0.8785289417434691, -0.878571038502961, -0.8786201640072971, -0.8786775299073719, -0.8787445704667982, -0.8788229884380093, -0.8789148121864239, -0.8790224674589041, -0.8791488684464355, -0.8792975345960071, -0.879472742266907, -0.8796797242552872, -0.8799249361681145, -0.8802164178512806, -0.8805642926928793, -0.8809814713935179, -0.8814846666038891, -0.8820958937539382, -0.8828447573890699, -0.883772055542046, -0.8849356970571496, -0.886420904002795, -0.8883589085451447, -0.8909640408073155, -0.8946157910701881, -0.9000722865063431, -0.9091840872306521, -0.9283910962805715, -1.0]'
