c = [1.0, 0.9283910962807245, 0.9091840872308969, 0.9000722865066619, 0.8946157910705739, 0.8909640408077638, 0.8883589085456526, 0.88642090400336, 0.8849356970577683, 0.8837720555427155, 0.8828447573897885, 0.8820958937547025, 0.8814846666046977, 0.880981471394367, 0.8805642926937666, 0.8802164178522037, 0.8799249361690709, 0.8796797242562749, 0.8794727422679232, 0.8792975345970502, 0.8791488684475026, 0.8790224674599943, 0.8789148121875348, 0.8788229884391391, 0.8787445704679445, 0.878677529908534, 0.8786201640084733, 0.8785710385041503, 0.8785289417446698, 0.8784928475510322, 0.8784618849288062, 0.8784353132089163, 0.8784125015252009, 0.8783929117846426, 0.8783760844711135, 0.8783616267632592, 0.8783492025537952, 0.878338524039651, 0.8783293446162288, 0.878321452859117, 0.8783146674161135, 0.8783088326639426, 0.8783038150092982, 0.878299499734276, 0.8782957883028363, 0.8782925960585316, 0.8782898502548929, 0.8782874883690883, 0.8782854566571439, 0.878283708915407, 0.8782822054182694, 0.8782809120066772, 0.878279799305727, 0.8782788420528549, 0.8782780185208224, 0.8782773100220002, 0.8782767004824177, 0.8782761760756852, 0.8782757249083255, 0.8782753367492675, 0.8782750027972678, 0.8782747154809286, 0.8782744682867253, 0.8782742556111158, 0.8782740726333452, 0.8782739152060443, 0.8782737797611347, 0.8782736632288878, 0.8782735629683033, 0.8782734767072158, 0.8782734024907732, 0.8782733386371171, 0.8782732836992516, 0.8782732364322435, 0.8782731957650017, 0.8782731607759985, 0.8782731306723855, 0.8782731047720225, 0.8782730824880183, 0.8782730633154306, 0.8782730468198217, 0.8782730326274141, 0.8782730204166208, 0.8782730099107571, 0.8782730008717721, 0.8782729930948513, 0.8782729864037793, 0.8782729806469443, 0.878272975693904, 0.8782729714324283, 0.878272967765958, 0.8782729646114162, 0.8782729618973244, 0.8782729595621849, 0.8782729575530878, 0.8782729558245089, 0.8782729543372811, 0.8782729530577064, 0.8782729519567904, 0.8782729510095895, 0.8782729501946397, 0.8782729494934773, 0.8782729488902135, 0.8782729483711798, 0.8782729479246161, 0.8782729475404031, 0.8782729472098354, 0.878272946925423, 0.8782729466807215, 0.8782729464701861, 0.8782729462890463, 0.8782729461331977, 0.8782729459991097, 0.8782729458837439, 0.8782729457844856, 0.8782729456990856, 0.8782729456256103, 0.8782729455623935, 0.8782729455080033, 0.8782729454612078, 0.8782729454209459, 0.8782729453863052, 0.8782729453565012, 0.8782729453308583, 0.8782729453087943, 0.878272945289803, 0.8782729452734189, 0.87827294525906, 0.8782729452451727, 0.8782729452242748, 0.8782729451540459, 0.8782729447885967, 0.8782729426934366, 0.8782729304949004, 0.8782728593084125, 0.8782724437473436, 0.8782700177329311, 0.8782558548363671, 0.8781731761379276, 0.8776906372382575, 0.8748782790994688, 0.8586183675404048, 0.7688206975241036, 0.37698937041696234, -0.3769893704170043, -0.7688206975241159, -0.8586183675404072, -0.8748782790994698, -0.8776906372382574, -0.8781731761379281, -0.8782558548363673, -0.8782700177329311, -0.8782724437473435, -0.8782728593084125, -0.8782729304949003, -0.8782729426934368, -0.8782729447885969, -0.8782729451540459, -0.8782729452242748, -0.8782729452451725, -0.8782729452590602, -0.8782729452734191, -0.8782729452898033, -0.8782729453087944, -0.8782729453308581, -0.8782729453565009, -0.8782729453863045, -0.8782729454209453, -0.8782729454612079, -0.8782729455080039, -0.8782729455623935, -0.8782729456256104, -0.8782729456990863, -0.8782729457844852, -0.8782729458837435, -0.8782729459991101, -0.8782729461331983, -0.8782729462890461, -0.8782729464701858, -0.8782729466807209, -0.8782729469254227, -0.8782729472098352, -0.8782729475404027, -0.8782729479246159, -0.8782729483711798, -0.8782729488902132, -0.8782729494934772, -0.8782729501946399, -0.878272951009589, -0.8782729519567902, -0.878272953057706, -0.8782729543372807, -0.8782729558245088, -0.878272957553088, -0.878272959562185, -0.878272961897324, -0.8782729646114159, -0.8782729677659582, -0.8782729714324287, -0.8782729756939043, -0.8782729806469446, -0.8782729864037792, -0.8782729930948513, -0.8782730008717722, -0.8782730099107572, -0.8782730204166208, -0.8782730326274141, -0.8782730468198218, -0.8782730633154308, -0.8782730824880187, -0.878273104772022, -0.878273130672385, -0.8782731607759978, -0.8782731957650011, -0.8782732364322435, -0.8782732836992516, -0.8782733386371172, -0.8782734024907738, -0.8782734767072156, -0.8782735629683031, -0.8782736632288876, -0.8782737797611342, -0.8782739152060443, -0.8782740726333452, -0.8782742556111158, -0.8782744682867248, -0.8782747154809284, -0.8782750027972679, -0.8782753367492674, -0.8782757249083252, -0.8782761760756852, -0.8782767004824181, -0.8782773100220002, -0.8782780185208221, -0.8782788420528547, -0.8782797993057265, -0.8782809120066768, -0.8782822054182694, -0.8782837089154073, -0.8782854566571443, -0.8782874883690883, -0.878289850254893, -0.8782925960585316, -0.8782957883028361, -0.8782994997342759, -0.8783038150092982, -0.8783088326639422, -0.8783146674161134, -0.8783214528591169, -0.8783293446162285, -0.8783385240396505, -0.8783492025537953, -0.8783616267632591, -0.8783760844711138, -0.8783929117846426, -0.8784125015252012, -0.8784353132089165, -0.8784618849288062, -0.8784928475510322, -0.8785289417446699, -0.8785710385041501, -0.8786201640084733, -0.8786775299085336, -0.8787445704679445, -0.878822988439139, -0.8789148121875344, -0.879022467459994, -0.8791488684475028, -0.8792975345970501, -0.8794727422679236, -0.879679724256275, -0.8799249361690712, -0.8802164178522041, -0.8805642926937671, -0.8809814713943677, -0.8814846666046978, -0.8820958937547029, -0.882844757389789, -0.8837720555427159, -0.8849356970577688, -0.8864209040033602, -0.8883589085456526, -0.8909640408077641, -0.8946157910705735, -0.9000722865066615, -0.9091840872308972, -0.9283910962807248, -1.0]'
