c = [1.0, 0.9283910962808544, 0.9091840872311048, 0.9000722865069327, 0.8946157910709021, 0.8909640408081466, 0.8883589085460861, 0.8864209040038422, 0.8849356970582968, 0.8837720555432882, 0.882844757390403, 0.8820958937553566, 0.8814846666053883, 0.8809814713950926, 0.880564292694525, 0.880216417852993, 0.8799249361698885, 0.8796797242571192, 0.879472742268792, 0.8792975345979416, 0.8791488684484151, 0.8790224674609256, 0.8789148121884833, 0.8788229884401041, 0.8787445704689244, 0.8786775299095272, 0.8786201640094788, 0.8785710385051666, 0.8785289417456961, 0.8784928475520676, 0.8784618849298499, 0.8784353132099673, 0.8784125015262586, 0.8783929117857063, 0.8783760844721822, 0.8783616267643327, 0.8783492025548731, 0.8783385240407324, 0.8783293446173139, 0.8783214528602054, 0.8783146674172042, 0.8783088326650353, 0.8783038150103935, 0.8782994997353732, 0.878295788303935, 0.8782925960596323, 0.8782898502559947, 0.8782874883701907, 0.8782854566582474, 0.8782837089165119, 0.8782822054193755, 0.8782809120077832, 0.8782797993068339, 0.8782788420539623, 0.8782780185219299, 0.8782773100231084, 0.8782767004835266, 0.878276176076794, 0.8782757249094345, 0.8782753367503772, 0.8782750027983777, 0.8782747154820381, 0.8782744682878352, 0.8782742556122265, 0.878274072634456, 0.8782739152071545, 0.8782737797622445, 0.8782736632299984, 0.8782735629694143, 0.8782734767083268, 0.8782734024918843, 0.8782733386382282, 0.8782732837003632, 0.8782732364333551, 0.8782731957661126, 0.8782731607771095, 0.8782731306734964, 0.8782731047731338, 0.8782730824891303, 0.8782730633165423, 0.8782730468209332, 0.8782730326285252, 0.8782730204177324, 0.8782730099118689, 0.8782730008728834, 0.8782729930959626, 0.8782729864048906, 0.8782729806480558, 0.8782729756950153, 0.8782729714335402, 0.87827296776707, 0.8782729646125275, 0.8782729618984358, 0.8782729595632969, 0.8782729575541994, 0.8782729558256205, 0.8782729543383926, 0.8782729530588178, 0.8782729519579018, 0.8782729510107009, 0.8782729501957514, 0.8782729494945885, 0.8782729488913253, 0.8782729483722916, 0.8782729479257276, 0.8782729475415147, 0.8782729472109473, 0.8782729469265348, 0.8782729466818329, 0.8782729464712972, 0.8782729462901576, 0.8782729461343097, 0.8782729460002215, 0.8782729458848549, 0.878272945785597, 0.8782729457001974, 0.8782729456267215, 0.8782729455635052, 0.8782729455091152, 0.8782729454623193, 0.878272945422057, 0.8782729453874166, 0.8782729453576124, 0.8782729453319696, 0.8782729453099076, 0.878272945290925, 0.8782729452745854, 0.8782729452604828, 0.8782729452480863, 0.8782729452358875, 0.8782729452164416, 0.8782729451474625, 0.8782729447830879, 0.8782729426888526, 0.8782729304911114, 0.8782728593053081, 0.878272443744827, 0.8782700177309212, 0.8782558548347928, 0.8781731761367283, 0.8776906372373796, 0.8748782790988651, 0.8586183675400245, 0.7688206975238816, 0.37698937041686553, -0.376989370416907, -0.7688206975238931, -0.8586183675400273, -0.874878279098866, -0.8776906372373802, -0.8781731761367286, -0.8782558548347931, -0.8782700177309211, -0.8782724437448274, -0.8782728593053079, -0.8782729304911115, -0.8782729426888525, -0.8782729447830879, -0.8782729451474628, -0.8782729452164424, -0.8782729452358882, -0.8782729452480877, -0.8782729452604844, -0.8782729452745874, -0.8782729452909264, -0.8782729453099087, -0.8782729453319708, -0.8782729453576131, -0.8782729453874164, -0.8782729454220571, -0.8782729454623194, -0.8782729455091149, -0.878272945563505, -0.8782729456267221, -0.8782729457001979, -0.8782729457855969, -0.8782729458848554, -0.8782729460002214, -0.8782729461343093, -0.8782729462901577, -0.8782729464712972, -0.8782729466818328, -0.8782729469265345, -0.8782729472109471, -0.8782729475415147, -0.8782729479257276, -0.8782729483722913, -0.8782729488913249, -0.8782729494945885, -0.878272950195751, -0.8782729510107008, -0.8782729519579022, -0.8782729530588175, -0.878272954338392, -0.8782729558256199, -0.8782729575541989, -0.8782729595632965, -0.8782729618984356, -0.8782729646125275, -0.8782729677670694, -0.8782729714335401, -0.8782729756950157, -0.878272980648056, -0.878272986404891, -0.8782729930959631, -0.8782730008728838, -0.8782730099118691, -0.8782730204177325, -0.878273032628525, -0.8782730468209328, -0.8782730633165419, -0.8782730824891299, -0.878273104773134, -0.8782731306734969, -0.8782731607771097, -0.8782731957661128, -0.8782732364333544, -0.8782732837003624, -0.878273338638228, -0.8782734024918843, -0.8782734767083271, -0.8782735629694148, -0.8782736632299986, -0.8782737797622449, -0.878273915207155, -0.878274072634456, -0.8782742556122265, -0.8782744682878352, -0.8782747154820386, -0.878275002798378, -0.8782753367503773, -0.8782757249094347, -0.8782761760767939, -0.8782767004835265, -0.8782773100231082, -0.8782780185219297, -0.8782788420539623, -0.8782797993068341, -0.8782809120077837, -0.8782822054193753, -0.878283708916512, -0.8782854566582473, -0.8782874883701907, -0.8782898502559947, -0.878292596059632, -0.8782957883039352, -0.8782994997353735, -0.8783038150103933, -0.8783088326650353, -0.8783146674172041, -0.8783214528602049, -0.8783293446173139, -0.8783385240407322, -0.8783492025548731, -0.8783616267643323, -0.8783760844721819, -0.8783929117857059, -0.8784125015262586, -0.8784353132099669, -0.8784618849298499, -0.8784928475520676, -0.878528941745696, -0.8785710385051667, -0.8786201640094788, -0.8786775299095271, -0.8787445704689243, -0.878822988440104, -0.8789148121884834, -0.8790224674609255, -0.8791488684484148, -0.8792975345979415, -0.8794727422687924, -0.8796797242571193, -0.8799249361698888, -0.8802164178529929, -0.8805642926945253, -0.8809814713950929, -0.8814846666053887, -0.8820958937553566, -0.8828447573904028, -0.8837720555432884, -0.8849356970582972, -0.8864209040038424, -0.8883589085460866, -0.8909640408081466, -0.8946157910709023, -0.9000722865069328, -0.9091840872311049, -0.9283910962808543, -1.0]'
