c = [1.0, 0.9283910962809657, 0.9091840872312834, 0.9000722865071664, 0.8946157910711852, 0.8909640408084761, 0.8883589085464597, 0.8864209040042579, 0.8849356970587525, 0.8837720555437817, 0.8828447573909322, 0.8820958937559193, 0.8814846666059832, 0.8809814713957179, 0.8805642926951783, 0.8802164178536726, 0.8799249361705926, 0.8796797242578462, 0.8794727422695403, 0.8792975345987091, 0.8791488684492004, 0.8790224674617276, 0.8789148121893007, 0.8788229884409352, 0.8787445704697683, 0.8786775299103826, 0.8786201640103446, 0.878571038506042, 0.8785289417465801, 0.8784928475529596, 0.8784618849307491, 0.8784353132108729, 0.8784125015271694, 0.8783929117866225, 0.8783760844731029, 0.8783616267652574, 0.8783492025558018, 0.8783385240416643, 0.8783293446182484, 0.8783214528611419, 0.8783146674181437, 0.8783088326659768, 0.878303815011337, 0.8782994997363189, 0.8782957883048816, 0.8782925960605796, 0.8782898502569435, 0.878287488371141, 0.8782854566591989, 0.8782837089174637, 0.8782822054203281, 0.8782809120087366, 0.878279799307787, 0.8782788420549165, 0.8782780185228847, 0.8782773100240632, 0.8782767004844816, 0.8782761760777498, 0.8782757249103904, 0.8782753367513328, 0.8782750027993337, 0.8782747154829948, 0.8782744682887921, 0.8782742556131828, 0.878274072635412, 0.8782739152081114, 0.8782737797632019, 0.8782736632309556, 0.8782735629703715, 0.8782734767092841, 0.878273402492842, 0.8782733386391857, 0.8782732837013201, 0.8782732364343118, 0.8782731957670694, 0.8782731607780666, 0.878273130674454, 0.8782731047740914, 0.8782730824900874, 0.8782730633174991, 0.8782730468218903, 0.8782730326294825, 0.8782730204186893, 0.8782730099128258, 0.8782730008738405, 0.87827299309692, 0.8782729864058482, 0.8782729806490137, 0.8782729756959733, 0.8782729714344975, 0.8782729677680274, 0.8782729646134854, 0.8782729618993932, 0.8782729595642543, 0.8782729575551566, 0.8782729558265778, 0.8782729543393498, 0.8782729530597752, 0.8782729519588593, 0.878272951011658, 0.878272950196709, 0.8782729494955462, 0.8782729488922824, 0.8782729483732488, 0.8782729479266852, 0.8782729475424721, 0.8782729472119044, 0.8782729469274917, 0.8782729466827901, 0.8782729464722548, 0.8782729462911151, 0.8782729461352667, 0.8782729460011791, 0.8782729458858127, 0.8782729457865542, 0.8782729457011552, 0.8782729456276798, 0.878272945564463, 0.8782729455100728, 0.8782729454632769, 0.8782729454230146, 0.8782729453883737, 0.8782729453585698, 0.8782729453329274, 0.8782729453108653, 0.8782729452918837, 0.8782729452755506, 0.8782729452614907, 0.8782729452493487, 0.8782729452386402, 0.8782729452278932, 0.8782729452096973, 0.8782729451417929, 0.8782729447783436, 0.8782729426849037, 0.8782729304878478, 0.8782728593026332, 0.8782724437426598, 0.8782700177291901, 0.8782558548334374, 0.8781731761356953, 0.8776906372366238, 0.8748782790983451, 0.8586183675396969, 0.7688206975236949, 0.3769893704167689, -0.37698937041680697, -0.7688206975237054, -0.8586183675396991, -0.8748782790983454, -0.877690637236624, -0.8781731761356958, -0.8782558548334377, -0.8782700177291903, -0.8782724437426601, -0.8782728593026334, -0.8782729304878478, -0.878272942684904, -0.8782729447783432, -0.8782729451417929, -0.8782729452096972, -0.8782729452278938, -0.8782729452386404, -0.8782729452493495, -0.8782729452614914, -0.8782729452755512, -0.8782729452918835, -0.8782729453108654, -0.8782729453329278, -0.8782729453585698, -0.8782729453883736, -0.8782729454230147, -0.8782729454632769, -0.8782729455100725, -0.8782729455644629, -0.8782729456276791, -0.8782729457011548, -0.8782729457865543, -0.8782729458858127, -0.8782729460011788, -0.8782729461352671, -0.8782729462911152, -0.8782729464722552, -0.8782729466827904, -0.878272946927492, -0.8782729472119043, -0.8782729475424719, -0.8782729479266848, -0.8782729483732492, -0.8782729488922828, -0.878272949495546, -0.8782729501967085, -0.8782729510116577, -0.8782729519588591, -0.8782729530597748, -0.8782729543393497, -0.8782729558265773, -0.8782729575551562, -0.8782729595642538, -0.8782729618993929, -0.8782729646134846, -0.8782729677680271, -0.8782729714344975, -0.8782729756959733, -0.8782729806490136, -0.8782729864058485, -0.8782729930969199, -0.8782730008738407, -0.878273009912826, -0.8782730204186895, -0.8782730326294829, -0.8782730468218902, -0.8782730633174995, -0.8782730824900874, -0.8782731047740907, -0.8782731306744535, -0.8782731607780665, -0.8782731957670696, -0.8782732364343121, -0.8782732837013202, -0.878273338639185, -0.8782734024928414, -0.878273476709284, -0.8782735629703716, -0.8782736632309557, -0.8782737797632018, -0.8782739152081117, -0.8782740726354127, -0.8782742556131833, -0.8782744682887917, -0.8782747154829944, -0.8782750027993336, -0.8782753367513328, -0.8782757249103902, -0.8782761760777497, -0.8782767004844821, -0.8782773100240635, -0.8782780185228843, -0.8782788420549162, -0.8782797993077868, -0.8782809120087359, -0.8782822054203275, -0.8782837089174635, -0.8782854566591985, -0.8782874883711408, -0.8782898502569434, -0.87829259606058, -0.8782957883048819, -0.8782994997363186, -0.8783038150113371, -0.8783088326659769, -0.8783146674181438, -0.8783214528611423, -0.8783293446182481, -0.878338524041664, -0.8783492025558017, -0.878361626765257, -0.8783760844731028, -0.878392911786622, -0.8784125015271695, -0.8784353132108728, -0.8784618849307491, -0.8784928475529595, -0.8785289417465804, -0.8785710385060423, -0.8786201640103449, -0.8786775299103827, -0.8787445704697682, -0.8788229884409354, -0.878914812189301, -0.8790224674617281, -0.8791488684492005, -0.8792975345987087, -0.8794727422695404, -0.8796797242578459, -0.879924936170593, -0.8802164178536723, -0.8805642926951783, -0.8809814713957179, -0.8814846666059835, -0.8820958937559192, -0.8828447573909323, -0.8837720555437816, -0.8849356970587524, -0.8864209040042581, -0.8883589085464603, -0.8909640408084762, -0.8946157910711854, -0.9000722865071665, -0.9091840872312835, -0.9283910962809659, -1.0]'
