c = [1.0, 0.9283910962810599, 0.9091840872314346, 0.9000722865073646, 0.8946157910714255, 0.8909640408087564, 0.8883589085467778, 0.8864209040046116, 0.88493569705914, 0.8837720555442014, 0.8828447573913825, 0.8820958937563991, 0.88148466660649, 0.8809814713962505, 0.8805642926957346, 0.8802164178542516, 0.879924936171193, 0.8796797242584655, 0.8794727422701774, 0.8792975345993631, 0.8791488684498698, 0.8790224674624112, 0.878914812189997, 0.8788229884416435, 0.8787445704704873, 0.8786775299111115, 0.8786201640110824, 0.8785710385067879, 0.8785289417473336, 0.8784928475537198, 0.8784618849315149, 0.8784353132116443, 0.8784125015279458, 0.8783929117874029, 0.8783760844738876, 0.8783616267660456, 0.8783492025565927, 0.8783385240424578, 0.8783293446190448, 0.8783214528619406, 0.8783146674189444, 0.8783088326667797, 0.8783038150121409, 0.8782994997371238, 0.8782957883056881, 0.8782925960613875, 0.8782898502577525, 0.8782874883719504, 0.8782854566600091, 0.8782837089182747, 0.878282205421139, 0.8782809120095485, 0.8782797993085998, 0.8782788420557293, 0.8782780185236975, 0.878277310024877, 0.8782767004852957, 0.8782761760785633, 0.8782757249112045, 0.8782753367521475, 0.8782750028001487, 0.8782747154838091, 0.8782744682896063, 0.8782742556139979, 0.8782740726362274, 0.8782739152089266, 0.8782737797640171, 0.8782736632317713, 0.8782735629711872, 0.8782734767100999, 0.8782734024936574, 0.878273338640001, 0.8782732837021353, 0.8782732364351276, 0.8782731957678857, 0.8782731607788826, 0.8782731306752697, 0.8782731047749066, 0.878273082490903, 0.8782730633183149, 0.8782730468227058, 0.8782730326302982, 0.8782730204195051, 0.8782730099136419, 0.8782730008746565, 0.8782729930977363, 0.8782729864066644, 0.8782729806498294, 0.8782729756967891, 0.8782729714353137, 0.8782729677688431, 0.8782729646143012, 0.8782729619002089, 0.8782729595650701, 0.8782729575559725, 0.8782729558273937, 0.8782729543401656, 0.8782729530605905, 0.8782729519596755, 0.878272951012474, 0.8782729501975247, 0.878272949496362, 0.8782729488930986, 0.8782729483740651, 0.8782729479275009, 0.8782729475432877, 0.87827294721272, 0.8782729469283079, 0.878272946683606, 0.8782729464730703, 0.8782729462919311, 0.8782729461360826, 0.8782729460019943, 0.8782729458866286, 0.8782729457873705, 0.8782729457019708, 0.8782729456284952, 0.8782729455652787, 0.8782729455108884, 0.8782729454640922, 0.87827294542383, 0.8782729453891897, 0.8782729453593859, 0.8782729453337437, 0.8782729453116814, 0.8782729452927017, 0.8782729452763757, 0.8782729452623355, 0.8782729452502543, 0.8782729452398175, 0.8782729452305702, 0.8782729452210735, 0.8782729452039468, 0.8782729451369604, 0.8782729447742995, 0.8782729426815387, 0.8782729304850665, 0.8782728593003543, 0.8782724437408129, 0.8782700177277148, 0.8782558548322823, 0.8781731761348153, 0.8776906372359802, 0.874878279097902, 0.8586183675394192, 0.7688206975235296, 0.3769893704167128, -0.3769893704167514, -0.7688206975235407, -0.8586183675394214, -0.8748782790979027, -0.8776906372359803, -0.8781731761348156, -0.8782558548322823, -0.8782700177277152, -0.878272443740813, -0.8782728593003543, -0.8782729304850665, -0.8782729426815389, -0.8782729447743001, -0.8782729451369603, -0.878272945203948, -0.8782729452210783, -0.8782729452305821, -0.8782729452398377, -0.8782729452502804, -0.8782729452623594, -0.8782729452763913, -0.8782729452927088, -0.8782729453116841, -0.878272945333744, -0.8782729453593857, -0.8782729453891898, -0.8782729454238299, -0.8782729454640921, -0.8782729455108882, -0.878272945565278, -0.8782729456284949, -0.8782729457019707, -0.87827294578737, -0.8782729458866287, -0.8782729460019947, -0.8782729461360824, -0.8782729462919306, -0.8782729464730703, -0.8782729466836054, -0.8782729469283077, -0.8782729472127203, -0.8782729475432877, -0.8782729479275003, -0.8782729483740647, -0.878272948893098, -0.8782729494963618, -0.8782729501975245, -0.8782729510124735, -0.8782729519596747, -0.8782729530605905, -0.8782729543401655, -0.8782729558273931, -0.8782729575559723, -0.8782729595650696, -0.878272961900209, -0.8782729646143007, -0.8782729677688431, -0.8782729714353128, -0.8782729756967884, -0.878272980649829, -0.8782729864066641, -0.8782729930977362, -0.8782730008746569, -0.8782730099136422, -0.8782730204195056, -0.8782730326302982, -0.8782730468227059, -0.8782730633183149, -0.8782730824909029, -0.8782731047749068, -0.8782731306752697, -0.8782731607788821, -0.8782731957678851, -0.8782732364351278, -0.8782732837021359, -0.878273338640001, -0.8782734024936569, -0.8782734767100997, -0.8782735629711871, -0.878273663231771, -0.8782737797640171, -0.8782739152089265, -0.8782740726362271, -0.8782742556139976, -0.8782744682896064, -0.8782747154838094, -0.8782750028001487, -0.8782753367521478, -0.8782757249112046, -0.8782761760785635, -0.8782767004852952, -0.8782773100248762, -0.8782780185236976, -0.8782788420557291, -0.8782797993085996, -0.8782809120095483, -0.8782822054211387, -0.8782837089182746, -0.8782854566600089, -0.8782874883719505, -0.8782898502577525, -0.8782925960613873, -0.878295788305688, -0.8782994997371236, -0.8783038150121404, -0.8783088326667794, -0.8783146674189444, -0.8783214528619404, -0.8783293446190447, -0.8783385240424578, -0.8783492025565928, -0.8783616267660452, -0.8783760844738874, -0.8783929117874028, -0.8784125015279458, -0.8784353132116441, -0.878461884931515, -0.8784928475537197, -0.8785289417473336, -0.8785710385067884, -0.8786201640110831, -0.878677529911112, -0.8787445704704873, -0.8788229884416433, -0.8789148121899972, -0.879022467462411, -0.87914886844987, -0.8792975345993627, -0.8794727422701771, -0.8796797242584653, -0.8799249361711927, -0.8802164178542512, -0.8805642926957351, -0.8809814713962502, -0.8814846666064902, -0.8820958937563991, -0.8828447573913826, -0.8837720555442015, -0.88493569705914, -0.8864209040046117, -0.8883589085467778, -0.8909640408087564, -0.8946157910714257, -0.9000722865073647, -0.909184087231435, -0.9283910962810599, -1.0]'
