c = [1.0, 0.9283910962811144, 0.9091840872315259, 0.9000722865074867, 0.8946157910715762, 0.8909640408089331, 0.8883589085469792, 0.8864209040048364, 0.8849356970593872, 0.8837720555444702, 0.882844757391671, 0.8820958937567068, 0.8814846666068156, 0.8809814713965929, 0.8805642926960934, 0.8802164178546246, 0.8799249361715792, 0.8796797242588648, 0.8794727422705886, 0.8792975345997848, 0.8791488684503016, 0.8790224674628521, 0.8789148121904465, 0.8788229884421005, 0.8787445704709514, 0.8786775299115821, 0.8786201640115592, 0.8785710385072701, 0.8785289417478201, 0.8784928475542108, 0.8784618849320099, 0.8784353132121424, 0.8784125015284473, 0.8783929117879073, 0.8783760844743942, 0.8783616267665543, 0.8783492025571039, 0.8783385240429707, 0.8783293446195594, 0.8783214528624571, 0.8783146674194616, 0.8783088326672978, 0.8783038150126601, 0.8782994997376441, 0.8782957883062095, 0.878292596061909, 0.8782898502582749, 0.8782874883724734, 0.8782854566605321, 0.8782837089187985, 0.8782822054216635, 0.878280912010073, 0.8782797993091244, 0.8782788420562545, 0.8782780185242234, 0.8782773100254023, 0.8782767004858214, 0.8782761760790896, 0.8782757249117312, 0.8782753367526734, 0.8782750028006745, 0.8782747154843357, 0.8782744682901331, 0.8782742556145245, 0.878274072636754, 0.8782739152094534, 0.8782737797645443, 0.878273663232298, 0.8782735629717141, 0.8782734767106265, 0.8782734024941838, 0.8782733386405279, 0.8782732837026628, 0.8782732364356545, 0.8782731957684126, 0.8782731607794092, 0.8782731306757967, 0.8782731047754336, 0.8782730824914299, 0.878273063318842, 0.8782730468232329, 0.8782730326308255, 0.8782730204200322, 0.8782730099141692, 0.878273000875184, 0.8782729930982631, 0.8782729864071915, 0.8782729806503566, 0.8782729756973161, 0.8782729714358406, 0.87827296776937, 0.878272964614828, 0.8782729619007357, 0.878272959565597, 0.8782729575564995, 0.8782729558279204, 0.878272954340693, 0.8782729530611177, 0.8782729519602022, 0.8782729510130011, 0.8782729501980521, 0.8782729494968893, 0.8782729488936255, 0.8782729483745916, 0.8782729479280278, 0.8782729475438149, 0.8782729472132472, 0.8782729469288346, 0.8782729466841331, 0.8782729464735977, 0.8782729462924576, 0.8782729461366099, 0.8782729460025219, 0.8782729458871557, 0.8782729457878975, 0.8782729457024981, 0.8782729456290223, 0.8782729455658054, 0.8782729455114154, 0.8782729454646194, 0.8782729454243574, 0.8782729453897171, 0.878272945359913, 0.8782729453342705, 0.8782729453122083, 0.8782729452932274, 0.8782729452768974, 0.878272945262848, 0.8782729452508821, 0.8782729452410772, 0.878272945232969, 0.8782729452252743, 0.8782729452166753, 0.8782729452002338, 0.8782729451338388, 0.8782729447716873, 0.8782729426793645, 0.8782729304832694, 0.878272859298882, 0.8782724437396197, 0.878270017726762, 0.8782558548315356, 0.8781731761342465, 0.8776906372355635, 0.874878279097616, 0.8586183675392434, 0.7688206975234486, 0.3769893704166729, -0.37698937041671127, -0.7688206975234595, -0.8586183675392455, -0.8748782790976164, -0.8776906372355642, -0.8781731761342468, -0.8782558548315358, -0.8782700177267622, -0.8782724437396199, -0.8782728592988822, -0.8782729304832694, -0.8782729426793647, -0.8782729447716879, -0.8782729451338392, -0.8782729452002345, -0.8782729452166772, -0.8782729452253849, -0.8782729452335973, -0.8782729452422382, -0.8782729452516133, -0.8782729452629989, -0.8782729452769015, -0.8782729452932296, -0.8782729453122091, -0.8782729453342705, -0.8782729453599128, -0.8782729453897168, -0.8782729454243572, -0.8782729454646194, -0.8782729455114152, -0.8782729455658057, -0.8782729456290221, -0.8782729457024978, -0.8782729457878972, -0.8782729458871555, -0.8782729460025216, -0.87827294613661, -0.8782729462924581, -0.8782729464735975, -0.8782729466841327, -0.8782729469288345, -0.8782729472132469, -0.8782729475438148, -0.8782729479280277, -0.8782729483745916, -0.878272948893625, -0.8782729494968889, -0.8782729501980518, -0.8782729510130006, -0.8782729519602023, -0.8782729530611176, -0.8782729543406927, -0.8782729558279204, -0.8782729575564996, -0.8782729595655966, -0.8782729619007357, -0.8782729646148276, -0.8782729677693699, -0.8782729714358403, -0.8782729756973157, -0.8782729806503564, -0.8782729864071914, -0.8782729930982629, -0.8782730008751836, -0.8782730099141689, -0.8782730204200322, -0.8782730326308256, -0.8782730468232331, -0.8782730633188418, -0.8782730824914295, -0.878273104775434, -0.8782731306757967, -0.8782731607794093, -0.8782731957684121, -0.8782732364356548, -0.8782732837026627, -0.8782733386405279, -0.878273402494184, -0.8782734767106262, -0.8782735629717136, -0.8782736632322976, -0.8782737797645438, -0.8782739152094536, -0.8782740726367545, -0.8782742556145248, -0.8782744682901331, -0.8782747154843358, -0.8782750028006745, -0.8782753367526733, -0.8782757249117307, -0.8782761760790895, -0.8782767004858214, -0.8782773100254023, -0.8782780185242228, -0.8782788420562544, -0.8782797993091246, -0.8782809120100731, -0.8782822054216637, -0.8782837089187984, -0.8782854566605325, -0.8782874883724733, -0.8782898502582743, -0.8782925960619091, -0.8782957883062094, -0.8782994997376438, -0.8783038150126601, -0.8783088326672976, -0.8783146674194617, -0.8783214528624569, -0.8783293446195594, -0.8783385240429709, -0.8783492025571039, -0.8783616267665545, -0.8783760844743943, -0.8783929117879071, -0.8784125015284472, -0.8784353132121424, -0.87846188493201, -0.8784928475542109, -0.8785289417478201, -0.8785710385072699, -0.8786201640115594, -0.8786775299115821, -0.8787445704709518, -0.8788229884421006, -0.8789148121904463, -0.8790224674628521, -0.8791488684503015, -0.8792975345997845, -0.8794727422705888, -0.8796797242588645, -0.8799249361715793, -0.8802164178546242, -0.8805642926960932, -0.8809814713965926, -0.8814846666068157, -0.8820958937567069, -0.8828447573916715, -0.88377205554447, -0.8849356970593876, -0.8864209040048364, -0.8883589085469793, -0.8909640408089332, -0.8946157910715764, -0.900072286507487, -0.9091840872315261, -0.9283910962811147, -1.0]'
