c = [1.0, 0.9283910962812156, 0.909184087231684, 0.9000722865076896, 0.894615791071819, 0.8909640408092137, 0.8883589085472956, 0.8864209040051876, 0.8849356970597708, 0.883772055544885, 0.8828447573921153, 0.882095893757179, 0.8814846666073147, 0.8809814713971164, 0.8805642926966397, 0.8802164178551929, 0.8799249361721679, 0.8796797242594722, 0.8794727422712134, 0.8792975346004259, 0.8791488684509574, 0.8790224674635215, 0.8789148121911285, 0.8788229884427943, 0.878744570471656, 0.8786775299122962, 0.8786201640122817, 0.8785710385080007, 0.8785289417485578, 0.8784928475549546, 0.8784618849327599, 0.8784353132128978, 0.878412501529207, 0.8783929117886708, 0.878376084475162, 0.8783616267673254, 0.8783492025578781, 0.8783385240437482, 0.8783293446203391, 0.8783214528632385, 0.8783146674202451, 0.8783088326680834, 0.8783038150134477, 0.8782994997384325, 0.8782957883069992, 0.8782925960627002, 0.878289850259066, 0.8782874883732656, 0.8782854566613255, 0.8782837089195922, 0.8782822054224575, 0.878280912010868, 0.87827979930992, 0.8782788420570501, 0.8782780185250191, 0.878277310026199, 0.8782767004866185, 0.8782761760798864, 0.8782757249125277, 0.8782753367534709, 0.8782750028014721, 0.8782747154851333, 0.8782744682909309, 0.8782742556153226, 0.8782740726375526, 0.878273915210252, 0.8782737797653424, 0.8782736632330961, 0.8782735629725118, 0.8782734767114247, 0.8782734024949824, 0.8782733386413264, 0.878273283703461, 0.8782732364364526, 0.878273195769211, 0.8782731607802077, 0.878273130676595, 0.8782731047762321, 0.8782730824922281, 0.8782730633196407, 0.8782730468240314, 0.8782730326316245, 0.8782730204208313, 0.8782730099149677, 0.8782730008759827, 0.8782729930990621, 0.8782729864079901, 0.8782729806511553, 0.8782729756981145, 0.8782729714366392, 0.8782729677701685, 0.8782729646156265, 0.8782729619015344, 0.8782729595663953, 0.8782729575572983, 0.878272955828719, 0.8782729543414914, 0.8782729530619163, 0.8782729519610012, 0.8782729510138, 0.8782729501988505, 0.8782729494976873, 0.8782729488944239, 0.8782729483753907, 0.8782729479288265, 0.8782729475446134, 0.8782729472140461, 0.8782729469296335, 0.8782729466849315, 0.8782729464743964, 0.878272946293257, 0.8782729461374087, 0.8782729460033207, 0.8782729458879546, 0.8782729457886961, 0.8782729457032964, 0.8782729456298208, 0.8782729455666043, 0.8782729455122144, 0.8782729454654183, 0.8782729454251561, 0.8782729453905155, 0.8782729453607113, 0.878272945335069, 0.8782729453130068, 0.8782729452940251, 0.8782729452776934, 0.8782729452636422, 0.8782729452515523, 0.8782729452411497, 0.878272945232191, 0.8782729452244387, 0.8782729452175063, 0.8782729452100084, 0.878272945194608, 0.8782729451291094, 0.8782729447677301, 0.8782729426760715, 0.8782729304805479, 0.8782728592966516, 0.8782724437378124, 0.8782700177253182, 0.8782558548304052, 0.8781731761333856, 0.8776906372349335, 0.8748782790971815, 0.8586183675389643, 0.768820697523266, 0.37698937041657915, -0.37698937041662034, -0.7688206975232774, -0.8586183675389663, -0.8748782790971815, -0.8776906372349332, -0.8781731761333853, -0.8782558548304054, -0.8782700177253181, -0.878272443737812, -0.8782728592966519, -0.8782729304805479, -0.8782729426760713, -0.8782729447677301, -0.8782729451291097, -0.878272945194608, -0.8782729452100085, -0.8782729452175064, -0.8782729452244392, -0.8782729452321911, -0.8782729452411495, -0.8782729452515521, -0.8782729452636417, -0.8782729452776931, -0.8782729452940246, -0.8782729453130066, -0.8782729453350687, -0.8782729453607114, -0.8782729453905156, -0.878272945425156, -0.878272945465418, -0.8782729455122139, -0.8782729455666042, -0.8782729456298205, -0.8782729457032966, -0.8782729457886962, -0.8782729458879541, -0.87827294600332, -0.8782729461374083, -0.8782729462932566, -0.8782729464743965, -0.8782729466849318, -0.8782729469296332, -0.8782729472140456, -0.8782729475446135, -0.8782729479288266, -0.8782729483753904, -0.8782729488944241, -0.8782729494976879, -0.8782729501988507, -0.8782729510137998, -0.8782729519610011, -0.8782729530619161, -0.8782729543414911, -0.8782729558287189, -0.8782729575572981, -0.8782729595663956, -0.8782729619015347, -0.8782729646156268, -0.8782729677701689, -0.8782729714366386, -0.8782729756981142, -0.8782729806511549, -0.8782729864079897, -0.878272993099062, -0.8782730008759826, -0.8782730099149675, -0.8782730204208307, -0.8782730326316243, -0.8782730468240318, -0.8782730633196408, -0.8782730824922284, -0.8782731047762325, -0.8782731306765954, -0.8782731607802082, -0.8782731957692109, -0.8782732364364526, -0.8782732837034607, -0.878273338641326, -0.8782734024949822, -0.8782734767114249, -0.8782735629725125, -0.8782736632330964, -0.8782737797653422, -0.8782739152102516, -0.8782740726375519, -0.8782742556153221, -0.878274468290931, -0.8782747154851335, -0.8782750028014724, -0.8782753367534711, -0.8782757249125276, -0.8782761760798867, -0.8782767004866184, -0.8782773100261989, -0.8782780185250195, -0.8782788420570502, -0.8782797993099201, -0.8782809120108678, -0.8782822054224573, -0.8782837089195921, -0.8782854566613255, -0.8782874883732653, -0.878289850259066, -0.8782925960626997, -0.8782957883069988, -0.8782994997384326, -0.8783038150134472, -0.878308832668083, -0.8783146674202453, -0.8783214528632387, -0.8783293446203391, -0.8783385240437482, -0.8783492025578782, -0.878361626767326, -0.8783760844751625, -0.8783929117886716, -0.878412501529207, -0.8784353132128975, -0.87846188493276, -0.8784928475549547, -0.8785289417485582, -0.8785710385080007, -0.8786201640122817, -0.8786775299122963, -0.878744570471656, -0.8788229884427945, -0.8789148121911292, -0.8790224674635221, -0.8791488684509579, -0.8792975346004261, -0.8794727422712137, -0.8796797242594722, -0.8799249361721679, -0.8802164178551929, -0.8805642926966398, -0.880981471397116, -0.8814846666073145, -0.8820958937571789, -0.8828447573921155, -0.8837720555448849, -0.8849356970597712, -0.8864209040051875, -0.8883589085472955, -0.8909640408092137, -0.8946157910718191, -0.9000722865076894, -0.9091840872316839, -0.9283910962812159, -1.0]'
