c = [1.0, 0.928391096281277, 0.9091840872317818, 0.9000722865078171, 0.8946157910719738, 0.8909640408093942, 0.8883589085475002, 0.8864209040054152, 0.8849356970600202, 0.8837720555451553, 0.8828447573924058, 0.8820958937574874, 0.8814846666076404, 0.8809814713974586, 0.8805642926969973, 0.8802164178555649, 0.8799249361725535, 0.8796797242598701, 0.8794727422716229, 0.879297534600846, 0.8791488684513876, 0.8790224674639611, 0.8789148121915765, 0.8788229884432499, 0.878744570472118, 0.8786775299127646, 0.8786201640127559, 0.8785710385084798, 0.8785289417490421, 0.8784928475554433, 0.8784618849332522, 0.8784353132133932, 0.8784125015297061, 0.8783929117891727, 0.8783760844756663, 0.8783616267678324, 0.8783492025583867, 0.8783385240442583, 0.8783293446208505, 0.878321452863752, 0.8783146674207603, 0.8783088326685989, 0.8783038150139644, 0.8782994997389502, 0.878295788307517, 0.878292596063219, 0.8782898502595858, 0.8782874883737859, 0.8782854566618458, 0.8782837089201135, 0.8782822054229794, 0.8782809120113897, 0.8782797993104418, 0.8782788420575728, 0.8782780185255421, 0.8782773100267215, 0.8782767004871408, 0.8782761760804095, 0.8782757249130512, 0.8782753367539945, 0.8782750028019959, 0.8782747154856572, 0.8782744682914552, 0.8782742556158467, 0.8782740726380763, 0.8782739152107756, 0.878273779765866, 0.87827366323362, 0.8782735629730363, 0.8782734767119488, 0.8782734024955065, 0.87827333864185, 0.878273283703985, 0.8782732364369769, 0.8782731957697347, 0.8782731607807317, 0.8782731306771189, 0.8782731047767562, 0.8782730824927524, 0.8782730633201653, 0.8782730468245563, 0.8782730326321485, 0.8782730204213557, 0.8782730099154925, 0.8782730008765072, 0.8782729930995866, 0.8782729864085143, 0.8782729806516796, 0.8782729756986389, 0.8782729714371637, 0.8782729677706932, 0.8782729646161507, 0.8782729619020593, 0.8782729595669199, 0.8782729575578225, 0.8782729558292436, 0.8782729543420161, 0.8782729530624411, 0.8782729519615254, 0.8782729510143239, 0.8782729501993746, 0.8782729494982123, 0.8782729488949486, 0.8782729483759146, 0.878272947929351, 0.8782729475451378, 0.8782729472145699, 0.8782729469301579, 0.8782729466854564, 0.8782729464749209, 0.8782729462937814, 0.8782729461379332, 0.878272946003845, 0.8782729458884784, 0.8782729457892201, 0.8782729457038208, 0.8782729456303453, 0.8782729455671288, 0.8782729455127384, 0.8782729454659425, 0.8782729454256804, 0.8782729453910398, 0.8782729453612359, 0.8782729453355936, 0.8782729453135313, 0.8782729452945494, 0.8782729452782176, 0.8782729452641663, 0.8782729452520768, 0.8782729452416751, 0.8782729452327246, 0.8782729452250158, 0.8782729452183384, 0.8782729452123309, 0.8782729452056294, 0.8782729451909135, 0.8782729451260043, 0.8782729447651311, 0.8782729426739087, 0.8782729304787598, 0.878272859295187, 0.8782724437366256, 0.8782700177243704, 0.8782558548296627, 0.8781731761328195, 0.8776906372345192, 0.8748782790968965, 0.8586183675387848, 0.768820697523162, 0.3769893704165264, -0.37698937041657093, -0.7688206975231744, -0.8586183675387871, -0.8748782790968971, -0.8776906372345191, -0.8781731761328194, -0.8782558548296631, -0.8782700177243706, -0.8782724437366252, -0.878272859295187, -0.8782729304787603, -0.8782729426739085, -0.8782729447651312, -0.8782729451260041, -0.8782729451909138, -0.8782729452056293, -0.8782729452123312, -0.8782729452183385, -0.8782729452250159, -0.8782729452327244, -0.8782729452416752, -0.8782729452520768, -0.8782729452641664, -0.8782729452782176, -0.8782729452945495, -0.878272945313531, -0.878272945335593, -0.8782729453612356, -0.8782729453910396, -0.87827294542568, -0.8782729454659426, -0.8782729455127387, -0.8782729455671285, -0.8782729456303449, -0.8782729457038206, -0.8782729457892199, -0.8782729458884785, -0.8782729460038445, -0.8782729461379326, -0.8782729462937806, -0.8782729464749205, -0.8782729466854562, -0.8782729469301574, -0.8782729472145703, -0.8782729475451378, -0.8782729479293508, -0.8782729483759147, -0.8782729488949484, -0.8782729494982113, -0.8782729501993742, -0.8782729510143235, -0.878272951961525, -0.8782729530624406, -0.8782729543420157, -0.8782729558292435, -0.8782729575578225, -0.8782729595669194, -0.8782729619020584, -0.8782729646161505, -0.878272967770693, -0.8782729714371635, -0.8782729756986392, -0.8782729806516792, -0.878272986408514, -0.8782729930995863, -0.878273000876507, -0.8782730099154921, -0.8782730204213551, -0.8782730326321487, -0.8782730468245562, -0.8782730633201652, -0.8782730824927528, -0.8782731047767564, -0.8782731306771188, -0.8782731607807317, -0.8782731957697346, -0.8782732364369771, -0.8782732837039855, -0.8782733386418506, -0.8782734024955063, -0.8782734767119484, -0.8782735629730356, -0.8782736632336196, -0.878273779765866, -0.8782739152107755, -0.8782740726380762, -0.8782742556158464, -0.8782744682914545, -0.8782747154856569, -0.8782750028019959, -0.8782753367539947, -0.8782757249130514, -0.8782761760804098, -0.8782767004871412, -0.8782773100267217, -0.8782780185255417, -0.8782788420575727, -0.8782797993104423, -0.8782809120113897, -0.8782822054229793, -0.8782837089201134, -0.8782854566618463, -0.8782874883737861, -0.8782898502595861, -0.8782925960632191, -0.8782957883075173, -0.8782994997389503, -0.8783038150139642, -0.8783088326685992, -0.8783146674207599, -0.8783214528637522, -0.8783293446208512, -0.8783385240442588, -0.8783492025583868, -0.8783616267678322, -0.8783760844756666, -0.8783929117891731, -0.8784125015297062, -0.8784353132133932, -0.8784618849332517, -0.8784928475554432, -0.8785289417490422, -0.8785710385084798, -0.8786201640127562, -0.8786775299127646, -0.8787445704721181, -0.8788229884432498, -0.8789148121915767, -0.8790224674639612, -0.879148868451388, -0.8792975346008465, -0.8794727422716233, -0.8796797242598702, -0.8799249361725537, -0.8802164178555649, -0.8805642926969977, -0.8809814713974587, -0.8814846666076406, -0.8820958937574872, -0.8828447573924051, -0.8837720555451553, -0.8849356970600208, -0.8864209040054151, -0.8883589085475005, -0.8909640408093943, -0.894615791071974, -0.9000722865078173, -0.9091840872317816, -0.9283910962812769, -1.0]'
