c = [1.0, 0.9283910962813229, 0.9091840872318572, 0.9000722865079173, 0.8946157910720959, 0.890964040809537, 0.8883589085476623, 0.8864209040055959, 0.884935697060219, 0.8837720555453703, 0.8828447573926361, 0.8820958937577335, 0.8814846666079004, 0.8809814713977319, 0.8805642926972833, 0.8802164178558622, 0.8799249361728617, 0.8796797242601884, 0.8794727422719505, 0.8792975346011823, 0.8791488684517321, 0.8790224674643127, 0.8789148121919346, 0.8788229884436141, 0.8787445704724878, 0.8786775299131395, 0.8786201640131356, 0.8785710385088639, 0.8785289417494293, 0.8784928475558336, 0.8784618849336459, 0.8784353132137898, 0.878412501530105, 0.8783929117895746, 0.8783760844760697, 0.8783616267682375, 0.8783492025587936, 0.8783385240446668, 0.8783293446212607, 0.8783214528641626, 0.878314667421172, 0.8783088326690117, 0.8783038150143773, 0.8782994997393643, 0.8782957883079321, 0.8782925960636343, 0.8782898502600016, 0.8782874883742023, 0.878285456662263, 0.8782837089205304, 0.8782822054233966, 0.8782809120118077, 0.8782797993108603, 0.8782788420579906, 0.8782780185259598, 0.87827731002714, 0.8782767004875597, 0.8782761760808282, 0.87827572491347, 0.8782753367544135, 0.8782750028024152, 0.8782747154860766, 0.8782744682918742, 0.8782742556162656, 0.8782740726384951, 0.8782739152111949, 0.8782737797662858, 0.8782736632340397, 0.8782735629734557, 0.8782734767123679, 0.878273402495926, 0.8782733386422698, 0.8782732837044044, 0.8782732364373963, 0.8782731957701544, 0.8782731607811515, 0.8782731306775388, 0.8782731047771763, 0.8782730824931726, 0.8782730633205846, 0.8782730468249759, 0.8782730326325683, 0.8782730204217751, 0.8782730099159121, 0.8782730008769264, 0.878272993100006, 0.8782729864089337, 0.878272980652099, 0.8782729756990585, 0.8782729714375828, 0.8782729677711129, 0.8782729646165703, 0.8782729619024786, 0.8782729595673394, 0.8782729575582424, 0.8782729558296634, 0.8782729543424355, 0.8782729530628602, 0.8782729519619445, 0.8782729510147438, 0.8782729501997942, 0.8782729494986312, 0.8782729488953681, 0.8782729483763344, 0.8782729479297702, 0.8782729475455575, 0.87827294721499, 0.8782729469305774, 0.8782729466858759, 0.8782729464753405, 0.8782729462942006, 0.8782729461383522, 0.8782729460042642, 0.8782729458888983, 0.87827294578964, 0.8782729457042407, 0.878272945630765, 0.8782729455675481, 0.8782729455131579, 0.8782729454663623, 0.8782729454261, 0.8782729453914597, 0.8782729453616556, 0.8782729453360131, 0.8782729453139506, 0.8782729452949689, 0.8782729452786372, 0.878272945264586, 0.8782729452524966, 0.8782729452420958, 0.8782729452331569, 0.8782729452254986, 0.8782729452189545, 0.8782729452133012, 0.8782729452081396, 0.8782729452021149, 0.8782729451879555, 0.878272945123518, 0.8782729447630511, 0.8782729426721778, 0.8782729304773291, 0.8782728592940143, 0.878272443735675, 0.8782700177236114, 0.8782558548290683, 0.8781731761323669, 0.8776906372341878, 0.8748782790966693, 0.8586183675386437, 0.7688206975230858, 0.3769893704164885, -0.3769893704165318, -0.7688206975230978, -0.8586183675386454, -0.8748782790966698, -0.8776906372341884, -0.8781731761323667, -0.8782558548290684, -0.8782700177236119, -0.8782724437356751, -0.8782728592940143, -0.8782729304773293, -0.8782729426721779, -0.878272944763051, -0.8782729451235182, -0.8782729451879558, -0.8782729452021228, -0.8782729452081783, -0.8782729452133986, -0.8782729452190934, -0.8782729452256126, -0.87827294523321, -0.8782729452421094, -0.8782729452524981, -0.878272945264586, -0.8782729452786371, -0.8782729452949688, -0.8782729453139504, -0.8782729453360132, -0.8782729453616559, -0.8782729453914593, -0.8782729454260997, -0.878272945466362, -0.8782729455131579, -0.8782729455675482, -0.8782729456307649, -0.8782729457042405, -0.8782729457896398, -0.8782729458888983, -0.8782729460042646, -0.8782729461383523, -0.8782729462942008, -0.8782729464753404, -0.878272946685876, -0.8782729469305774, -0.87827294721499, -0.8782729475455571, -0.8782729479297701, -0.8782729483763342, -0.8782729488953679, -0.8782729494986317, -0.8782729501997942, -0.8782729510147438, -0.878272951961945, -0.8782729530628601, -0.878272954342435, -0.8782729558296629, -0.8782729575582421, -0.8782729595673399, -0.8782729619024789, -0.8782729646165705, -0.8782729677711125, -0.8782729714375832, -0.8782729756990588, -0.878272980652099, -0.8782729864089336, -0.878272993100006, -0.8782730008769266, -0.8782730099159117, -0.8782730204217748, -0.8782730326325677, -0.8782730468249752, -0.8782730633205844, -0.8782730824931722, -0.8782731047771762, -0.8782731306775393, -0.878273160781152, -0.8782731957701546, -0.8782732364373966, -0.8782732837044043, -0.8782733386422695, -0.8782734024959259, -0.878273476712368, -0.8782735629734555, -0.8782736632340392, -0.8782737797662851, -0.8782739152111948, -0.8782740726384953, -0.8782742556162656, -0.878274468291874, -0.8782747154860762, -0.8782750028024147, -0.8782753367544133, -0.8782757249134697, -0.8782761760808283, -0.8782767004875597, -0.8782773100271398, -0.8782780185259602, -0.8782788420579907, -0.87827979931086, -0.8782809120118075, -0.8782822054233967, -0.8782837089205303, -0.8782854566622629, -0.8782874883742022, -0.8782898502600021, -0.8782925960636344, -0.8782957883079319, -0.8782994997393646, -0.8783038150143778, -0.8783088326690118, -0.8783146674211715, -0.8783214528641625, -0.8783293446212606, -0.8783385240446666, -0.8783492025587937, -0.8783616267682376, -0.8783760844760696, -0.8783929117895745, -0.8784125015301052, -0.8784353132137898, -0.8784618849336461, -0.878492847555834, -0.8785289417494295, -0.8785710385088636, -0.8786201640131356, -0.8786775299131393, -0.8787445704724877, -0.8788229884436141, -0.8789148121919348, -0.8790224674643126, -0.8791488684517322, -0.8792975346011825, -0.8794727422719508, -0.8796797242601886, -0.879924936172862, -0.8802164178558622, -0.8805642926972832, -0.8809814713977323, -0.8814846666079007, -0.8820958937577333, -0.8828447573926365, -0.8837720555453703, -0.8849356970602189, -0.8864209040055959, -0.8883589085476624, -0.890964040809537, -0.8946157910720958, -0.900072286507917, -0.9091840872318574, -0.9283910962813231, -1.0]'
