c = [1.0, 0.9283910962813566, 0.9091840872319122, 0.9000722865079902, 0.894615791072185, 0.8909640408096414, 0.8883589085477818, 0.8864209040057285, 0.8849356970603645, 0.8837720555455283, 0.8828447573928059, 0.8820958937579141, 0.8814846666080915, 0.8809814713979328, 0.8805642926974933, 0.8802164178560808, 0.8799249361730883, 0.8796797242604224, 0.8794727422721917, 0.8792975346014301, 0.8791488684519853, 0.8790224674645712, 0.878914812192198, 0.878822988443882, 0.8787445704727599, 0.8786775299134155, 0.8786201640134147, 0.8785710385091456, 0.8785289417497144, 0.8784928475561213, 0.8784618849339356, 0.8784353132140821, 0.878412501530399, 0.8783929117898698, 0.8783760844763667, 0.8783616267685358, 0.8783492025590935, 0.8783385240449672, 0.8783293446215623, 0.8783214528644652, 0.8783146674214747, 0.8783088326693155, 0.8783038150146818, 0.8782994997396691, 0.8782957883082372, 0.8782925960639404, 0.878289850260308, 0.8782874883745088, 0.8782854566625695, 0.8782837089208376, 0.8782822054237044, 0.8782809120121148, 0.8782797993111673, 0.8782788420582984, 0.878278018526268, 0.878277310027448, 0.8782767004878678, 0.8782761760811366, 0.8782757249137787, 0.8782753367547221, 0.8782750028027235, 0.8782747154863848, 0.8782744682921824, 0.8782742556165741, 0.8782740726388041, 0.8782739152115034, 0.8782737797665944, 0.8782736632343479, 0.8782735629737642, 0.8782734767126769, 0.8782734024962344, 0.8782733386425784, 0.8782732837047131, 0.8782732364377052, 0.8782731957704631, 0.8782731607814606, 0.8782731306778478, 0.878273104777485, 0.8782730824934813, 0.8782730633208938, 0.8782730468252845, 0.8782730326328773, 0.8782730204220838, 0.8782730099162207, 0.8782730008772351, 0.878272993100315, 0.8782729864092427, 0.8782729806524077, 0.8782729756993677, 0.8782729714378918, 0.8782729677714215, 0.8782729646168793, 0.8782729619027876, 0.8782729595676485, 0.8782729575585511, 0.8782729558299718, 0.878272954342744, 0.8782729530631693, 0.8782729519622536, 0.878272951015052, 0.8782729502001032, 0.8782729494989403, 0.8782729488956763, 0.8782729483766433, 0.8782729479300795, 0.8782729475458664, 0.8782729472152987, 0.8782729469308863, 0.8782729466861845, 0.8782729464756488, 0.8782729462945091, 0.8782729461386611, 0.8782729460045732, 0.8782729458892072, 0.8782729457899487, 0.8782729457045495, 0.8782729456310735, 0.8782729455678571, 0.8782729455134667, 0.878272945466671, 0.8782729454264089, 0.8782729453917684, 0.8782729453619643, 0.8782729453363218, 0.8782729453142593, 0.8782729452952774, 0.878272945278946, 0.8782729452648944, 0.8782729452528053, 0.8782729452424054, 0.8782729452334616, 0.8782729452257734, 0.878272945219232, 0.8782729452138698, 0.8782729452094137, 0.8782729452050638, 0.8782729451995391, 0.8782729451857794, 0.8782729451216889, 0.8782729447615205, 0.8782729426709036, 0.8782729304762762, 0.8782728592931518, 0.878272443734976, 0.8782700177230528, 0.8782558548286311, 0.8781731761320338, 0.8776906372339444, 0.8748782790965015, 0.858618367538539, 0.768820697523034, 0.3769893704164644, -0.37698937041650726, -0.7688206975230458, -0.8586183675385411, -0.8748782790965018, -0.8776906372339445, -0.8781731761320333, -0.878255854828631, -0.8782700177230534, -0.8782724437349764, -0.8782728592931517, -0.8782729304762764, -0.8782729426709037, -0.8782729447615203, -0.878272945121689, -0.8782729451857798, -0.8782729451995431, -0.8782729452051344, -0.8782729452097746, -0.8782729452145279, -0.8782729452196582, -0.8782729452258795, -0.8782729452334781, -0.8782729452424124, -0.8782729452528073, -0.8782729452648953, -0.8782729452789464, -0.8782729452952776, -0.8782729453142594, -0.8782729453363216, -0.8782729453619642, -0.8782729453917681, -0.8782729454264088, -0.8782729454666708, -0.8782729455134667, -0.8782729455678571, -0.8782729456310737, -0.8782729457045493, -0.878272945789949, -0.8782729458892071, -0.8782729460045735, -0.8782729461386615, -0.8782729462945097, -0.8782729464756489, -0.8782729466861844, -0.8782729469308861, -0.8782729472152987, -0.8782729475458664, -0.8782729479300792, -0.8782729483766434, -0.8782729488956772, -0.8782729494989401, -0.878272950200103, -0.8782729510150523, -0.8782729519622536, -0.8782729530631692, -0.8782729543427443, -0.8782729558299718, -0.8782729575585507, -0.8782729595676484, -0.8782729619027876, -0.8782729646168792, -0.8782729677714213, -0.878272971437892, -0.8782729756993676, -0.878272980652408, -0.8782729864092426, -0.8782729931003144, -0.8782730008772349, -0.8782730099162203, -0.8782730204220836, -0.8782730326328768, -0.8782730468252846, -0.8782730633208937, -0.878273082493481, -0.878273104777485, -0.8782731306778474, -0.8782731607814602, -0.8782731957704635, -0.8782732364377054, -0.8782732837047134, -0.8782733386425786, -0.8782734024962343, -0.8782734767126769, -0.8782735629737642, -0.8782736632343482, -0.8782737797665942, -0.8782739152115032, -0.8782740726388039, -0.8782742556165741, -0.8782744682921821, -0.8782747154863847, -0.8782750028027234, -0.8782753367547216, -0.8782757249137783, -0.8782761760811365, -0.878276700487868, -0.8782773100274482, -0.8782780185262683, -0.8782788420582984, -0.8782797993111678, -0.8782809120121151, -0.8782822054237042, -0.8782837089208376, -0.8782854566625696, -0.878287488374509, -0.8782898502603083, -0.8782925960639404, -0.8782957883082373, -0.878299499739669, -0.878303815014682, -0.8783088326693155, -0.8783146674214749, -0.878321452864465, -0.8783293446215618, -0.8783385240449674, -0.878349202559093, -0.8783616267685357, -0.8783760844763671, -0.87839291178987, -0.8784125015303991, -0.878435313214082, -0.878461884933936, -0.8784928475561214, -0.8785289417497144, -0.878571038509146, -0.8786201640134146, -0.8786775299134151, -0.87874457047276, -0.8788229884438818, -0.8789148121921982, -0.8790224674645712, -0.8791488684519853, -0.87929753460143, -0.8794727422721915, -0.8796797242604228, -0.8799249361730889, -0.8802164178560808, -0.8805642926974935, -0.8809814713979331, -0.8814846666080918, -0.8820958937579141, -0.8828447573928059, -0.8837720555455282, -0.8849356970603642, -0.8864209040057284, -0.8883589085477813, -0.8909640408096414, -0.8946157910721851, -0.9000722865079902, -0.9091840872319125, -0.9283910962813566, -1.0]'
