c = [1.0, 0.9283910962814117, 0.9091840872319981, 0.9000722865081007, 0.8946157910723179, 0.8909640408097947, 0.8883589085479542, 0.8864209040059201, 0.884935697060574, 0.8837720555457547, 0.8828447573930485, 0.8820958937581718, 0.8814846666083638, 0.8809814713982187, 0.8805642926977919, 0.8802164178563916, 0.8799249361734104, 0.8796797242607549, 0.8794727422725334, 0.8792975346017805, 0.8791488684523439, 0.8790224674649374, 0.8789148121925715, 0.8788229884442615, 0.8787445704731449, 0.8786775299138053, 0.8786201640138097, 0.8785710385095451, 0.8785289417501178, 0.8784928475565286, 0.8784618849343457, 0.8784353132144946, 0.8784125015308142, 0.8783929117902874, 0.8783760844767867, 0.8783616267689573, 0.8783492025595169, 0.8783385240453921, 0.8783293446219879, 0.8783214528648924, 0.8783146674219033, 0.8783088326697447, 0.8783038150151118, 0.8782994997401004, 0.8782957883086692, 0.8782925960643723, 0.8782898502607405, 0.8782874883749422, 0.8782854566630036, 0.8782837089212714, 0.878282205424138, 0.8782809120125491, 0.8782797993116023, 0.8782788420587333, 0.8782780185267032, 0.8782773100278836, 0.8782767004883039, 0.8782761760815728, 0.8782757249142145, 0.8782753367551578, 0.8782750028031592, 0.8782747154868209, 0.8782744682926188, 0.8782742556170104, 0.8782740726392402, 0.8782739152119394, 0.8782737797670306, 0.8782736632347843, 0.8782735629742003, 0.8782734767131128, 0.8782734024966706, 0.8782733386430147, 0.8782732837051496, 0.878273236438142, 0.8782731957709, 0.8782731607818968, 0.8782731306782844, 0.8782731047779218, 0.8782730824939178, 0.8782730633213301, 0.8782730468257208, 0.8782730326333135, 0.8782730204225201, 0.8782730099166572, 0.8782730008776717, 0.8782729931007511, 0.8782729864096794, 0.8782729806528444, 0.878272975699804, 0.8782729714383285, 0.8782729677718586, 0.8782729646173163, 0.8782729619032241, 0.8782729595680847, 0.8782729575589875, 0.8782729558304089, 0.8782729543431809, 0.8782729530636055, 0.8782729519626904, 0.878272951015489, 0.8782729502005394, 0.8782729494993771, 0.8782729488961136, 0.87827294837708, 0.878272947930516, 0.8782729475463033, 0.8782729472157352, 0.8782729469313226, 0.8782729466866209, 0.8782729464760857, 0.8782729462949462, 0.8782729461390982, 0.8782729460050098, 0.8782729458896437, 0.8782729457903853, 0.8782729457049862, 0.8782729456315104, 0.878272945568294, 0.8782729455139037, 0.8782729454671079, 0.8782729454268454, 0.878272945392205, 0.8782729453624005, 0.878272945336758, 0.878272945314696, 0.878272945295714, 0.8782729452793824, 0.8782729452653314, 0.8782729452532422, 0.8782729452428409, 0.8782729452338933, 0.878272945226196, 0.8782729452195783, 0.8782729452138905, 0.8782729452089967, 0.8782729452047427, 0.878272945200814, 0.8782729451958925, 0.8782729451827027, 0.8782729451191029, 0.8782729447593568, 0.8782729426691032, 0.8782729304747878, 0.8782728592919324, 0.8782724437339882, 0.8782700177222638, 0.8782558548280129, 0.8781731761315624, 0.8776906372335996, 0.8748782790962641, 0.8586183675383865, 0.7688206975229341, 0.3769893704164129, -0.37698937041645697, -0.7688206975229469, -0.8586183675383889, -0.8748782790962641, -0.8776906372335999, -0.878173176131563, -0.8782558548280129, -0.8782700177222638, -0.8782724437339877, -0.8782728592919321, -0.8782729304747882, -0.8782729426691032, -0.8782729447593569, -0.8782729451191034, -0.878272945182704, -0.8782729451958974, -0.8782729452008255, -0.8782729452047636, -0.8782729452090244, -0.8782729452139171, -0.8782729452195961, -0.8782729452262055, -0.878272945233897, -0.8782729452428423, -0.8782729452532423, -0.8782729452653315, -0.8782729452793827, -0.8782729452957143, -0.878272945314696, -0.8782729453367584, -0.8782729453624006, -0.8782729453922048, -0.8782729454268454, -0.8782729454671074, -0.8782729455139034, -0.8782729455682936, -0.8782729456315104, -0.8782729457049858, -0.8782729457903854, -0.8782729458896432, -0.8782729460050095, -0.8782729461390975, -0.8782729462949458, -0.8782729464760858, -0.878272946686621, -0.8782729469313229, -0.8782729472157355, -0.8782729475463025, -0.8782729479305155, -0.8782729483770796, -0.8782729488961133, -0.8782729494993771, -0.87827295020054, -0.8782729510154886, -0.8782729519626898, -0.8782729530636059, -0.878272954343181, -0.8782729558304085, -0.8782729575589872, -0.878272959568085, -0.8782729619032241, -0.8782729646173159, -0.8782729677718581, -0.8782729714383282, -0.8782729756998038, -0.8782729806528442, -0.878272986409679, -0.8782729931007514, -0.8782730008776722, -0.8782730099166575, -0.8782730204225202, -0.8782730326333132, -0.8782730468257206, -0.8782730633213295, -0.8782730824939176, -0.8782731047779216, -0.8782731306782843, -0.8782731607818968, -0.8782731957708996, -0.8782732364381419, -0.87827328370515, -0.8782733386430152, -0.8782734024966714, -0.8782734767131132, -0.8782735629742006, -0.8782736632347843, -0.87827377976703, -0.8782739152119396, -0.8782740726392404, -0.8782742556170099, -0.8782744682926185, -0.8782747154868208, -0.8782750028031595, -0.8782753367551579, -0.8782757249142145, -0.8782761760815725, -0.8782767004883038, -0.8782773100278837, -0.8782780185267036, -0.8782788420587337, -0.8782797993116025, -0.8782809120125497, -0.8782822054241386, -0.8782837089212719, -0.8782854566630032, -0.8782874883749419, -0.8782898502607409, -0.8782925960643725, -0.8782957883086692, -0.8782994997401002, -0.8783038150151119, -0.8783088326697449, -0.8783146674219031, -0.8783214528648923, -0.8783293446219883, -0.8783385240453921, -0.8783492025595163, -0.8783616267689573, -0.8783760844767866, -0.8783929117902874, -0.8784125015308143, -0.8784353132144949, -0.8784618849343456, -0.8784928475565281, -0.8785289417501179, -0.878571038509545, -0.8786201640138099, -0.8786775299138055, -0.878744570473145, -0.8788229884442612, -0.8789148121925708, -0.8790224674649374, -0.8791488684523443, -0.8792975346017804, -0.8794727422725336, -0.8796797242607547, -0.8799249361734104, -0.8802164178563919, -0.8805642926977921, -0.8809814713982189, -0.8814846666083639, -0.8820958937581722, -0.8828447573930486, -0.8837720555457549, -0.884935697060574, -0.88642090400592, -0.8883589085479544, -0.8909640408097946, -0.8946157910723178, -0.9000722865081004, -0.9091840872319981, -0.9283910962814117, -1.0]'
