c = [1.0, 0.9283910962814348, 0.9091840872320367, 0.9000722865081516, 0.8946157910723802, 0.8909640408098678, 0.8883589085480378, 0.8864209040060133, 0.8849356970606762, 0.8837720555458656, 0.8828447573931678, 0.8820958937582988, 0.8814846666084981, 0.8809814713983601, 0.8805642926979401, 0.8802164178565458, 0.87992493617357, 0.8796797242609198, 0.8794727422727031, 0.8792975346019546, 0.8791488684525224, 0.8790224674651197, 0.8789148121927567, 0.8788229884444497, 0.8787445704733365, 0.8786775299139996, 0.8786201640140061, 0.8785710385097442, 0.8785289417503183, 0.8784928475567305, 0.8784618849345497, 0.8784353132147001, 0.8784125015310214, 0.8783929117904954, 0.8783760844769958, 0.8783616267691675, 0.8783492025597269, 0.8783385240456036, 0.8783293446222002, 0.878321452865105, 0.8783146674221162, 0.8783088326699584, 0.8783038150153262, 0.8782994997403146, 0.878295788308884, 0.8782925960645878, 0.8782898502609564, 0.8782874883751575, 0.878285456663219, 0.8782837089214874, 0.8782822054243544, 0.8782809120127657, 0.8782797993118188, 0.8782788420589502, 0.8782780185269203, 0.8782773100281007, 0.8782767004885207, 0.8782761760817894, 0.878275724914431, 0.8782753367553747, 0.8782750028033764, 0.8782747154870381, 0.8782744682928358, 0.8782742556172273, 0.8782740726394574, 0.8782739152121568, 0.8782737797672476, 0.8782736632350014, 0.8782735629744176, 0.8782734767133303, 0.8782734024968881, 0.8782733386432324, 0.8782732837053672, 0.878273236438359, 0.8782731957711173, 0.8782731607821144, 0.8782731306785017, 0.8782731047781391, 0.878273082494135, 0.8782730633215475, 0.8782730468259381, 0.8782730326335311, 0.8782730204227377, 0.8782730099168743, 0.8782730008778894, 0.8782729931009685, 0.8782729864098968, 0.8782729806530619, 0.8782729757000217, 0.8782729714385462, 0.8782729677720759, 0.8782729646175333, 0.8782729619034412, 0.8782729595683025, 0.8782729575592049, 0.8782729558306258, 0.8782729543433984, 0.8782729530638232, 0.8782729519629073, 0.8782729510157063, 0.8782729502007572, 0.8782729494995944, 0.8782729488963309, 0.8782729483772975, 0.8782729479307331, 0.87827294754652, 0.8782729472159524, 0.8782729469315401, 0.8782729466868385, 0.8782729464763034, 0.8782729462951635, 0.8782729461393154, 0.8782729460052272, 0.8782729458898612, 0.8782729457906028, 0.8782729457052036, 0.8782729456317279, 0.8782729455685112, 0.8782729455141209, 0.8782729454673252, 0.8782729454270627, 0.8782729453924222, 0.8782729453626182, 0.8782729453369755, 0.8782729453149134, 0.8782729452959314, 0.8782729452796002, 0.878272945265549, 0.87827294525346, 0.8782729452430582, 0.8782729452341096, 0.8782729452264109, 0.8782729452197882, 0.8782729452140909, 0.8782729452092368, 0.8782729452052552, 0.8782729452019381, 0.8782729451986361, 0.8782729451940798, 0.878272945181171, 0.878272945117815, 0.8782729447582791, 0.8782729426682064, 0.8782729304740468, 0.8782728592913248, 0.8782724437334954, 0.8782700177218709, 0.8782558548277053, 0.8781731761313277, 0.8776906372334276, 0.8748782790961458, 0.8586183675383137, 0.7688206975228988, 0.3769893704163978, -0.3769893704164428, -0.7688206975229119, -0.8586183675383163, -0.874878279096146, -0.8776906372334279, -0.8781731761313277, -0.8782558548277047, -0.8782700177218703, -0.8782724437334952, -0.8782728592913246, -0.8782729304740468, -0.878272942668206, -0.8782729447582792, -0.8782729451178152, -0.8782729451811713, -0.8782729451940813, -0.878272945198683, -0.8782729452021972, -0.8782729452057332, -0.8782729452095396, -0.878272945214156, -0.8782729452197929, -0.8782729452264137, -0.8782729452341108, -0.8782729452430589, -0.8782729452534598, -0.8782729452655488, -0.8782729452796, -0.8782729452959317, -0.8782729453149137, -0.8782729453369755, -0.8782729453626185, -0.8782729453924225, -0.878272945427063, -0.878272945467325, -0.878272945514121, -0.8782729455685108, -0.8782729456317274, -0.878272945705203, -0.8782729457906027, -0.878272945889861, -0.8782729460052272, -0.8782729461393154, -0.8782729462951636, -0.8782729464763029, -0.8782729466868383, -0.8782729469315402, -0.8782729472159527, -0.8782729475465203, -0.8782729479307333, -0.878272948377297, -0.8782729488963306, -0.8782729494995947, -0.8782729502007574, -0.8782729510157063, -0.8782729519629074, -0.8782729530638235, -0.8782729543433985, -0.878272955830626, -0.8782729575592048, -0.8782729595683021, -0.8782729619034413, -0.878272964617533, -0.8782729677720752, -0.8782729714385459, -0.8782729757000217, -0.878272980653062, -0.8782729864098966, -0.8782729931009686, -0.878273000877889, -0.8782730099168743, -0.8782730204227379, -0.8782730326335307, -0.8782730468259383, -0.8782730633215474, -0.8782730824941349, -0.8782731047781391, -0.8782731306785019, -0.8782731607821144, -0.8782731957711174, -0.8782732364383592, -0.8782732837053675, -0.8782733386432324, -0.8782734024968882, -0.8782734767133309, -0.8782735629744183, -0.8782736632350017, -0.8782737797672479, -0.8782739152121571, -0.8782740726394579, -0.8782742556172277, -0.878274468292836, -0.8782747154870381, -0.8782750028033767, -0.878275336755375, -0.8782757249144315, -0.8782761760817894, -0.8782767004885204, -0.8782773100281007, -0.8782780185269204, -0.8782788420589506, -0.8782797993118189, -0.8782809120127657, -0.8782822054243549, -0.8782837089214877, -0.8782854566632193, -0.8782874883751577, -0.8782898502609561, -0.8782925960645878, -0.8782957883088842, -0.8782994997403148, -0.8783038150153266, -0.8783088326699586, -0.8783146674221166, -0.8783214528651052, -0.8783293446222004, -0.8783385240456035, -0.878349202559727, -0.8783616267691674, -0.8783760844769956, -0.8783929117904954, -0.8784125015310212, -0.8784353132147001, -0.87846188493455, -0.878492847556731, -0.8785289417503185, -0.878571038509744, -0.8786201640140061, -0.8786775299139999, -0.8787445704733369, -0.87882298844445, -0.8789148121927567, -0.8790224674651194, -0.8791488684525222, -0.8792975346019546, -0.8794727422727029, -0.8796797242609198, -0.8799249361735699, -0.8802164178565457, -0.88056429269794, -0.8809814713983605, -0.8814846666084984, -0.8820958937582992, -0.882844757393168, -0.8837720555458659, -0.8849356970606767, -0.8864209040060131, -0.8883589085480378, -0.8909640408098679, -0.89461579107238, -0.9000722865081514, -0.9091840872320366, -0.9283910962814348, -1.0]'
