c = [1.0, 0.9283910962814759, 0.9091840872321003, 0.9000722865082333, 0.8946157910724784, 0.8909640408099815, 0.8883589085481661, 0.8864209040061553, 0.8849356970608317, 0.8837720555460336, 0.8828447573933479, 0.8820958937584905, 0.8814846666087006, 0.8809814713985726, 0.8805642926981616, 0.8802164178567762, 0.8799249361738084, 0.8796797242611659, 0.8794727422729567, 0.8792975346022148, 0.8791488684527882, 0.8790224674653906, 0.8789148121930331, 0.8788229884447311, 0.8787445704736221, 0.8786775299142894, 0.8786201640142992, 0.8785710385100399, 0.8785289417506174, 0.8784928475570326, 0.8784618849348542, 0.8784353132150065, 0.8784125015313297, 0.8783929117908055, 0.8783760844773068, 0.8783616267694803, 0.8783492025600413, 0.8783385240459186, 0.8783293446225162, 0.8783214528654222, 0.8783146674224345, 0.8783088326702769, 0.8783038150156453, 0.8782994997406348, 0.8782957883092045, 0.8782925960649081, 0.8782898502612768, 0.8782874883754787, 0.8782854566635405, 0.8782837089218091, 0.8782822054246765, 0.8782809120130882, 0.8782797993121416, 0.8782788420592731, 0.8782780185272432, 0.8782773100284232, 0.8782767004888431, 0.8782761760821124, 0.8782757249147545, 0.8782753367556981, 0.8782750028036997, 0.878274715487361, 0.8782744682931591, 0.8782742556175506, 0.8782740726397804, 0.8782739152124799, 0.8782737797675708, 0.8782736632353249, 0.8782735629747411, 0.8782734767136543, 0.8782734024972121, 0.8782733386435558, 0.8782732837056909, 0.878273236438683, 0.8782731957714411, 0.8782731607824383, 0.8782731306788253, 0.8782731047784629, 0.8782730824944586, 0.8782730633218713, 0.8782730468262621, 0.8782730326338545, 0.8782730204230618, 0.8782730099171983, 0.8782730008782129, 0.8782729931012924, 0.8782729864102208, 0.8782729806533859, 0.8782729757003452, 0.8782729714388693, 0.8782729677723989, 0.8782729646178573, 0.8782729619037651, 0.8782729595686257, 0.8782729575595287, 0.8782729558309496, 0.8782729543437215, 0.8782729530641471, 0.8782729519632317, 0.8782729510160303, 0.878272950201081, 0.8782729494999184, 0.8782729488966546, 0.8782729483776206, 0.8782729479310566, 0.878272947546844, 0.8782729472162765, 0.8782729469318641, 0.8782729466871623, 0.8782729464766269, 0.878272946295487, 0.8782729461396391, 0.878272946005551, 0.8782729458901851, 0.8782729457909267, 0.8782729457055272, 0.8782729456320514, 0.8782729455688348, 0.8782729455144442, 0.8782729454676484, 0.8782729454273864, 0.8782729453927457, 0.8782729453629416, 0.8782729453372993, 0.8782729453152371, 0.8782729452962554, 0.8782729452799242, 0.8782729452658726, 0.8782729452537832, 0.8782729452433816, 0.8782729452344328, 0.8782729452267336, 0.8782729452201092, 0.8782729452144102, 0.8782729452095077, 0.8782729452052894, 0.8782729452016536, 0.8782729451984806, 0.8782729451954869, 0.8782729451913776, 0.878272945178891, 0.8782729451158983, 0.878272944756675, 0.8782729426668711, 0.8782729304729434, 0.8782728592904208, 0.8782724437327626, 0.878270017721285, 0.8782558548272468, 0.8781731761309786, 0.877690637233172, 0.8748782790959699, 0.858618367538201, 0.7688206975228246, 0.3769893704163645, -0.376989370416409, -0.768820697522837, -0.8586183675382029, -0.8748782790959699, -0.8776906372331723, -0.8781731761309786, -0.8782558548272468, -0.8782700177212855, -0.878272443732763, -0.8782728592904211, -0.8782729304729435, -0.8782729426668713, -0.878272944756675, -0.8782729451158984, -0.8782729451788909, -0.8782729451913788, -0.8782729451954898, -0.8782729451984844, -0.8782729452016583, -0.8782729452052941, -0.878272945209511, -0.8782729452144123, -0.8782729452201101, -0.8782729452267335, -0.8782729452344327, -0.878272945243382, -0.8782729452537833, -0.8782729452658723, -0.8782729452799239, -0.8782729452962554, -0.8782729453152375, -0.8782729453372996, -0.8782729453629423, -0.8782729453927456, -0.8782729454273862, -0.8782729454676484, -0.8782729455144445, -0.8782729455688348, -0.8782729456320516, -0.8782729457055273, -0.8782729457909267, -0.8782729458901845, -0.8782729460055505, -0.8782729461396387, -0.8782729462954871, -0.878272946476627, -0.8782729466871625, -0.8782729469318638, -0.8782729472162762, -0.8782729475468442, -0.8782729479310573, -0.8782729483776212, -0.8782729488966544, -0.8782729494999184, -0.878272950201081, -0.8782729510160302, -0.8782729519632312, -0.8782729530641467, -0.8782729543437215, -0.8782729558309491, -0.8782729575595282, -0.8782729595686259, -0.8782729619037655, -0.8782729646178573, -0.878272967772399, -0.8782729714388693, -0.8782729757003446, -0.8782729806533851, -0.87827298641022, -0.878272993101292, -0.8782730008782128, -0.878273009917198, -0.8782730204230611, -0.8782730326338545, -0.8782730468262621, -0.8782730633218712, -0.878273082494459, -0.8782731047784624, -0.8782731306788253, -0.8782731607824378, -0.8782731957714406, -0.8782732364386828, -0.878273283705691, -0.8782733386435558, -0.8782734024972121, -0.8782734767136543, -0.8782735629747416, -0.8782736632353255, -0.8782737797675715, -0.8782739152124807, -0.878274072639781, -0.8782742556175512, -0.8782744682931592, -0.8782747154873614, -0.8782750028036994, -0.878275336755698, -0.8782757249147545, -0.8782761760821125, -0.878276700488843, -0.8782773100284228, -0.8782780185272429, -0.8782788420592728, -0.8782797993121414, -0.8782809120130879, -0.8782822054246763, -0.8782837089218095, -0.8782854566635407, -0.8782874883754788, -0.8782898502612775, -0.8782925960649082, -0.8782957883092042, -0.8782994997406346, -0.8783038150156454, -0.8783088326702769, -0.878314667422434, -0.8783214528654221, -0.8783293446225162, -0.8783385240459186, -0.8783492025600413, -0.8783616267694802, -0.8783760844773071, -0.8783929117908057, -0.8784125015313295, -0.8784353132150066, -0.8784618849348538, -0.8784928475570327, -0.8785289417506178, -0.87857103851004, -0.8786201640142992, -0.8786775299142892, -0.8787445704736219, -0.8788229884447312, -0.878914812193033, -0.879022467465391, -0.8791488684527878, -0.8792975346022145, -0.8794727422729564, -0.8796797242611659, -0.8799249361738085, -0.8802164178567761, -0.8805642926981616, -0.8809814713985724, -0.881484666608701, -0.8820958937584904, -0.8828447573933478, -0.8837720555460339, -0.8849356970608316, -0.8864209040061551, -0.888358908548166, -0.8909640408099813, -0.8946157910724784, -0.9000722865082335, -0.9091840872321001, -0.9283910962814756, -1.0]'
