c = [1.0, 0.928391096281492, 0.9091840872321276, 0.90007228650827, 0.8946157910725233, 0.8909640408100341, 0.8883589085482261, 0.8864209040062225, 0.8849356970609056, 0.883772055546114, 0.8828447573934346, 0.8820958937585829, 0.881484666608798, 0.8809814713986751, 0.8805642926982689, 0.8802164178568876, 0.8799249361739244, 0.8796797242612857, 0.8794727422730795, 0.8792975346023405, 0.8791488684529174, 0.8790224674655226, 0.8789148121931676, 0.8788229884448682, 0.8787445704737609, 0.8786775299144298, 0.8786201640144417, 0.8785710385101844, 0.8785289417507635, 0.8784928475571794, 0.8784618849350022, 0.8784353132151558, 0.8784125015314793, 0.8783929117909562, 0.8783760844774587, 0.8783616267696325, 0.8783492025601939, 0.8783385240460722, 0.8783293446226703, 0.8783214528655763, 0.8783146674225888, 0.8783088326704322, 0.8783038150158009, 0.8782994997407898, 0.8782957883093596, 0.878292596065064, 0.8782898502614332, 0.8782874883756352, 0.8782854566636972, 0.8782837089219662, 0.8782822054248337, 0.8782809120132453, 0.8782797993122987, 0.8782788420594299, 0.8782780185273998, 0.8782773100285804, 0.8782767004890006, 0.8782761760822697, 0.8782757249149118, 0.8782753367558552, 0.8782750028038571, 0.8782747154875185, 0.8782744682933162, 0.8782742556177081, 0.878274072639938, 0.8782739152126376, 0.8782737797677286, 0.8782736632354831, 0.8782735629748993, 0.8782734767138117, 0.8782734024973698, 0.8782733386437138, 0.8782732837058487, 0.8782732364388409, 0.8782731957715986, 0.878273160782596, 0.8782731306789829, 0.8782731047786206, 0.8782730824946166, 0.8782730633220287, 0.8782730468264199, 0.8782730326340124, 0.8782730204232192, 0.8782730099173559, 0.8782730008783709, 0.8782729931014502, 0.8782729864103782, 0.8782729806535431, 0.8782729757005028, 0.8782729714390274, 0.8782729677725569, 0.8782729646180144, 0.8782729619039229, 0.8782729595687836, 0.8782729575596859, 0.8782729558311073, 0.8782729543438799, 0.8782729530643049, 0.8782729519633893, 0.8782729510161882, 0.8782729502012387, 0.8782729495000756, 0.8782729488968121, 0.8782729483777788, 0.8782729479312147, 0.878272947547002, 0.8782729472164341, 0.8782729469320216, 0.8782729466873197, 0.8782729464767846, 0.8782729462956449, 0.878272946139797, 0.8782729460057087, 0.8782729458903427, 0.8782729457910844, 0.8782729457056847, 0.8782729456322087, 0.8782729455689922, 0.878272945514602, 0.8782729454678059, 0.8782729454275437, 0.8782729453929032, 0.8782729453630996, 0.8782729453374571, 0.8782729453153951, 0.8782729452964128, 0.8782729452800816, 0.87827294526603, 0.8782729452539407, 0.8782729452435397, 0.8782729452345905, 0.8782729452268909, 0.8782729452202664, 0.878272945214567, 0.8782729452096634, 0.8782729452054434, 0.8782729452018465, 0.8782729451988948, 0.8782729451964255, 0.8782729451939009, 0.8782729451900613, 0.8782729451777795, 0.8782729451149643, 0.8782729447558933, 0.8782729426662204, 0.8782729304724053, 0.8782728592899801, 0.8782724437324055, 0.8782700177209997, 0.8782558548270234, 0.8781731761308086, 0.8776906372330474, 0.8748782790958838, 0.8586183675381484, 0.7688206975227997, 0.3769893704163545, -0.3769893704163994, -0.7688206975228123, -0.8586183675381506, -0.8748782790958843, -0.8776906372330477, -0.8781731761308085, -0.8782558548270237, -0.8782700177210002, -0.8782724437324058, -0.8782728592899801, -0.8782729304724056, -0.8782729426662205, -0.8782729447558935, -0.8782729451149645, -0.8782729451777799, -0.8782729451900614, -0.8782729451939342, -0.8782729451966155, -0.8782729451992471, -0.8782729452020683, -0.8782729452054887, -0.8782729452096643, -0.8782729452145677, -0.8782729452202668, -0.8782729452268908, -0.8782729452345904, -0.8782729452435397, -0.8782729452539412, -0.8782729452660303, -0.8782729452800817, -0.8782729452964126, -0.8782729453153947, -0.8782729453374569, -0.8782729453630996, -0.8782729453929037, -0.8782729454275441, -0.8782729454678064, -0.8782729455146024, -0.8782729455689923, -0.8782729456322087, -0.8782729457056847, -0.8782729457910842, -0.8782729458903427, -0.8782729460057088, -0.8782729461397965, -0.8782729462956448, -0.8782729464767848, -0.8782729466873201, -0.8782729469320217, -0.8782729472164338, -0.878272947547002, -0.8782729479312147, -0.8782729483777786, -0.878272948896812, -0.8782729495000754, -0.8782729502012382, -0.8782729510161875, -0.8782729519633886, -0.8782729530643045, -0.8782729543438796, -0.8782729558311073, -0.8782729575596862, -0.8782729595687835, -0.8782729619039225, -0.8782729646180144, -0.8782729677725569, -0.878272971439027, -0.8782729757005027, -0.878272980653543, -0.8782729864103777, -0.8782729931014499, -0.8782730008783706, -0.8782730099173559, -0.8782730204232193, -0.8782730326340121, -0.8782730468264197, -0.8782730633220286, -0.8782730824946161, -0.8782731047786202, -0.878273130678983, -0.8782731607825953, -0.8782731957715986, -0.8782732364388406, -0.8782732837058486, -0.8782733386437137, -0.8782734024973698, -0.8782734767138118, -0.8782735629748992, -0.8782736632354831, -0.878273779767729, -0.8782739152126382, -0.8782740726399383, -0.8782742556177086, -0.8782744682933168, -0.8782747154875189, -0.8782750028038568, -0.8782753367558551, -0.8782757249149118, -0.8782761760822696, -0.8782767004890005, -0.8782773100285802, -0.8782780185273997, -0.87827884205943, -0.8782797993122984, -0.8782809120132449, -0.8782822054248335, -0.878283708921966, -0.8782854566636973, -0.8782874883756355, -0.8782898502614336, -0.8782925960650644, -0.87829578830936, -0.8782994997407901, -0.8783038150158007, -0.878308832670432, -0.8783146674225889, -0.8783214528655764, -0.8783293446226704, -0.8783385240460723, -0.8783492025601942, -0.8783616267696325, -0.8783760844774585, -0.8783929117909565, -0.8784125015314795, -0.8784353132151553, -0.8784618849350019, -0.8784928475571794, -0.8785289417507629, -0.8785710385101841, -0.8786201640144415, -0.8786775299144299, -0.8787445704737608, -0.8788229884448677, -0.8789148121931676, -0.879022467465523, -0.8791488684529172, -0.8792975346023406, -0.8794727422730794, -0.8796797242612854, -0.8799249361739245, -0.8802164178568874, -0.8805642926982686, -0.8809814713986751, -0.881484666608798, -0.8820958937585824, -0.8828447573934345, -0.8837720555461142, -0.8849356970609059, -0.8864209040062228, -0.8883589085482262, -0.8909640408100343, -0.8946157910725232, -0.9000722865082699, -0.9091840872321278, -0.9283910962814922, -1.0]'
