c = [1.0, 0.9283910962815202, 0.9091840872321721, 0.9000722865083275, 0.8946157910725926, 0.8909640408101146, 0.888358908548317, 0.8864209040063235, 0.8849356970610166, 0.8837720555462342, 0.8828447573935626, 0.8820958937587192, 0.8814846666089421, 0.8809814713988262, 0.880564292698427, 0.8802164178570523, 0.8799249361740944, 0.8796797242614607, 0.8794727422732602, 0.8792975346025259, 0.879148868453107, 0.8790224674657167, 0.8789148121933649, 0.8788229884450683, 0.8787445704739645, 0.8786775299146363, 0.8786201640146509, 0.8785710385103953, 0.8785289417509767, 0.8784928475573947, 0.8784618849352185, 0.8784353132153739, 0.8784125015316991, 0.8783929117911771, 0.8783760844776805, 0.8783616267698559, 0.8783492025604183, 0.8783385240462969, 0.8783293446228957, 0.8783214528658028, 0.878314667422816, 0.878308832670659, 0.8783038150160279, 0.8782994997410177, 0.8782957883095881, 0.8782925960652926, 0.8782898502616623, 0.8782874883758647, 0.8782854566639271, 0.8782837089221961, 0.8782822054250635, 0.8782809120134749, 0.8782797993125282, 0.8782788420596601, 0.8782780185276305, 0.878277310028811, 0.8782767004892312, 0.8782761760824999, 0.8782757249151424, 0.8782753367560859, 0.8782750028040875, 0.8782747154877492, 0.878274468293547, 0.8782742556179389, 0.878274072640169, 0.878273915212869, 0.87827377976796, 0.8782736632357138, 0.8782735629751303, 0.8782734767140429, 0.8782734024976007, 0.8782733386439447, 0.8782732837060793, 0.8782732364390717, 0.8782731957718294, 0.8782731607828267, 0.8782731306792138, 0.878273104778851, 0.8782730824948476, 0.8782730633222597, 0.8782730468266507, 0.8782730326342432, 0.8782730204234503, 0.878273009917587, 0.8782730008786016, 0.8782729931016807, 0.8782729864106089, 0.8782729806537745, 0.8782729757007338, 0.878272971439258, 0.8782729677727881, 0.8782729646182457, 0.8782729619041535, 0.8782729595690149, 0.8782729575599175, 0.8782729558313384, 0.8782729543441107, 0.8782729530645358, 0.8782729519636201, 0.8782729510164186, 0.8782729502014692, 0.8782729495003067, 0.8782729488970432, 0.87827294837801, 0.8782729479314457, 0.8782729475472326, 0.8782729472166648, 0.8782729469322526, 0.878272946687551, 0.8782729464770159, 0.8782729462958763, 0.8782729461400278, 0.8782729460059396, 0.8782729458905737, 0.8782729457913149, 0.8782729457059155, 0.8782729456324397, 0.878272945569223, 0.8782729455148329, 0.878272945468037, 0.878272945427775, 0.8782729453931346, 0.878272945363331, 0.8782729453376881, 0.8782729453156258, 0.8782729452966438, 0.8782729452803123, 0.8782729452662615, 0.878272945254172, 0.8782729452437704, 0.8782729452348211, 0.8782729452271216, 0.878272945220497, 0.8782729452147979, 0.878272945209895, 0.8782729452056812, 0.8782729452020648, 0.878272945198963, 0.8782729451962916, 0.8782729451939417, 0.8782729451916466, 0.8782729451881305, 0.8782729451761515, 0.8782729451135957, 0.8782729447547485, 0.8782729426652679, 0.8782729304716178, 0.878272859289335, 0.8782724437318831, 0.8782700177205824, 0.878255854826696, 0.8781731761305595, 0.8776906372328652, 0.8748782790957587, 0.8586183675380693, 0.7688206975227433, 0.37698937041635106, -0.3769893704163962, -0.7688206975227557, -0.8586183675380713, -0.8748782790957591, -0.8776906372328656, -0.8781731761305592, -0.8782558548266959, -0.8782700177205824, -0.8782724437318824, -0.878272859289335, -0.8782729304716185, -0.8782729426652681, -0.8782729447547482, -0.8782729451135961, -0.878272945176152, -0.8782729451881321, -0.8782729451916524, -0.8782729451939573, -0.8782729451963199, -0.8782729451989991, -0.8782729452020953, -0.8782729452056983, -0.8782729452099016, -0.8782729452147995, -0.8782729452204978, -0.8782729452271221, -0.8782729452348219, -0.8782729452437703, -0.8782729452541717, -0.8782729452662611, -0.8782729452803125, -0.8782729452966442, -0.878272945315626, -0.8782729453376884, -0.878272945363331, -0.8782729453931343, -0.8782729454277749, -0.8782729454680371, -0.8782729455148333, -0.8782729455692234, -0.8782729456324403, -0.8782729457059156, -0.878272945791315, -0.8782729458905737, -0.8782729460059399, -0.8782729461400278, -0.8782729462958757, -0.8782729464770159, -0.8782729466875511, -0.8782729469322528, -0.878272947216665, -0.8782729475472324, -0.8782729479314454, -0.8782729483780092, -0.8782729488970429, -0.8782729495003068, -0.8782729502014698, -0.8782729510164191, -0.87827295196362, -0.8782729530645355, -0.8782729543441103, -0.8782729558313379, -0.8782729575599173, -0.8782729595690147, -0.8782729619041539, -0.8782729646182457, -0.8782729677727875, -0.8782729714392582, -0.8782729757007338, -0.8782729806537742, -0.8782729864106094, -0.8782729931016809, -0.8782730008786015, -0.8782730099175867, -0.8782730204234498, -0.8782730326342433, -0.878273046826651, -0.8782730633222595, -0.8782730824948476, -0.8782731047788513, -0.8782731306792141, -0.8782731607828268, -0.8782731957718297, -0.8782732364390716, -0.8782732837060795, -0.8782733386439449, -0.878273402497601, -0.8782734767140429, -0.8782735629751299, -0.878273663235714, -0.8782737797679601, -0.8782739152128691, -0.8782740726401689, -0.878274255617939, -0.8782744682935474, -0.8782747154877493, -0.8782750028040877, -0.8782753367560857, -0.8782757249151419, -0.8782761760825002, -0.8782767004892308, -0.8782773100288105, -0.8782780185276304, -0.8782788420596599, -0.8782797993125283, -0.8782809120134748, -0.8782822054250632, -0.8782837089221958, -0.8782854566639265, -0.8782874883758647, -0.8782898502616623, -0.8782925960652929, -0.8782957883095884, -0.878299499741018, -0.8783038150160285, -0.8783088326706594, -0.8783146674228157, -0.8783214528658027, -0.8783293446228956, -0.8783385240462973, -0.8783492025604186, -0.8783616267698557, -0.8783760844776809, -0.8783929117911772, -0.878412501531699, -0.8784353132153737, -0.8784618849352184, -0.8784928475573943, -0.8785289417509762, -0.8785710385103953, -0.8786201640146506, -0.8786775299146363, -0.8787445704739644, -0.8788229884450686, -0.878914812193365, -0.8790224674657166, -0.8791488684531074, -0.8792975346025258, -0.8794727422732598, -0.8796797242614609, -0.8799249361740941, -0.8802164178570516, -0.8805642926984266, -0.880981471398826, -0.881484666608942, -0.882095893758719, -0.8828447573935625, -0.883772055546234, -0.884935697061016, -0.8864209040063238, -0.8883589085483176, -0.8909640408101147, -0.8946157910725927, -0.9000722865083275, -0.9091840872321723, -0.9283910962815204, -1.0]'
