c = [1.0, 0.9283910962815383, 0.9091840872322009, 0.9000722865083651, 0.8946157910726381, 0.8909640408101677, 0.8883589085483776, 0.8864209040063907, 0.8849356970610898, 0.8837720555463134, 0.8828447573936479, 0.8820958937588098, 0.8814846666090381, 0.8809814713989272, 0.8805642926985322, 0.8802164178571613, 0.879924936174208, 0.8796797242615779, 0.8794727422733807, 0.8792975346026501, 0.8791488684532337, 0.8790224674658456, 0.8789148121934967, 0.8788229884452027, 0.878744570474101, 0.8786775299147744, 0.8786201640147907, 0.878571038510537, 0.8785289417511188, 0.8784928475575382, 0.8784618849353638, 0.8784353132155199, 0.8784125015318459, 0.8783929117913251, 0.8783760844778292, 0.8783616267700045, 0.8783492025605677, 0.8783385240464473, 0.8783293446230468, 0.8783214528659536, 0.8783146674229669, 0.8783088326708111, 0.8783038150161805, 0.8782994997411703, 0.878295788309741, 0.8782925960654459, 0.8782898502618158, 0.8782874883760182, 0.8782854566640804, 0.8782837089223493, 0.8782822054252166, 0.8782809120136289, 0.8782797993126825, 0.8782788420598141, 0.8782780185277842, 0.8782773100289645, 0.8782767004893851, 0.8782761760826542, 0.8782757249152963, 0.8782753367562398, 0.8782750028042416, 0.8782747154879033, 0.8782744682937011, 0.8782742556180937, 0.8782740726403236, 0.878273915213023, 0.8782737797681143, 0.8782736632358684, 0.8782735629752846, 0.8782734767141974, 0.8782734024977549, 0.8782733386440992, 0.8782732837062336, 0.8782732364392261, 0.878273195771984, 0.8782731607829809, 0.8782731306793685, 0.8782731047790057, 0.8782730824950019, 0.8782730633224143, 0.8782730468268054, 0.8782730326343979, 0.8782730204236048, 0.8782730099177412, 0.8782730008787559, 0.8782729931018356, 0.8782729864107635, 0.8782729806539283, 0.8782729757008882, 0.8782729714394125, 0.8782729677729421, 0.8782729646184003, 0.8782729619043087, 0.8782729595691694, 0.878272957560072, 0.878272955831493, 0.8782729543442651, 0.8782729530646898, 0.8782729519637743, 0.8782729510165732, 0.8782729502016241, 0.8782729495004616, 0.8782729488971979, 0.8782729483781643, 0.8782729479315999, 0.8782729475473874, 0.8782729472168195, 0.8782729469324074, 0.8782729466877055, 0.87827294647717, 0.8782729462960303, 0.8782729461401821, 0.8782729460060935, 0.8782729458907276, 0.8782729457914693, 0.8782729457060697, 0.8782729456325941, 0.8782729455693775, 0.8782729455149876, 0.8782729454681916, 0.8782729454279298, 0.8782729453932888, 0.8782729453634851, 0.8782729453378423, 0.8782729453157803, 0.8782729452967988, 0.8782729452804671, 0.8782729452664156, 0.8782729452543262, 0.8782729452439247, 0.8782729452349757, 0.8782729452272764, 0.8782729452206516, 0.8782729452149524, 0.8782729452100492, 0.8782729452058302, 0.8782729452022012, 0.8782729451990823, 0.8782729451964096, 0.8782729451941208, 0.8782729451921134, 0.8782729451901118, 0.8782729451868391, 0.8782729451750635, 0.878272945112681, 0.8782729447539829, 0.8782729426646311, 0.8782729304710913, 0.878272859288903, 0.8782724437315332, 0.878270017720303, 0.8782558548264776, 0.8781731761303928, 0.8776906372327434, 0.8748782790956747, 0.8586183675380162, 0.7688206975227143, 0.3769893704163324, -0.3769893704163763, -0.7688206975227266, -0.8586183675380183, -0.8748782790956748, -0.8776906372327432, -0.8781731761303924, -0.8782558548264777, -0.8782700177203034, -0.8782724437315332, -0.8782728592889031, -0.8782729304710916, -0.8782729426646309, -0.878272944753983, -0.8782729451126814, -0.8782729451750638, -0.8782729451868421, -0.8782729451901266, -0.8782729451921494, -0.878272945194171, -0.8782729451964517, -0.8782729451991031, -0.8782729452022079, -0.8782729452058321, -0.8782729452100496, -0.8782729452149522, -0.8782729452206516, -0.8782729452272761, -0.8782729452349759, -0.8782729452439251, -0.8782729452543264, -0.878272945266416, -0.8782729452804674, -0.8782729452967982, -0.87827294531578, -0.8782729453378425, -0.8782729453634852, -0.8782729453932893, -0.8782729454279298, -0.8782729454681916, -0.8782729455149875, -0.878272945569378, -0.878272945632595, -0.8782729457060703, -0.8782729457914695, -0.8782729458907282, -0.8782729460060943, -0.8782729461401823, -0.8782729462960301, -0.8782729464771697, -0.8782729466877051, -0.8782729469324065, -0.878272947216819, -0.878272947547387, -0.8782729479316002, -0.8782729483781643, -0.8782729488971974, -0.8782729495004611, -0.8782729502016235, -0.8782729510165728, -0.8782729519637743, -0.8782729530646899, -0.8782729543442649, -0.8782729558314926, -0.8782729575600714, -0.8782729595691691, -0.8782729619043085, -0.8782729646184002, -0.8782729677729426, -0.8782729714394126, -0.8782729757008885, -0.8782729806539287, -0.8782729864107631, -0.8782729931018354, -0.8782730008787561, -0.878273009917741, -0.8782730204236046, -0.8782730326343977, -0.8782730468268054, -0.8782730633224145, -0.8782730824950019, -0.8782731047790058, -0.8782731306793685, -0.8782731607829812, -0.8782731957719841, -0.8782732364392262, -0.8782732837062337, -0.8782733386440991, -0.8782734024977553, -0.8782734767141973, -0.8782735629752842, -0.8782736632358679, -0.8782737797681142, -0.8782739152130231, -0.8782740726403234, -0.8782742556180932, -0.8782744682937014, -0.8782747154879037, -0.878275002804242, -0.87827533675624, -0.8782757249152966, -0.8782761760826542, -0.878276700489385, -0.8782773100289649, -0.8782780185277841, -0.8782788420598137, -0.8782797993126819, -0.8782809120136286, -0.8782822054252166, -0.8782837089223492, -0.8782854566640802, -0.8782874883760178, -0.8782898502618156, -0.8782925960654461, -0.8782957883097412, -0.8782994997411705, -0.8783038150161803, -0.8783088326708114, -0.8783146674229675, -0.8783214528659538, -0.8783293446230465, -0.8783385240464473, -0.878349202560568, -0.8783616267700047, -0.878376084477829, -0.8783929117913251, -0.8784125015318458, -0.8784353132155197, -0.8784618849353635, -0.8784928475575384, -0.8785289417511188, -0.8785710385105366, -0.8786201640147903, -0.8786775299147743, -0.878744570474101, -0.8788229884452026, -0.8789148121934965, -0.879022467465846, -0.8791488684532337, -0.8792975346026497, -0.8794727422733809, -0.879679724261578, -0.879924936174208, -0.8802164178571618, -0.8805642926985322, -0.8809814713989271, -0.8814846666090379, -0.8820958937588099, -0.8828447573936483, -0.8837720555463134, -0.8849356970610898, -0.8864209040063908, -0.8883589085483778, -0.8909640408101679, -0.8946157910726382, -0.9000722865083651, -0.9091840872322011, -0.9283910962815383, -1.0]'
