c = [1.0, 0.9283910962815549, 0.9091840872322277, 0.9000722865084, 0.8946157910726806, 0.8909640408102171, 0.8883589085484334, 0.8864209040064527, 0.8849356970611573, 0.8837720555463866, 0.8828447573937268, 0.8820958937588935, 0.8814846666091262, 0.8809814713990194, 0.8805642926986288, 0.8802164178572618, 0.8799249361743122, 0.879679724261686, 0.8794727422734915, 0.8792975346027635, 0.8791488684533499, 0.8790224674659647, 0.8789148121936181, 0.8788229884453258, 0.878744570474226, 0.8786775299149011, 0.8786201640149185, 0.8785710385106663, 0.87852894175125, 0.8784928475576704, 0.8784618849354968, 0.8784353132156542, 0.878412501531981, 0.8783929117914606, 0.8783760844779654, 0.8783616267701418, 0.8783492025607057, 0.878338524046585, 0.8783293446231847, 0.8783214528660923, 0.8783146674231063, 0.8783088326709503, 0.87830381501632, 0.8782994997413104, 0.8782957883098816, 0.8782925960655865, 0.8782898502619563, 0.8782874883761586, 0.8782854566642208, 0.8782837089224904, 0.8782822054253581, 0.87828091201377, 0.8782797993128234, 0.8782788420599549, 0.8782780185279255, 0.8782773100291059, 0.8782767004895262, 0.8782761760827953, 0.8782757249154378, 0.8782753367563816, 0.8782750028043833, 0.8782747154880455, 0.8782744682938434, 0.878274255618235, 0.8782740726404653, 0.878273915213165, 0.8782737797682559, 0.8782736632360102, 0.878273562975426, 0.878273476714339, 0.8782734024978964, 0.8782733386442407, 0.8782732837063754, 0.8782732364393675, 0.8782731957721258, 0.8782731607831227, 0.8782731306795101, 0.8782731047791474, 0.8782730824951438, 0.8782730633225562, 0.8782730468269468, 0.8782730326345393, 0.8782730204237461, 0.8782730099178832, 0.8782730008788978, 0.8782729931019768, 0.8782729864109053, 0.8782729806540703, 0.8782729757010296, 0.8782729714395546, 0.8782729677730844, 0.878272964618542, 0.8782729619044501, 0.8782729595693108, 0.8782729575602134, 0.8782729558316341, 0.8782729543444066, 0.8782729530648317, 0.8782729519639162, 0.8782729510167153, 0.8782729502017657, 0.878272949500603, 0.8782729488973392, 0.8782729483783059, 0.8782729479317419, 0.8782729475475292, 0.8782729472169614, 0.878272946932549, 0.8782729466878472, 0.8782729464773118, 0.8782729462961717, 0.8782729461403236, 0.8782729460062357, 0.8782729458908693, 0.878272945791611, 0.8782729457062116, 0.8782729456327362, 0.8782729455695195, 0.8782729455151297, 0.8782729454683333, 0.8782729454280713, 0.8782729453934307, 0.8782729453636269, 0.8782729453379846, 0.8782729453159223, 0.8782729452969401, 0.8782729452806088, 0.8782729452665575, 0.878272945254468, 0.8782729452440668, 0.8782729452351176, 0.8782729452274183, 0.878272945220794, 0.878272945215094, 0.8782729452101905, 0.8782729452059711, 0.8782729452023416, 0.8782729451992192, 0.8782729451965344, 0.8782729451942286, 0.8782729451922442, 0.8782729451904935, 0.8782729451887206, 0.8782729451856559, 0.8782729451740647, 0.8782729451118415, 0.8782729447532801, 0.8782729426640464, 0.8782729304706082, 0.8782728592885075, 0.8782724437312125, 0.8782700177200469, 0.8782558548262769, 0.8781731761302398, 0.8776906372326313, 0.8748782790955973, 0.8586183675379668, 0.7688206975226863, 0.376989370416312, -0.37698937041635616, -0.7688206975226988, -0.8586183675379692, -0.8748782790955981, -0.8776906372326319, -0.8781731761302399, -0.8782558548262765, -0.8782700177200468, -0.8782724437312122, -0.8782728592885075, -0.8782729304706084, -0.8782729426640462, -0.8782729447532801, -0.8782729451118415, -0.878272945174065, -0.8782729451856576, -0.8782729451887281, -0.8782729451905089, -0.8782729451922647, -0.8782729451942468, -0.8782729451965449, -0.8782729451992223, -0.878272945202342, -0.8782729452059711, -0.8782729452101902, -0.878272945215094, -0.8782729452207935, -0.8782729452274183, -0.8782729452351179, -0.8782729452440664, -0.8782729452544678, -0.8782729452665571, -0.8782729452806085, -0.8782729452969406, -0.8782729453159224, -0.8782729453379843, -0.8782729453636268, -0.878272945393431, -0.8782729454280715, -0.8782729454683336, -0.8782729455151292, -0.8782729455695198, -0.8782729456327365, -0.8782729457062121, -0.8782729457916112, -0.8782729458908693, -0.8782729460062354, -0.8782729461403236, -0.8782729462961718, -0.8782729464773118, -0.8782729466878475, -0.8782729469325491, -0.8782729472169611, -0.8782729475475288, -0.8782729479317416, -0.8782729483783055, -0.8782729488973394, -0.8782729495006031, -0.8782729502017659, -0.878272951016715, -0.878272951963916, -0.878272953064832, -0.878272954344407, -0.8782729558316347, -0.8782729575602137, -0.8782729595693108, -0.87827296190445, -0.8782729646185419, -0.8782729677730837, -0.8782729714395543, -0.87827297570103, -0.8782729806540701, -0.8782729864109052, -0.8782729931019772, -0.878273000878898, -0.8782730099178833, -0.8782730204237463, -0.8782730326345393, -0.878273046826947, -0.878273063322556, -0.8782730824951436, -0.8782731047791473, -0.87827313067951, -0.8782731607831229, -0.8782731957721258, -0.8782732364393678, -0.878273283706375, -0.8782733386442403, -0.8782734024978965, -0.8782734767143384, -0.8782735629754259, -0.8782736632360093, -0.8782737797682554, -0.8782739152131646, -0.8782740726404649, -0.8782742556182347, -0.8782744682938433, -0.8782747154880451, -0.8782750028043833, -0.8782753367563815, -0.8782757249154378, -0.8782761760827955, -0.8782767004895261, -0.8782773100291063, -0.8782780185279253, -0.8782788420599551, -0.8782797993128234, -0.8782809120137698, -0.878282205425358, -0.8782837089224903, -0.8782854566642211, -0.8782874883761584, -0.8782898502619557, -0.8782925960655864, -0.8782957883098814, -0.8782994997413104, -0.8783038150163202, -0.8783088326709505, -0.8783146674231063, -0.8783214528660925, -0.8783293446231848, -0.8783385240465852, -0.8783492025607053, -0.8783616267701416, -0.8783760844779653, -0.878392911791461, -0.8784125015319808, -0.878435313215654, -0.8784618849354969, -0.8784928475576705, -0.8785289417512501, -0.8785710385106663, -0.8786201640149185, -0.8786775299149011, -0.8787445704742256, -0.8788229884453255, -0.8789148121936179, -0.8790224674659646, -0.8791488684533499, -0.8792975346027636, -0.8794727422734916, -0.879679724261686, -0.8799249361743119, -0.8802164178572621, -0.8805642926986291, -0.8809814713990195, -0.8814846666091259, -0.8820958937588932, -0.8828447573937265, -0.8837720555463864, -0.884935697061157, -0.8864209040064523, -0.8883589085484331, -0.8909640408102171, -0.8946157910726809, -0.9000722865084002, -0.9091840872322281, -0.9283910962815553, -1.0]'
