c = [1.0, 0.9283910962815694, 0.9091840872322507, 0.9000722865084299, 0.8946157910727164, 0.8909640408102586, 0.8883589085484801, 0.8864209040065046, 0.8849356970612146, 0.8837720555464486, 0.8828447573937928, 0.8820958937589634, 0.8814846666092004, 0.8809814713990974, 0.8805642926987106, 0.8802164178573474, 0.8799249361744003, 0.8796797242617764, 0.879472742273585, 0.8792975346028595, 0.8791488684534486, 0.8790224674660647, 0.8789148121937204, 0.8788229884454297, 0.878744570474331, 0.8786775299150079, 0.878620164015027, 0.8785710385107756, 0.8785289417513601, 0.878492847557782, 0.8784618849356092, 0.878435313215767, 0.8784125015320946, 0.8783929117915753, 0.8783760844780809, 0.878361626770257, 0.8783492025608212, 0.8783385240467014, 0.8783293446233016, 0.8783214528662097, 0.8783146674232238, 0.8783088326710685, 0.8783038150164387, 0.8782994997414292, 0.8782957883100001, 0.8782925960657049, 0.8782898502620745, 0.8782874883762775, 0.87828545666434, 0.8782837089226092, 0.878282205425477, 0.8782809120138887, 0.8782797993129425, 0.8782788420600741, 0.8782780185280444, 0.878277310029225, 0.8782767004896456, 0.8782761760829151, 0.878275724915557, 0.8782753367565013, 0.8782750028045031, 0.8782747154881646, 0.8782744682939629, 0.8782742556183549, 0.8782740726405849, 0.8782739152132848, 0.8782737797683753, 0.8782736632361295, 0.8782735629755454, 0.8782734767144585, 0.8782734024980163, 0.8782733386443601, 0.8782732837064954, 0.8782732364394872, 0.8782731957722454, 0.8782731607832424, 0.8782731306796301, 0.8782731047792676, 0.8782730824952633, 0.8782730633226752, 0.8782730468270664, 0.8782730326346593, 0.8782730204238661, 0.8782730099180025, 0.8782730008790176, 0.8782729931020968, 0.8782729864110245, 0.8782729806541902, 0.8782729757011499, 0.8782729714396742, 0.8782729677732038, 0.8782729646186618, 0.8782729619045697, 0.8782729595694304, 0.878272957560333, 0.8782729558317541, 0.8782729543445266, 0.8782729530649518, 0.8782729519640359, 0.8782729510168348, 0.8782729502018852, 0.878272949500723, 0.8782729488974592, 0.878272948378426, 0.8782729479318617, 0.8782729475476485, 0.8782729472170808, 0.8782729469326684, 0.8782729466879665, 0.8782729464774313, 0.8782729462962917, 0.8782729461404432, 0.8782729460063551, 0.8782729458909891, 0.878272945791731, 0.8782729457063315, 0.8782729456328561, 0.878272945569639, 0.8782729455152491, 0.878272945468453, 0.8782729454281911, 0.8782729453935508, 0.8782729453637468, 0.878272945338104, 0.8782729453160417, 0.8782729452970598, 0.8782729452807285, 0.8782729452666773, 0.8782729452545877, 0.8782729452441865, 0.8782729452352378, 0.8782729452275377, 0.8782729452209133, 0.8782729452152135, 0.87827294521031, 0.8782729452060908, 0.8782729452024606, 0.8782729451993377, 0.8782729451966527, 0.8782729451943444, 0.8782729451923598, 0.8782729451906458, 0.8782729451891241, 0.8782729451875491, 0.8782729451846593, 0.8782729451732226, 0.8782729451111334, 0.8782729447526879, 0.8782729426635533, 0.878272930470201, 0.8782728592881736, 0.8782724437309417, 0.8782700177198306, 0.8782558548261074, 0.8781731761301105, 0.8776906372325368, 0.8748782790955326, 0.858618367537926, 0.7688206975226622, 0.3769893704162996, -0.37698937041634406, -0.7688206975226749, -0.8586183675379281, -0.8748782790955326, -0.8776906372325369, -0.8781731761301105, -0.8782558548261075, -0.8782700177198309, -0.8782724437309415, -0.8782728592881732, -0.8782729304702009, -0.8782729426635533, -0.8782729447526876, -0.8782729451111339, -0.8782729451732227, -0.87827294518466, -0.8782729451875508, -0.8782729451891281, -0.8782729451906526, -0.8782729451923689, -0.8782729451943526, -0.8782729451966577, -0.8782729451993405, -0.8782729452024615, -0.8782729452060911, -0.8782729452103102, -0.8782729452152134, -0.878272945220913, -0.8782729452275376, -0.8782729452352372, -0.8782729452441866, -0.8782729452545881, -0.8782729452666771, -0.8782729452807282, -0.8782729452970601, -0.878272945316042, -0.8782729453381041, -0.8782729453637463, -0.8782729453935507, -0.8782729454281915, -0.8782729454684535, -0.8782729455152491, -0.878272945569639, -0.8782729456328557, -0.8782729457063313, -0.8782729457917308, -0.8782729458909894, -0.8782729460063559, -0.8782729461404438, -0.8782729462962917, -0.8782729464774313, -0.8782729466879664, -0.8782729469326682, -0.878272947217081, -0.8782729475476486, -0.8782729479318615, -0.8782729483784255, -0.8782729488974589, -0.8782729495007228, -0.8782729502018857, -0.8782729510168348, -0.8782729519640362, -0.8782729530649513, -0.8782729543445265, -0.8782729558317541, -0.8782729575603329, -0.8782729595694305, -0.8782729619045698, -0.8782729646186612, -0.8782729677732038, -0.878272971439674, -0.8782729757011498, -0.8782729806541901, -0.878272986411025, -0.8782729931020966, -0.8782730008790174, -0.8782730099180027, -0.878273020423866, -0.8782730326346592, -0.8782730468270663, -0.8782730633226757, -0.8782730824952635, -0.8782731047792672, -0.8782731306796294, -0.8782731607832421, -0.8782731957722454, -0.8782732364394873, -0.8782732837064952, -0.8782733386443601, -0.878273402498016, -0.8782734767144584, -0.8782735629755456, -0.8782736632361292, -0.8782737797683756, -0.8782739152132845, -0.8782740726405847, -0.8782742556183546, -0.8782744682939628, -0.8782747154881648, -0.8782750028045029, -0.8782753367565013, -0.8782757249155575, -0.8782761760829152, -0.8782767004896461, -0.8782773100292255, -0.8782780185280449, -0.8782788420600744, -0.8782797993129425, -0.8782809120138889, -0.8782822054254765, -0.8782837089226092, -0.87828545666434, -0.8782874883762771, -0.8782898502620745, -0.8782925960657045, -0.8782957883099993, -0.8782994997414285, -0.8783038150164378, -0.8783088326710683, -0.8783146674232234, -0.8783214528662094, -0.8783293446233015, -0.8783385240467017, -0.878349202560821, -0.8783616267702572, -0.8783760844780805, -0.8783929117915752, -0.878412501532095, -0.878435313215767, -0.878461884935609, -0.878492847557782, -0.8785289417513603, -0.8785710385107756, -0.878620164015027, -0.8786775299150078, -0.8787445704743312, -0.8788229884454298, -0.87891481219372, -0.8790224674660652, -0.8791488684534483, -0.8792975346028599, -0.8794727422735856, -0.8796797242617769, -0.8799249361744, -0.880216417857347, -0.8805642926987107, -0.8809814713990975, -0.8814846666092003, -0.8820958937589637, -0.8828447573937928, -0.8837720555464483, -0.8849356970612147, -0.8864209040065045, -0.8883589085484803, -0.8909640408102586, -0.8946157910727164, -0.90007228650843, -0.9091840872322509, -0.9283910962815696, -1.0]'
