c = [1.0, 0.9283910962815816, 0.9091840872322695, 0.9000722865084545, 0.8946157910727462, 0.8909640408102932, 0.8883589085485196, 0.8864209040065485, 0.8849356970612624, 0.8837720555465, 0.8828447573938483, 0.8820958937590226, 0.8814846666092633, 0.8809814713991637, 0.8805642926987794, 0.8802164178574184, 0.8799249361744741, 0.8796797242618531, 0.879472742273664, 0.8792975346029401, 0.8791488684535312, 0.8790224674661494, 0.8789148121938057, 0.878822988445517, 0.8787445704744197, 0.8786775299150976, 0.8786201640151176, 0.8785710385108677, 0.8785289417514532, 0.8784928475578754, 0.8784618849357035, 0.8784353132158622, 0.8784125015321909, 0.8783929117916711, 0.8783760844781769, 0.8783616267703542, 0.8783492025609188, 0.8783385240467995, 0.8783293446233998, 0.8783214528663084, 0.8783146674233229, 0.8783088326711677, 0.8783038150165375, 0.8782994997415279, 0.8782957883100987, 0.8782925960658043, 0.8782898502621743, 0.8782874883763772, 0.8782854566644398, 0.8782837089227087, 0.8782822054255769, 0.8782809120139887, 0.8782797993130426, 0.8782788420601743, 0.8782780185281447, 0.8782773100293255, 0.8782767004897459, 0.8782761760830158, 0.8782757249156579, 0.8782753367566014, 0.8782750028046036, 0.8782747154882655, 0.8782744682940634, 0.8782742556184553, 0.8782740726406849, 0.8782739152133852, 0.8782737797684755, 0.8782736632362299, 0.878273562975646, 0.8782734767145586, 0.8782734024981168, 0.8782733386444607, 0.8782732837065955, 0.8782732364395875, 0.8782731957723457, 0.878273160783343, 0.87827313067973, 0.8782731047793673, 0.8782730824953636, 0.8782730633227762, 0.8782730468271669, 0.8782730326347592, 0.8782730204239664, 0.878273009918103, 0.8782730008791174, 0.8782729931021973, 0.8782729864111257, 0.8782729806542908, 0.8782729757012504, 0.8782729714397749, 0.8782729677733044, 0.8782729646187618, 0.87827296190467, 0.878272959569531, 0.8782729575604339, 0.8782729558318549, 0.8782729543446269, 0.878272953065052, 0.8782729519641364, 0.8782729510169351, 0.8782729502019859, 0.8782729495008235, 0.8782729488975597, 0.8782729483785262, 0.878272947931962, 0.8782729475477492, 0.8782729472171811, 0.8782729469327687, 0.8782729466880672, 0.8782729464775314, 0.8782729462963917, 0.8782729461405436, 0.8782729460064559, 0.8782729458910896, 0.8782729457918317, 0.8782729457064318, 0.8782729456329562, 0.8782729455697392, 0.8782729455153494, 0.878272945468554, 0.8782729454282917, 0.8782729453936509, 0.8782729453638469, 0.8782729453382044, 0.8782729453161421, 0.8782729452971605, 0.8782729452808288, 0.8782729452667777, 0.8782729452546886, 0.8782729452442869, 0.8782729452353379, 0.8782729452276382, 0.8782729452210137, 0.8782729452153142, 0.87827294521041, 0.8782729452061908, 0.8782729452025612, 0.878272945199438, 0.878272945196751, 0.8782729451944409, 0.878272945192455, 0.8782729451907471, 0.8782729451892707, 0.8782729451879543, 0.8782729451865563, 0.8782729451838192, 0.8782729451725133, 0.8782729451105373, 0.878272944752189, 0.8782729426631379, 0.8782729304698575, 0.8782728592878921, 0.8782724437307134, 0.8782700177196485, 0.8782558548259649, 0.8781731761300022, 0.8776906372324575, 0.8748782790954779, 0.858618367537891, 0.7688206975226418, 0.3769893704162896, -0.376989370416335, -0.7688206975226547, -0.8586183675378934, -0.8748782790954782, -0.8776906372324577, -0.8781731761300021, -0.8782558548259648, -0.8782700177196487, -0.8782724437307139, -0.878272859287892, -0.8782729304698578, -0.878272942663138, -0.8782729447521892, -0.8782729451105374, -0.8782729451725136, -0.8782729451838189, -0.8782729451865574, -0.8782729451879573, -0.8782729451892769, -0.8782729451907552, -0.878272945192462, -0.8782729451944453, -0.8782729451967535, -0.8782729451994384, -0.8782729452025608, -0.8782729452061911, -0.8782729452104104, -0.8782729452153143, -0.878272945221014, -0.8782729452276381, -0.8782729452353377, -0.8782729452442872, -0.8782729452546887, -0.8782729452667778, -0.8782729452808288, -0.8782729452971607, -0.8782729453161424, -0.8782729453382048, -0.8782729453638471, -0.8782729453936509, -0.8782729454282914, -0.8782729454685535, -0.8782729455153495, -0.8782729455697399, -0.8782729456329568, -0.8782729457064324, -0.8782729457918316, -0.8782729458910898, -0.8782729460064558, -0.8782729461405439, -0.8782729462963923, -0.878272946477532, -0.8782729466880673, -0.878272946932769, -0.8782729472171812, -0.878272947547749, -0.8782729479319622, -0.8782729483785262, -0.8782729488975599, -0.8782729495008231, -0.8782729502019861, -0.8782729510169351, -0.8782729519641362, -0.8782729530650519, -0.8782729543446272, -0.8782729558318545, -0.8782729575604337, -0.8782729595695312, -0.8782729619046705, -0.8782729646187625, -0.8782729677733047, -0.8782729714397747, -0.8782729757012505, -0.8782729806542908, -0.8782729864111257, -0.8782729931021974, -0.8782730008791179, -0.8782730099181035, -0.8782730204239667, -0.87827303263476, -0.8782730468271669, -0.8782730633227758, -0.8782730824953641, -0.8782731047793675, -0.8782731306797303, -0.8782731607833427, -0.8782731957723455, -0.8782732364395877, -0.8782732837065954, -0.8782733386444607, -0.878273402498117, -0.8782734767145589, -0.8782735629756461, -0.8782736632362299, -0.8782737797684759, -0.8782739152133848, -0.8782740726406848, -0.8782742556184553, -0.8782744682940632, -0.8782747154882653, -0.8782750028046036, -0.8782753367566016, -0.878275724915658, -0.8782761760830158, -0.8782767004897464, -0.878277310029326, -0.8782780185281449, -0.8782788420601748, -0.8782797993130431, -0.8782809120139891, -0.8782822054255769, -0.8782837089227091, -0.8782854566644395, -0.8782874883763769, -0.8782898502621739, -0.8782925960658041, -0.8782957883100988, -0.8782994997415278, -0.8783038150165371, -0.8783088326711672, -0.8783146674233223, -0.8783214528663079, -0.8783293446233996, -0.8783385240467994, -0.878349202560919, -0.8783616267703541, -0.878376084478177, -0.8783929117916712, -0.8784125015321903, -0.8784353132158621, -0.8784618849357037, -0.8784928475578755, -0.8785289417514532, -0.8785710385108678, -0.8786201640151177, -0.878677529915098, -0.8787445704744196, -0.878822988445517, -0.8789148121938062, -0.8790224674661492, -0.8791488684535306, -0.87929753460294, -0.8794727422736636, -0.8796797242618528, -0.879924936174474, -0.8802164178574184, -0.8805642926987792, -0.8809814713991635, -0.8814846666092634, -0.8820958937590229, -0.8828447573938485, -0.8837720555465004, -0.8849356970612622, -0.8864209040065483, -0.8883589085485192, -0.890964040810293, -0.8946157910727461, -0.9000722865084543, -0.9091840872322696, -0.9283910962815812, -1.0]'
