c = [1.0, 0.92839109628159, 0.9091840872322834, 0.9000722865084726, 0.8946157910727686, 0.8909640408103193, 0.8883589085485489, 0.8864209040065809, 0.8849356970612983, 0.8837720555465391, 0.8828447573938905, 0.8820958937590679, 0.8814846666093106, 0.8809814713992131, 0.8805642926988312, 0.8802164178574727, 0.8799249361745308, 0.8796797242619111, 0.8794727422737237, 0.8792975346030016, 0.8791488684535933, 0.8790224674662132, 0.8789148121938712, 0.878822988445583, 0.878744570474487, 0.878677529915166, 0.8786201640151869, 0.8785710385109373, 0.8785289417515236, 0.8784928475579469, 0.8784618849357757, 0.8784353132159343, 0.8784125015322627, 0.8783929117917441, 0.8783760844782504, 0.8783616267704276, 0.8783492025609928, 0.8783385240468736, 0.8783293446234747, 0.8783214528663832, 0.8783146674233978, 0.8783088326712424, 0.8783038150166123, 0.8782994997416032, 0.8782957883101746, 0.87829259606588, 0.8782898502622499, 0.8782874883764527, 0.8782854566645157, 0.878283708922785, 0.8782822054256528, 0.8782809120140647, 0.8782797993131186, 0.8782788420602505, 0.878278018528221, 0.878277310029402, 0.8782767004898225, 0.8782761760830916, 0.8782757249157342, 0.8782753367566778, 0.8782750028046797, 0.8782747154883417, 0.8782744682941394, 0.8782742556185316, 0.8782740726407612, 0.8782739152134612, 0.8782737797685519, 0.8782736632363058, 0.8782735629757225, 0.8782734767146351, 0.8782734024981931, 0.878273338644537, 0.8782732837066722, 0.8782732364396643, 0.878273195772422, 0.8782731607834189, 0.8782731306798062, 0.878273104779444, 0.8782730824954399, 0.878273063322852, 0.8782730468272435, 0.8782730326348358, 0.8782730204240424, 0.8782730099181797, 0.8782730008791947, 0.8782729931022739, 0.8782729864112019, 0.8782729806543671, 0.8782729757013263, 0.8782729714398505, 0.8782729677733804, 0.8782729646188382, 0.8782729619047465, 0.8782729595696076, 0.8782729575605099, 0.8782729558319311, 0.8782729543447032, 0.8782729530651283, 0.8782729519642127, 0.8782729510170116, 0.8782729502020622, 0.8782729495008994, 0.8782729488976357, 0.8782729483786023, 0.8782729479320378, 0.8782729475478249, 0.8782729472172573, 0.8782729469328449, 0.8782729466881432, 0.878272946477608, 0.8782729462964685, 0.8782729461406201, 0.8782729460065325, 0.878272945891166, 0.878272945791908, 0.8782729457065083, 0.8782729456330327, 0.8782729455698165, 0.8782729455154261, 0.8782729454686301, 0.878272945428368, 0.8782729453937274, 0.8782729453639234, 0.8782729453382809, 0.8782729453162185, 0.8782729452972368, 0.8782729452809055, 0.878272945266854, 0.8782729452547646, 0.8782729452443631, 0.8782729452354145, 0.8782729452277147, 0.8782729452210899, 0.8782729452153902, 0.8782729452104867, 0.8782729452062675, 0.8782729452026373, 0.8782729451995145, 0.8782729451968275, 0.8782729451945155, 0.8782729451925286, 0.8782729451908331, 0.878272945189401, 0.8782729451881767, 0.8782729451870571, 0.8782729451858041, 0.878272945183183, 0.8782729451719765, 0.878272945110086, 0.8782729447518111, 0.8782729426628234, 0.8782729304695979, 0.8782728592876794, 0.8782724437305415, 0.8782700177195112, 0.8782558548258573, 0.8781731761299197, 0.8776906372323972, 0.8748782790954364, 0.8586183675378661, 0.7688206975226268, 0.37698937041629, -0.37698937041633557, -0.7688206975226396, -0.858618367537868, -0.8748782790954364, -0.8776906372323974, -0.8781731761299199, -0.8782558548258568, -0.878270017719511, -0.8782724437305413, -0.8782728592876796, -0.8782729304695981, -0.8782729426628239, -0.878272944751811, -0.8782729451100858, -0.8782729451719763, -0.8782729451831828, -0.8782729451858059, -0.8782729451870707, -0.8782729451882217, -0.878272945189471, -0.878272945190885, -0.8782729451925475, -0.8782729451945185, -0.8782729451968276, -0.8782729451995146, -0.8782729452026377, -0.8782729452062672, -0.8782729452104865, -0.8782729452153906, -0.8782729452210901, -0.8782729452277146, -0.878272945235414, -0.8782729452443636, -0.8782729452547648, -0.8782729452668542, -0.8782729452809053, -0.8782729452972365, -0.8782729453162184, -0.8782729453382806, -0.8782729453639231, -0.8782729453937275, -0.8782729454283683, -0.8782729454686304, -0.8782729455154257, -0.8782729455698159, -0.8782729456330325, -0.878272945706508, -0.8782729457919078, -0.8782729458911662, -0.8782729460065324, -0.8782729461406203, -0.8782729462964683, -0.8782729464776081, -0.8782729466881437, -0.8782729469328454, -0.8782729472172579, -0.8782729475478253, -0.8782729479320384, -0.8782729483786024, -0.8782729488976357, -0.8782729495008994, -0.8782729502020624, -0.8782729510170114, -0.8782729519642128, -0.8782729530651284, -0.8782729543447035, -0.8782729558319312, -0.87827295756051, -0.8782729595696074, -0.8782729619047467, -0.8782729646188385, -0.8782729677733808, -0.878272971439851, -0.8782729757013263, -0.878272980654367, -0.8782729864112018, -0.8782729931022738, -0.8782730008791938, -0.8782730099181791, -0.8782730204240426, -0.8782730326348357, -0.8782730468272433, -0.878273063322852, -0.8782730824954396, -0.8782731047794435, -0.8782731306798063, -0.8782731607834188, -0.8782731957724221, -0.8782732364396638, -0.8782732837066717, -0.8782733386445369, -0.878273402498193, -0.8782734767146351, -0.878273562975722, -0.8782736632363061, -0.8782737797685521, -0.8782739152134611, -0.8782740726407614, -0.8782742556185313, -0.8782744682941396, -0.8782747154883417, -0.8782750028046798, -0.8782753367566778, -0.8782757249157337, -0.878276176083092, -0.8782767004898226, -0.8782773100294019, -0.8782780185282211, -0.8782788420602508, -0.8782797993131187, -0.878280912014065, -0.8782822054256526, -0.878283708922785, -0.8782854566645152, -0.8782874883764527, -0.8782898502622498, -0.8782925960658798, -0.8782957883101744, -0.8782994997416032, -0.8783038150166126, -0.8783088326712424, -0.8783146674233976, -0.8783214528663827, -0.8783293446234742, -0.8783385240468741, -0.878349202560993, -0.878361626770428, -0.8783760844782507, -0.8783929117917443, -0.8784125015322631, -0.8784353132159346, -0.8784618849357753, -0.8784928475579469, -0.8785289417515235, -0.8785710385109375, -0.8786201640151874, -0.8786775299151659, -0.8787445704744871, -0.8788229884455832, -0.878914812193871, -0.8790224674662128, -0.879148868453593, -0.8792975346030011, -0.8794727422737232, -0.8796797242619111, -0.8799249361745305, -0.8802164178574726, -0.8805642926988314, -0.8809814713992133, -0.8814846666093104, -0.8820958937590678, -0.8828447573938902, -0.8837720555465393, -0.8849356970612982, -0.8864209040065809, -0.8883589085485489, -0.890964040810319, -0.8946157910727682, -0.9000722865084723, -0.9091840872322833, -0.9283910962815898, -1.0]'
