c = [1.0, 0.9283910962816004, 0.9091840872323004, 0.9000722865084944, 0.8946157910727943, 0.8909640408103489, 0.8883589085485828, 0.8864209040066184, 0.8849356970613396, 0.8837720555465841, 0.8828447573939381, 0.8820958937591182, 0.8814846666093639, 0.8809814713992694, 0.8805642926988902, 0.8802164178575336, 0.8799249361745939, 0.8796797242619763, 0.8794727422737902, 0.8792975346030703, 0.879148868453664, 0.879022467466285, 0.8789148121939443, 0.878822988445658, 0.878744570474563, 0.8786775299152426, 0.8786201640152644, 0.8785710385110163, 0.8785289417516035, 0.8784928475580265, 0.8784618849358556, 0.8784353132160154, 0.8784125015323447, 0.8783929117918264, 0.8783760844783332, 0.8783616267705112, 0.8783492025610766, 0.8783385240469578, 0.8783293446235588, 0.8783214528664671, 0.8783146674234815, 0.8783088326713268, 0.8783038150166974, 0.8782994997416882, 0.8782957883102595, 0.8782925960659645, 0.878289850262335, 0.8782874883765377, 0.8782854566646005, 0.8782837089228699, 0.8782822054257379, 0.8782809120141502, 0.878279799313204, 0.8782788420603364, 0.8782780185283069, 0.8782773100294874, 0.8782767004899082, 0.8782761760831778, 0.87827572491582, 0.878275336756764, 0.8782750028047654, 0.8782747154884274, 0.8782744682942251, 0.8782742556186174, 0.8782740726408471, 0.8782739152135468, 0.878273779768638, 0.878273663236392, 0.8782735629758083, 0.8782734767147212, 0.8782734024982792, 0.8782733386446232, 0.878273283706758, 0.8782732364397497, 0.8782731957725077, 0.8782731607835053, 0.8782731306798924, 0.8782731047795295, 0.8782730824955262, 0.8782730633229383, 0.8782730468273289, 0.878273032634922, 0.8782730204241291, 0.8782730099182654, 0.8782730008792802, 0.8782729931023597, 0.8782729864112876, 0.8782729806544526, 0.878272975701412, 0.8782729714399367, 0.8782729677734664, 0.8782729646189246, 0.8782729619048325, 0.8782729595696934, 0.8782729575605959, 0.8782729558320171, 0.8782729543447892, 0.8782729530652146, 0.878272951964299, 0.8782729510170976, 0.878272950202148, 0.8782729495009853, 0.8782729488977213, 0.878272948378688, 0.8782729479321241, 0.878272947547911, 0.8782729472173433, 0.878272946932931, 0.8782729466882293, 0.8782729464776939, 0.8782729462965546, 0.878272946140706, 0.878272946006618, 0.8782729458912518, 0.8782729457919937, 0.8782729457065945, 0.878272945633119, 0.8782729455699019, 0.8782729455155118, 0.8782729454687159, 0.8782729454284537, 0.8782729453938133, 0.8782729453640092, 0.8782729453383669, 0.8782729453163047, 0.8782729452973226, 0.8782729452809911, 0.8782729452669397, 0.8782729452548508, 0.8782729452444493, 0.8782729452354999, 0.8782729452278003, 0.878272945221176, 0.8782729452154765, 0.8782729452105722, 0.8782729452063536, 0.8782729452027238, 0.8782729451996001, 0.8782729451969129, 0.8782729451946013, 0.8782729451926122, 0.8782729451909013, 0.8782729451894289, 0.8782729451881609, 0.8782729451870624, 0.878272945186072, 0.878272945184957, 0.8782729451824647, 0.8782729451713704, 0.8782729451095769, 0.8782729447513853, 0.8782729426624691, 0.8782729304693049, 0.8782728592874395, 0.8782724437303464, 0.8782700177193551, 0.8782558548257352, 0.8781731761298275, 0.8776906372323297, 0.8748782790953897, 0.8586183675378355, 0.7688206975226087, 0.3769893704162759, -0.3769893704163225, -0.7688206975226219, -0.8586183675378382, -0.8748782790953896, -0.8776906372323297, -0.8781731761298273, -0.8782558548257355, -0.8782700177193558, -0.878272443730347, -0.878272859287439, -0.8782729304693045, -0.8782729426624688, -0.878272944751385, -0.878272945109577, -0.8782729451713707, -0.8782729451824651, -0.8782729451849575, -0.878272945186072, -0.8782729451870623, -0.8782729451881612, -0.8782729451894293, -0.8782729451909016, -0.8782729451926126, -0.8782729451946011, -0.8782729451969128, -0.8782729451996002, -0.8782729452027234, -0.8782729452063532, -0.8782729452105722, -0.8782729452154765, -0.8782729452211762, -0.8782729452278006, -0.8782729452355, -0.878272945244449, -0.8782729452548503, -0.8782729452669397, -0.8782729452809909, -0.8782729452973228, -0.8782729453163047, -0.8782729453383672, -0.8782729453640092, -0.8782729453938131, -0.8782729454284534, -0.8782729454687156, -0.8782729455155119, -0.878272945569902, -0.8782729456331188, -0.8782729457065942, -0.8782729457919936, -0.8782729458912522, -0.8782729460066184, -0.8782729461407065, -0.8782729462965548, -0.878272946477694, -0.8782729466882296, -0.8782729469329311, -0.8782729472173434, -0.8782729475479112, -0.8782729479321245, -0.8782729483786881, -0.8782729488977219, -0.8782729495009856, -0.8782729502021485, -0.8782729510170975, -0.8782729519642988, -0.8782729530652141, -0.8782729543447891, -0.878272955832017, -0.878272957560596, -0.8782729595696934, -0.8782729619048322, -0.8782729646189245, -0.8782729677734666, -0.878272971439937, -0.8782729757014119, -0.8782729806544523, -0.8782729864112875, -0.8782729931023593, -0.87827300087928, -0.8782730099182651, -0.8782730204241282, -0.8782730326349215, -0.878273046827329, -0.8782730633229379, -0.878273082495526, -0.8782731047795295, -0.8782731306798921, -0.8782731607835049, -0.8782731957725078, -0.8782732364397496, -0.8782732837067575, -0.8782733386446231, -0.8782734024982788, -0.878273476714721, -0.8782735629758083, -0.8782736632363918, -0.8782737797686381, -0.8782739152135473, -0.8782740726408472, -0.878274255618617, -0.8782744682942248, -0.8782747154884272, -0.8782750028047656, -0.8782753367567634, -0.8782757249158195, -0.8782761760831772, -0.8782767004899077, -0.8782773100294873, -0.8782780185283063, -0.8782788420603362, -0.8782797993132039, -0.8782809120141503, -0.8782822054257379, -0.8782837089228703, -0.8782854566646006, -0.878287488376538, -0.878289850262335, -0.8782925960659649, -0.8782957883102596, -0.8782994997416878, -0.8783038150166967, -0.8783088326713268, -0.8783146674234816, -0.8783214528664668, -0.8783293446235584, -0.8783385240469571, -0.8783492025610762, -0.8783616267705111, -0.8783760844783332, -0.8783929117918267, -0.8784125015323445, -0.8784353132160155, -0.8784618849358562, -0.8784928475580266, -0.8785289417516028, -0.8785710385110158, -0.8786201640152647, -0.8786775299152427, -0.8787445704745626, -0.8788229884456579, -0.8789148121939444, -0.8790224674662852, -0.8791488684536641, -0.8792975346030701, -0.8794727422737906, -0.8796797242619763, -0.8799249361745934, -0.8802164178575337, -0.8805642926988896, -0.8809814713992693, -0.8814846666093639, -0.882095893759118, -0.8828447573939381, -0.8837720555465837, -0.8849356970613393, -0.8864209040066185, -0.8883589085485827, -0.8909640408103491, -0.8946157910727944, -0.9000722865084944, -0.9091840872323003, -0.9283910962816005, -1.0]'
