c = [1.0, 0.9283910962816082, 0.909184087232312, 0.9000722865085096, 0.8946157910728133, 0.8909640408103708, 0.8883589085486077, 0.8864209040066467, 0.88493569706137, 0.8837720555466165, 0.8828447573939733, 0.882095893759156, 0.8814846666094042, 0.880981471399311, 0.8805642926989339, 0.8802164178575791, 0.8799249361746404, 0.8796797242620248, 0.8794727422738403, 0.8792975346031212, 0.879148868453716, 0.8790224674663386, 0.8789148121939988, 0.8788229884457128, 0.8787445704746187, 0.8786775299152999, 0.8786201640153226, 0.8785710385110741, 0.8785289417516616, 0.8784928475580859, 0.8784618849359157, 0.8784353132160756, 0.8784125015324055, 0.8783929117918876, 0.8783760844783951, 0.8783616267705732, 0.8783492025611385, 0.8783385240470195, 0.8783293446236203, 0.8783214528665295, 0.8783146674235446, 0.8783088326713898, 0.8783038150167604, 0.8782994997417508, 0.8782957883103226, 0.8782925960660279, 0.8782898502623983, 0.8782874883766011, 0.878285456664664, 0.8782837089229337, 0.8782822054258015, 0.8782809120142143, 0.8782797993132682, 0.8782788420603999, 0.8782780185283705, 0.8782773100295516, 0.878276700489972, 0.8782761760832414, 0.8782757249158832, 0.8782753367568275, 0.878275002804829, 0.8782747154884911, 0.878274468294289, 0.8782742556186809, 0.8782740726409112, 0.8782739152136109, 0.8782737797687018, 0.878273663236456, 0.8782735629758724, 0.8782734767147853, 0.878273402498343, 0.8782733386446866, 0.8782732837068216, 0.878273236439814, 0.8782731957725718, 0.8782731607835687, 0.8782731306799564, 0.8782731047795935, 0.8782730824955896, 0.8782730633230023, 0.8782730468273935, 0.8782730326349859, 0.8782730204241928, 0.8782730099183297, 0.878273000879344, 0.878272993102423, 0.8782729864113512, 0.8782729806545165, 0.8782729757014761, 0.8782729714400008, 0.8782729677735304, 0.8782729646189882, 0.8782729619048961, 0.8782729595697573, 0.8782729575606597, 0.8782729558320811, 0.8782729543448532, 0.8782729530652782, 0.8782729519643624, 0.8782729510171613, 0.8782729502022116, 0.8782729495010491, 0.8782729488977857, 0.8782729483787519, 0.8782729479321879, 0.8782729475479749, 0.8782729472174075, 0.8782729469329951, 0.8782729466882937, 0.8782729464777577, 0.8782729462966183, 0.8782729461407699, 0.8782729460066819, 0.8782729458913162, 0.8782729457920577, 0.878272945706658, 0.8782729456331825, 0.8782729455699657, 0.8782729455155754, 0.8782729454687799, 0.8782729454285176, 0.8782729453938771, 0.8782729453640735, 0.8782729453384307, 0.8782729453163683, 0.8782729452973865, 0.8782729452810552, 0.8782729452670041, 0.8782729452549142, 0.8782729452445127, 0.8782729452355641, 0.8782729452278644, 0.8782729452212396, 0.8782729452155403, 0.8782729452106367, 0.8782729452064172, 0.878272945202787, 0.8782729451996641, 0.8782729451969769, 0.8782729451946653, 0.8782729451926762, 0.8782729451909647, 0.8782729451894923, 0.8782729451882255, 0.8782729451871343, 0.8782729451861876, 0.8782729451853281, 0.8782729451843262, 0.878272945181931, 0.8782729451709205, 0.8782729451091983, 0.8782729447510684, 0.8782729426622052, 0.8782729304690865, 0.8782728592872607, 0.8782724437302022, 0.8782700177192402, 0.8782558548256449, 0.8781731761297582, 0.8776906372322791, 0.8748782790953548, 0.8586183675378141, 0.7688206975225956, 0.3769893704162718, -0.3769893704163185, -0.7688206975226088, -0.8586183675378163, -0.8748782790953554, -0.8776906372322792, -0.8781731761297583, -0.8782558548256444, -0.8782700177192394, -0.8782724437302016, -0.8782728592872606, -0.8782729304690868, -0.8782729426622052, -0.8782729447510684, -0.8782729451091984, -0.8782729451709198, -0.8782729451819307, -0.8782729451843261, -0.8782729451853286, -0.8782729451861885, -0.8782729451871351, -0.8782729451882256, -0.8782729451894924, -0.8782729451909649, -0.8782729451926763, -0.8782729451946651, -0.8782729451969769, -0.8782729451996644, -0.8782729452027876, -0.8782729452064175, -0.8782729452106364, -0.8782729452155401, -0.8782729452212397, -0.8782729452278641, -0.8782729452355639, -0.8782729452445132, -0.878272945254915, -0.8782729452670043, -0.878272945281055, -0.8782729452973865, -0.8782729453163681, -0.8782729453384304, -0.8782729453640732, -0.8782729453938772, -0.8782729454285177, -0.8782729454687798, -0.8782729455155756, -0.8782729455699658, -0.8782729456331826, -0.8782729457066585, -0.8782729457920581, -0.878272945891316, -0.8782729460066822, -0.8782729461407702, -0.8782729462966181, -0.8782729464777581, -0.8782729466882938, -0.8782729469329952, -0.8782729472174077, -0.8782729475479754, -0.8782729479321885, -0.8782729483787524, -0.878272948897786, -0.8782729495010493, -0.8782729502022121, -0.8782729510171613, -0.8782729519643627, -0.8782729530652782, -0.8782729543448529, -0.8782729558320811, -0.8782729575606599, -0.8782729595697573, -0.8782729619048959, -0.8782729646189877, -0.8782729677735306, -0.8782729714400005, -0.8782729757014763, -0.8782729806545163, -0.8782729864113511, -0.8782729931024232, -0.8782730008793438, -0.878273009918329, -0.8782730204241928, -0.8782730326349856, -0.8782730468273928, -0.8782730633230019, -0.8782730824955897, -0.8782731047795935, -0.8782731306799559, -0.878273160783569, -0.8782731957725717, -0.8782732364398137, -0.8782732837068217, -0.8782733386446867, -0.8782734024983428, -0.8782734767147852, -0.8782735629758722, -0.8782736632364558, -0.8782737797687015, -0.8782739152136109, -0.8782740726409112, -0.8782742556186809, -0.8782744682942889, -0.878274715488491, -0.8782750028048291, -0.8782753367568272, -0.8782757249158832, -0.8782761760832413, -0.8782767004899714, -0.8782773100295511, -0.8782780185283702, -0.8782788420604, -0.8782797993132678, -0.878280912014214, -0.8782822054258017, -0.878283708922934, -0.8782854566646644, -0.8782874883766011, -0.878289850262398, -0.8782925960660283, -0.8782957883103224, -0.8782994997417507, -0.8783038150167601, -0.8783088326713895, -0.8783146674235444, -0.8783214528665295, -0.8783293446236206, -0.8783385240470195, -0.8783492025611379, -0.8783616267705727, -0.878376084478395, -0.8783929117918877, -0.8784125015324052, -0.8784353132160757, -0.8784618849359159, -0.878492847558086, -0.8785289417516617, -0.8785710385110743, -0.8786201640153223, -0.8786775299152998, -0.8787445704746193, -0.8788229884457133, -0.878914812193999, -0.8790224674663387, -0.8791488684537161, -0.8792975346031215, -0.8794727422738402, -0.8796797242620248, -0.8799249361746404, -0.880216417857579, -0.8805642926989337, -0.880981471399311, -0.8814846666094037, -0.8820958937591559, -0.8828447573939736, -0.8837720555466168, -0.8849356970613702, -0.8864209040066467, -0.8883589085486081, -0.8909640408103711, -0.8946157910728132, -0.90007228650851, -0.9091840872323123, -0.9283910962816079, -1.0]'
