c = [1.0, 0.928391096281614, 0.9091840872323222, 0.9000722865085228, 0.8946157910728294, 0.8909640408103902, 0.888358908548629, 0.8864209040066701, 0.8849356970613957, 0.8837720555466448, 0.8828447573940039, 0.8820958937591881, 0.8814846666094379, 0.8809814713993469, 0.8805642926989707, 0.880216417857618, 0.8799249361746808, 0.8796797242620662, 0.8794727422738828, 0.8792975346031654, 0.8791488684537614, 0.8790224674663843, 0.8789148121940455, 0.8788229884457608, 0.8787445704746677, 0.8786775299153485, 0.8786201640153714, 0.8785710385111243, 0.8785289417517124, 0.878492847558137, 0.8784618849359672, 0.8784353132161278, 0.8784125015324582, 0.8783929117919405, 0.8783760844784478, 0.8783616267706258, 0.8783492025611911, 0.8783385240470729, 0.8783293446236744, 0.8783214528665834, 0.8783146674235981, 0.8783088326714431, 0.878303815016814, 0.8782994997418048, 0.8782957883103764, 0.8782925960660818, 0.8782898502624523, 0.8782874883766555, 0.8782854566647184, 0.8782837089229883, 0.8782822054258564, 0.8782809120142684, 0.8782797993133226, 0.8782788420604546, 0.878278018528425, 0.8782773100296061, 0.8782767004900262, 0.878276176083296, 0.8782757249159379, 0.8782753367568822, 0.8782750028048839, 0.8782747154885456, 0.8782744682943437, 0.8782742556187356, 0.8782740726409657, 0.8782739152136655, 0.8782737797687566, 0.8782736632365108, 0.8782735629759266, 0.8782734767148391, 0.8782734024983971, 0.8782733386447416, 0.8782732837068764, 0.8782732364398682, 0.8782731957726265, 0.8782731607836236, 0.8782731306800107, 0.8782731047796485, 0.8782730824956447, 0.878273063323057, 0.8782730468274481, 0.8782730326350406, 0.8782730204242473, 0.8782730099183836, 0.8782730008793984, 0.878272993102478, 0.8782729864114062, 0.8782729806545716, 0.8782729757015308, 0.8782729714400554, 0.8782729677735849, 0.8782729646190429, 0.8782729619049509, 0.8782729595698121, 0.8782729575607146, 0.8782729558321356, 0.8782729543449078, 0.8782729530653328, 0.8782729519644167, 0.8782729510172156, 0.8782729502022666, 0.8782729495011036, 0.87827294889784, 0.8782729483788065, 0.8782729479322426, 0.8782729475480298, 0.8782729472174624, 0.8782729469330496, 0.8782729466883479, 0.8782729464778124, 0.8782729462966729, 0.878272946140825, 0.8782729460067367, 0.8782729458913705, 0.8782729457921121, 0.8782729457067127, 0.8782729456332371, 0.8782729455700206, 0.8782729455156302, 0.8782729454688345, 0.8782729454285727, 0.8782729453939316, 0.8782729453641278, 0.8782729453384851, 0.8782729453164232, 0.8782729452974414, 0.8782729452811093, 0.8782729452670582, 0.8782729452549694, 0.8782729452445677, 0.8782729452356184, 0.878272945227919, 0.8782729452212946, 0.8782729452155945, 0.8782729452106908, 0.878272945206472, 0.8782729452028419, 0.878272945199719, 0.8782729451970319, 0.87827294519472, 0.8782729451927308, 0.8782729451910194, 0.8782729451895469, 0.8782729451882805, 0.8782729451871908, 0.8782729451862531, 0.8782729451854387, 0.8782729451846925, 0.8782729451837873, 0.8782729451814751, 0.8782729451705354, 0.8782729451088747, 0.8782729447507978, 0.8782729426619806, 0.8782729304689012, 0.8782728592871084, 0.8782724437300784, 0.8782700177191413, 0.8782558548255675, 0.8781731761296995, 0.8776906372322358, 0.874878279095325, 0.8586183675377954, 0.7688206975225852, 0.37698937041626635, -0.37698937041631186, -0.7688206975225982, -0.8586183675377977, -0.8748782790953251, -0.8776906372322356, -0.8781731761296991, -0.8782558548255673, -0.8782700177191414, -0.8782724437300783, -0.8782728592871085, -0.8782729304689011, -0.8782729426619797, -0.8782729447507972, -0.8782729451088747, -0.8782729451705354, -0.878272945181475, -0.8782729451837877, -0.8782729451846932, -0.87827294518544, -0.8782729451862553, -0.8782729451871932, -0.8782729451882818, -0.8782729451895472, -0.8782729451910198, -0.8782729451927309, -0.87827294519472, -0.8782729451970316, -0.8782729451997185, -0.8782729452028415, -0.8782729452064716, -0.8782729452106908, -0.8782729452155951, -0.878272945221295, -0.8782729452279194, -0.8782729452356186, -0.8782729452445677, -0.8782729452549688, -0.8782729452670581, -0.8782729452811098, -0.8782729452974413, -0.8782729453164232, -0.8782729453384853, -0.8782729453641276, -0.8782729453939317, -0.8782729454285725, -0.8782729454688347, -0.8782729455156307, -0.8782729455700204, -0.8782729456332372, -0.8782729457067129, -0.878272945792112, -0.8782729458913707, -0.878272946006737, -0.8782729461408246, -0.8782729462966731, -0.8782729464778127, -0.8782729466883484, -0.87827294693305, -0.8782729472174624, -0.8782729475480299, -0.878272947932243, -0.8782729483788069, -0.8782729488978405, -0.8782729495011039, -0.8782729502022665, -0.878272951017216, -0.8782729519644172, -0.8782729530653328, -0.8782729543449073, -0.8782729558321349, -0.8782729575607143, -0.8782729595698113, -0.8782729619049507, -0.8782729646190426, -0.8782729677735845, -0.8782729714400551, -0.8782729757015306, -0.8782729806545709, -0.8782729864114063, -0.8782729931024779, -0.8782730008793984, -0.8782730099183839, -0.8782730204242469, -0.8782730326350401, -0.8782730468274473, -0.8782730633230568, -0.8782730824956443, -0.8782731047796482, -0.8782731306800109, -0.8782731607836235, -0.8782731957726265, -0.8782732364398685, -0.8782732837068763, -0.8782733386447413, -0.8782734024983971, -0.8782734767148397, -0.8782735629759268, -0.8782736632365102, -0.8782737797687563, -0.8782739152136654, -0.8782740726409655, -0.8782742556187354, -0.8782744682943432, -0.8782747154885455, -0.8782750028048835, -0.8782753367568817, -0.8782757249159377, -0.8782761760832959, -0.8782767004900262, -0.8782773100296057, -0.8782780185284246, -0.8782788420604545, -0.8782797993133227, -0.8782809120142684, -0.8782822054258559, -0.8782837089229883, -0.8782854566647184, -0.8782874883766553, -0.8782898502624524, -0.878292596066082, -0.8782957883103765, -0.8782994997418051, -0.8783038150168139, -0.8783088326714433, -0.8783146674235977, -0.878321452866583, -0.8783293446236744, -0.8783385240470726, -0.878349202561191, -0.8783616267706255, -0.8783760844784472, -0.8783929117919398, -0.8784125015324572, -0.8784353132161274, -0.8784618849359671, -0.8784928475581373, -0.8785289417517127, -0.8785710385111245, -0.8786201640153719, -0.8786775299153486, -0.8787445704746669, -0.8788229884457607, -0.8789148121940454, -0.8790224674663845, -0.8791488684537612, -0.8792975346031651, -0.8794727422738832, -0.8796797242620664, -0.8799249361746809, -0.880216417857618, -0.8805642926989712, -0.8809814713993469, -0.8814846666094378, -0.8820958937591884, -0.8828447573940037, -0.8837720555466446, -0.8849356970613959, -0.8864209040066704, -0.888358908548629, -0.8909640408103896, -0.894615791072829, -0.9000722865085229, -0.9091840872323224, -0.9283910962816143, -1.0]'
