c = [1.0, 0.9283910962816183, 0.9091840872323297, 0.9000722865085329, 0.8946157910728415, 0.8909640408104036, 0.8883589085486449, 0.8864209040066879, 0.8849356970614157, 0.8837720555466659, 0.8828447573940265, 0.8820958937592124, 0.8814846666094632, 0.8809814713993739, 0.8805642926989993, 0.8802164178576471, 0.879924936174711, 0.8796797242620978, 0.8794727422739154, 0.8792975346031981, 0.8791488684537949, 0.8790224674664192, 0.8789148121940812, 0.8788229884457962, 0.8787445704747032, 0.8786775299153853, 0.8786201640154089, 0.878571038511162, 0.8785289417517506, 0.8784928475581757, 0.8784618849360063, 0.8784353132161671, 0.8784125015324973, 0.8783929117919795, 0.8783760844784868, 0.8783616267706654, 0.8783492025612313, 0.8783385240471131, 0.8783293446237144, 0.8783214528666231, 0.8783146674236385, 0.8783088326714836, 0.8783038150168544, 0.8782994997418453, 0.8782957883104169, 0.8782925960661226, 0.8782898502624928, 0.8782874883766965, 0.8782854566647594, 0.878283708923029, 0.8782822054258973, 0.8782809120143096, 0.8782797993133635, 0.8782788420604958, 0.8782780185284658, 0.8782773100296472, 0.8782767004900671, 0.8782761760833369, 0.8782757249159793, 0.8782753367569228, 0.8782750028049251, 0.8782747154885867, 0.8782744682943846, 0.8782742556187767, 0.8782740726410071, 0.8782739152137069, 0.8782737797687975, 0.8782736632365514, 0.8782735629759678, 0.8782734767148809, 0.8782734024984385, 0.8782733386447823, 0.8782732837069175, 0.8782732364399096, 0.8782731957726674, 0.878273160783665, 0.8782731306800525, 0.8782731047796897, 0.8782730824956858, 0.8782730633230983, 0.878273046827489, 0.8782730326350813, 0.8782730204242881, 0.878273009918425, 0.8782730008794398, 0.8782729931025194, 0.8782729864114474, 0.8782729806546125, 0.8782729757015718, 0.8782729714400964, 0.8782729677736261, 0.8782729646190841, 0.8782729619049922, 0.878272959569853, 0.8782729575607554, 0.8782729558321767, 0.8782729543449485, 0.8782729530653736, 0.8782729519644582, 0.8782729510172567, 0.8782729502023074, 0.8782729495011449, 0.8782729488978812, 0.8782729483788478, 0.8782729479322838, 0.8782729475480707, 0.8782729472175033, 0.8782729469330905, 0.8782729466883891, 0.878272946477854, 0.8782729462967144, 0.8782729461408659, 0.8782729460067779, 0.8782729458914116, 0.8782729457921534, 0.8782729457067542, 0.8782729456332784, 0.878272945570062, 0.878272945515672, 0.8782729454688758, 0.8782729454286137, 0.8782729453939729, 0.8782729453641694, 0.8782729453385266, 0.878272945316464, 0.8782729452974821, 0.8782729452811511, 0.8782729452670998, 0.8782729452550102, 0.8782729452446092, 0.8782729452356601, 0.8782729452279601, 0.8782729452213355, 0.8782729452156363, 0.8782729452107322, 0.8782729452065133, 0.8782729452028833, 0.87827294519976, 0.8782729451970729, 0.8782729451947611, 0.8782729451927718, 0.8782729451910605, 0.8782729451895877, 0.8782729451883209, 0.8782729451872322, 0.8782729451863026, 0.878272945185517, 0.8782729451848422, 0.8782729451842044, 0.8782729451833787, 0.87827294518113, 0.8782729451702446, 0.8782729451086302, 0.878272944750593, 0.8782729426618098, 0.87827293046876, 0.878272859286993, 0.878272443729985, 0.8782700177190664, 0.8782558548255088, 0.8781731761296547, 0.8776906372322031, 0.8748782790953025, 0.8586183675377809, 0.7688206975225776, 0.37698937041626485, -0.37698937041631, -0.7688206975225902, -0.8586183675377834, -0.8748782790953029, -0.8776906372322033, -0.8781731761296546, -0.878255854825509, -0.8782700177190667, -0.8782724437299845, -0.8782728592869924, -0.8782729304687595, -0.8782729426618096, -0.878272944750593, -0.8782729451086303, -0.8782729451702441, -0.8782729451811297, -0.8782729451833801, -0.8782729451842123, -0.8782729451848666, -0.8782729451855552, -0.8782729451863315, -0.8782729451872429, -0.878272945188323, -0.8782729451895881, -0.8782729451910603, -0.8782729451927715, -0.8782729451947606, -0.8782729451970726, -0.87827294519976, -0.8782729452028836, -0.8782729452065134, -0.8782729452107321, -0.8782729452156359, -0.8782729452213353, -0.8782729452279598, -0.8782729452356597, -0.8782729452446089, -0.8782729452550101, -0.8782729452670995, -0.8782729452811505, -0.8782729452974822, -0.8782729453164642, -0.8782729453385265, -0.8782729453641692, -0.8782729453939728, -0.8782729454286137, -0.8782729454688755, -0.8782729455156713, -0.8782729455700617, -0.8782729456332785, -0.8782729457067538, -0.8782729457921535, -0.8782729458914119, -0.8782729460067783, -0.8782729461408663, -0.8782729462967145, -0.8782729464778538, -0.8782729466883894, -0.8782729469330911, -0.8782729472175036, -0.8782729475480711, -0.8782729479322837, -0.8782729483788481, -0.8782729488978818, -0.8782729495011452, -0.8782729502023076, -0.8782729510172569, -0.8782729519644583, -0.8782729530653738, -0.8782729543449488, -0.8782729558321765, -0.8782729575607552, -0.8782729595698529, -0.8782729619049919, -0.8782729646190837, -0.8782729677736263, -0.8782729714400964, -0.878272975701572, -0.8782729806546125, -0.8782729864114474, -0.878272993102519, -0.8782730008794395, -0.878273009918425, -0.8782730204242881, -0.8782730326350812, -0.878273046827489, -0.8782730633230977, -0.8782730824956857, -0.8782731047796895, -0.8782731306800521, -0.8782731607836647, -0.8782731957726672, -0.8782732364399097, -0.8782732837069175, -0.8782733386447823, -0.8782734024984384, -0.8782734767148807, -0.8782735629759677, -0.8782736632365518, -0.8782737797687972, -0.8782739152137067, -0.8782740726410067, -0.8782742556187767, -0.8782744682943845, -0.8782747154885869, -0.8782750028049248, -0.878275336756923, -0.878275724915979, -0.878276176083337, -0.8782767004900676, -0.8782773100296467, -0.8782780185284655, -0.8782788420604954, -0.8782797993133633, -0.8782809120143094, -0.8782822054258972, -0.878283708923029, -0.8782854566647594, -0.8782874883766967, -0.8782898502624933, -0.878292596066123, -0.8782957883104169, -0.8782994997418457, -0.8783038150168547, -0.8783088326714839, -0.8783146674236382, -0.8783214528666231, -0.8783293446237143, -0.8783385240471127, -0.878349202561231, -0.8783616267706653, -0.8783760844784869, -0.8783929117919794, -0.878412501532497, -0.8784353132161666, -0.878461884936006, -0.8784928475581756, -0.8785289417517503, -0.8785710385111623, -0.8786201640154089, -0.8786775299153854, -0.8787445704747034, -0.8788229884457963, -0.878914812194081, -0.8790224674664189, -0.8791488684537949, -0.8792975346031984, -0.8794727422739155, -0.8796797242620977, -0.8799249361747112, -0.8802164178576475, -0.8805642926989992, -0.8809814713993736, -0.881484666609463, -0.8820958937592124, -0.8828447573940262, -0.8837720555466657, -0.8849356970614153, -0.8864209040066878, -0.888358908548645, -0.8909640408104035, -0.8946157910728411, -0.9000722865085327, -0.9091840872323298, -0.9283910962816186, -1.0]'
