c = [1.0, 0.928391096281621, 0.9091840872323336, 0.9000722865085381, 0.8946157910728478, 0.8909640408104115, 0.8883589085486538, 0.8864209040066977, 0.8849356970614265, 0.8837720555466777, 0.8828447573940388, 0.8820958937592256, 0.8814846666094776, 0.8809814713993885, 0.8805642926990146, 0.8802164178576635, 0.879924936174728, 0.879679724262115, 0.8794727422739331, 0.8792975346032168, 0.8791488684538142, 0.8790224674664382, 0.8789148121941003, 0.8788229884458162, 0.8787445704747237, 0.8786775299154058, 0.8786201640154296, 0.8785710385111832, 0.8785289417517722, 0.8784928475581973, 0.8784618849360278, 0.8784353132161885, 0.8784125015325187, 0.8783929117920015, 0.8783760844785091, 0.8783616267706877, 0.8783492025612535, 0.878338524047135, 0.8783293446237368, 0.8783214528666456, 0.8783146674236608, 0.8783088326715062, 0.8783038150168769, 0.878299499741868, 0.8782957883104396, 0.8782925960661455, 0.8782898502625159, 0.8782874883767191, 0.8782854566647822, 0.878283708923052, 0.8782822054259201, 0.8782809120143324, 0.8782797993133863, 0.8782788420605186, 0.8782780185284889, 0.8782773100296701, 0.8782767004900903, 0.8782761760833596, 0.8782757249160024, 0.8782753367569459, 0.8782750028049479, 0.8782747154886098, 0.8782744682944079, 0.8782742556187999, 0.8782740726410302, 0.8782739152137297, 0.8782737797688206, 0.8782736632365749, 0.878273562975991, 0.8782734767149036, 0.8782734024984618, 0.8782733386448057, 0.8782732837069402, 0.8782732364399327, 0.8782731957726909, 0.878273160783688, 0.8782731306800754, 0.8782731047797128, 0.8782730824957087, 0.8782730633231209, 0.878273046827512, 0.8782730326351044, 0.8782730204243113, 0.8782730099184484, 0.8782730008794629, 0.8782729931025424, 0.8782729864114701, 0.8782729806546355, 0.8782729757015949, 0.8782729714401195, 0.8782729677736492, 0.878272964619107, 0.878272961905015, 0.878272959569876, 0.8782729575607783, 0.8782729558321994, 0.8782729543449715, 0.8782729530653964, 0.8782729519644811, 0.8782729510172798, 0.8782729502023306, 0.8782729495011679, 0.8782729488979045, 0.8782729483788705, 0.8782729479323067, 0.8782729475480937, 0.878272947217526, 0.8782729469331138, 0.8782729466884122, 0.8782729464778767, 0.8782729462967372, 0.8782729461408887, 0.8782729460068006, 0.8782729458914348, 0.8782729457921764, 0.8782729457067772, 0.8782729456333017, 0.8782729455700848, 0.8782729455156948, 0.8782729454688986, 0.8782729454286367, 0.8782729453939961, 0.878272945364192, 0.8782729453385493, 0.8782729453164871, 0.8782729452975052, 0.8782729452811736, 0.8782729452671226, 0.8782729452550333, 0.8782729452446318, 0.8782729452356826, 0.8782729452279832, 0.8782729452213585, 0.8782729452156594, 0.8782729452107555, 0.8782729452065363, 0.8782729452029063, 0.878272945199783, 0.8782729451970959, 0.878272945194784, 0.8782729451927946, 0.8782729451910833, 0.878272945189611, 0.8782729451883442, 0.8782729451872555, 0.8782729451863229, 0.878272945185525, 0.8782729451849091, 0.8782729451844753, 0.8782729451839404, 0.8782729451831525, 0.8782729451809387, 0.8782729451700829, 0.8782729451084945, 0.8782729447504793, 0.8782729426617154, 0.8782729304686818, 0.8782728592869288, 0.8782724437299331, 0.878270017719025, 0.8782558548254765, 0.8781731761296298, 0.877690637232185, 0.8748782790952898, 0.8586183675377737, 0.7688206975225745, 0.37698937041626285, -0.376989370416308, -0.7688206975225871, -0.8586183675377757, -0.8748782790952908, -0.8776906372321853, -0.8781731761296298, -0.8782558548254764, -0.8782700177190249, -0.8782724437299329, -0.8782728592869287, -0.8782729304686816, -0.878272942661715, -0.8782729447504791, -0.8782729451084947, -0.878272945170083, -0.8782729451809386, -0.8782729451831535, -0.8782729451839454, -0.878272945184556, -0.8782729451851262, -0.8782729451856234, -0.8782729451863368, -0.8782729451872622, -0.878272945188346, -0.8782729451896112, -0.8782729451910835, -0.878272945192795, -0.878272945194784, -0.8782729451970958, -0.878272945199783, -0.8782729452029061, -0.8782729452065361, -0.8782729452107553, -0.8782729452156589, -0.8782729452213586, -0.8782729452279832, -0.8782729452356827, -0.878272945244632, -0.8782729452550333, -0.8782729452671227, -0.878272945281174, -0.8782729452975053, -0.8782729453164871, -0.8782729453385495, -0.8782729453641919, -0.878272945393996, -0.8782729454286367, -0.8782729454688984, -0.8782729455156947, -0.8782729455700847, -0.8782729456333016, -0.878272945706777, -0.8782729457921766, -0.8782729458914348, -0.8782729460068012, -0.8782729461408892, -0.8782729462967375, -0.878272946477877, -0.8782729466884124, -0.8782729469331143, -0.8782729472175266, -0.8782729475480943, -0.8782729479323067, -0.8782729483788708, -0.8782729488979046, -0.8782729495011681, -0.8782729502023309, -0.8782729510172799, -0.8782729519644812, -0.8782729530653969, -0.8782729543449719, -0.8782729558321993, -0.8782729575607786, -0.8782729595698759, -0.8782729619050149, -0.8782729646191069, -0.8782729677736492, -0.8782729714401193, -0.8782729757015948, -0.8782729806546355, -0.8782729864114702, -0.8782729931025419, -0.8782730008794625, -0.8782730099184479, -0.8782730204243113, -0.8782730326351044, -0.878273046827512, -0.8782730633231208, -0.8782730824957083, -0.8782731047797124, -0.8782731306800752, -0.8782731607836874, -0.8782731957726905, -0.8782732364399326, -0.8782732837069404, -0.8782733386448055, -0.8782734024984612, -0.8782734767149037, -0.8782735629759907, -0.8782736632365745, -0.8782737797688203, -0.8782739152137297, -0.8782740726410296, -0.8782742556187997, -0.8782744682944077, -0.8782747154886097, -0.878275002804948, -0.8782753367569458, -0.8782757249160018, -0.87827617608336, -0.8782767004900902, -0.8782773100296695, -0.8782780185284889, -0.8782788420605182, -0.8782797993133864, -0.8782809120143323, -0.8782822054259198, -0.8782837089230521, -0.8782854566647822, -0.8782874883767193, -0.8782898502625164, -0.8782925960661457, -0.8782957883104396, -0.8782994997418684, -0.8783038150168774, -0.8783088326715064, -0.8783146674236606, -0.8783214528666456, -0.8783293446237367, -0.8783385240471352, -0.8783492025612534, -0.8783616267706874, -0.878376084478509, -0.8783929117920014, -0.8784125015325187, -0.8784353132161885, -0.8784618849360273, -0.8784928475581968, -0.8785289417517717, -0.8785710385111831, -0.87862016401543, -0.8786775299154062, -0.8787445704747239, -0.8788229884458165, -0.8789148121941005, -0.8790224674664383, -0.879148868453814, -0.8792975346032169, -0.8794727422739333, -0.879679724262115, -0.879924936174728, -0.8802164178576637, -0.8805642926990147, -0.8809814713993884, -0.8814846666094773, -0.8820958937592256, -0.8828447573940389, -0.8837720555466775, -0.8849356970614262, -0.8864209040066977, -0.8883589085486538, -0.8909640408104115, -0.8946157910728477, -0.9000722865085381, -0.9091840872323337, -0.9283910962816212, -1.0]'
