c = [1.0, 0.9283910962816284, 0.9091840872323452, 0.9000722865085532, 0.8946157910728662, 0.8909640408104319, 0.8883589085486773, 0.8864209040067237, 0.8849356970614541, 0.8837720555467081, 0.8828447573940715, 0.8820958937592602, 0.8814846666095137, 0.8809814713994271, 0.8805642926990547, 0.8802164178577048, 0.879924936174771, 0.8796797242621597, 0.8794727422739793, 0.8792975346032635, 0.8791488684538615, 0.8790224674664869, 0.8789148121941501, 0.878822988445867, 0.8787445704747754, 0.8786775299154582, 0.878620164015483, 0.878571038511237, 0.8785289417518262, 0.8784928475582514, 0.8784618849360822, 0.8784353132162437, 0.8784125015325746, 0.8783929117920575, 0.8783760844785655, 0.8783616267707438, 0.8783492025613102, 0.878338524047192, 0.8783293446237936, 0.8783214528667028, 0.8783146674237183, 0.878308832671564, 0.8783038150169348, 0.8782994997419264, 0.8782957883104983, 0.8782925960662037, 0.8782898502625744, 0.8782874883767777, 0.8782854566648407, 0.8782837089231105, 0.8782822054259783, 0.878280912014391, 0.8782797993134446, 0.8782788420605769, 0.8782780185285474, 0.8782773100297283, 0.878276700490149, 0.8782761760834183, 0.8782757249160608, 0.8782753367570049, 0.878275002805007, 0.8782747154886686, 0.8782744682944665, 0.8782742556188583, 0.8782740726410885, 0.8782739152137886, 0.8782737797688792, 0.878273663236633, 0.8782735629760497, 0.8782734767149625, 0.8782734024985202, 0.8782733386448645, 0.8782732837069994, 0.8782732364399914, 0.8782731957727495, 0.8782731607837467, 0.8782731306801339, 0.8782731047797709, 0.8782730824957672, 0.8782730633231797, 0.8782730468275707, 0.8782730326351634, 0.87827302042437, 0.8782730099185068, 0.8782730008795214, 0.878272993102601, 0.8782729864115288, 0.8782729806546945, 0.8782729757016537, 0.878272971440178, 0.8782729677737078, 0.8782729646191656, 0.8782729619050733, 0.8782729595699343, 0.878272957560837, 0.8782729558322578, 0.87827295434503, 0.878272953065455, 0.8782729519645398, 0.8782729510173385, 0.8782729502023897, 0.8782729495012265, 0.8782729488979631, 0.8782729483789293, 0.8782729479323654, 0.8782729475481529, 0.878272947217585, 0.8782729469331724, 0.8782729466884708, 0.8782729464779353, 0.8782729462967958, 0.8782729461409476, 0.8782729460068593, 0.8782729458914934, 0.8782729457922354, 0.8782729457068357, 0.87827294563336, 0.8782729455701431, 0.8782729455157535, 0.8782729454689575, 0.8782729454286949, 0.8782729453940543, 0.8782729453642508, 0.8782729453386081, 0.8782729453165455, 0.8782729452975642, 0.8782729452812327, 0.878272945267181, 0.8782729452550916, 0.8782729452446906, 0.8782729452357414, 0.8782729452280421, 0.8782729452214175, 0.8782729452157177, 0.8782729452108141, 0.878272945206595, 0.8782729452029647, 0.8782729451998416, 0.8782729451971542, 0.8782729451948426, 0.8782729451928535, 0.8782729451911423, 0.8782729451896697, 0.878272945188403, 0.8782729451873129, 0.8782729451863754, 0.8782729451855701, 0.8782729451848772, 0.8782729451842799, 0.8782729451837579, 0.878272945183263, 0.8782729451825745, 0.8782729451804487, 0.8782729451696697, 0.878272945108147, 0.8782729447501886, 0.8782729426614736, 0.8782729304684816, 0.8782728592867647, 0.8782724437297998, 0.8782700177189189, 0.8782558548253933, 0.8781731761295671, 0.877690637232139, 0.8748782790952586, 0.8586183675377532, 0.7688206975225608, 0.3769893704162565, -0.37698937041630093, -0.7688206975225732, -0.8586183675377551, -0.8748782790952583, -0.8776906372321386, -0.8781731761295666, -0.8782558548253937, -0.8782700177189193, -0.8782724437298, -0.8782728592867647, -0.8782729304684821, -0.8782729426614736, -0.8782729447501887, -0.8782729451081469, -0.8782729451696698, -0.8782729451804487, -0.8782729451825747, -0.8782729451832635, -0.8782729451837584, -0.8782729451842811, -0.8782729451848788, -0.8782729451855716, -0.878272945186377, -0.8782729451873139, -0.8782729451884034, -0.8782729451896696, -0.8782729451911417, -0.8782729451928529, -0.878272945194842, -0.8782729451971543, -0.8782729451998416, -0.8782729452029647, -0.8782729452065948, -0.8782729452108137, -0.8782729452157179, -0.8782729452214175, -0.8782729452280421, -0.8782729452357417, -0.8782729452446905, -0.878272945255092, -0.8782729452671812, -0.8782729452812323, -0.8782729452975642, -0.8782729453165462, -0.8782729453386081, -0.8782729453642509, -0.8782729453940548, -0.8782729454286955, -0.8782729454689576, -0.8782729455157534, -0.8782729455701436, -0.8782729456333602, -0.878272945706836, -0.8782729457922354, -0.8782729458914936, -0.8782729460068595, -0.878272946140948, -0.8782729462967962, -0.8782729464779359, -0.8782729466884707, -0.8782729469331721, -0.8782729472175851, -0.8782729475481525, -0.8782729479323655, -0.8782729483789293, -0.8782729488979627, -0.8782729495012267, -0.8782729502023893, -0.8782729510173385, -0.8782729519645401, -0.8782729530654555, -0.8782729543450304, -0.8782729558322584, -0.8782729575608372, -0.8782729595699346, -0.8782729619050735, -0.8782729646191657, -0.8782729677737078, -0.878272971440178, -0.8782729757016537, -0.8782729806546941, -0.878272986411529, -0.878272993102601, -0.8782730008795215, -0.8782730099185069, -0.8782730204243698, -0.8782730326351634, -0.8782730468275708, -0.8782730633231796, -0.8782730824957672, -0.878273104779771, -0.8782731306801336, -0.8782731607837464, -0.8782731957727491, -0.8782732364399913, -0.8782732837069989, -0.8782733386448642, -0.8782734024985202, -0.8782734767149625, -0.8782735629760494, -0.8782736632366333, -0.878273779768879, -0.8782739152137883, -0.8782740726410889, -0.8782742556188581, -0.8782744682944661, -0.8782747154886683, -0.8782750028050063, -0.8782753367570043, -0.8782757249160607, -0.8782761760834181, -0.8782767004901488, -0.8782773100297283, -0.8782780185285474, -0.878278842060577, -0.8782797993134446, -0.878280912014391, -0.8782822054259789, -0.8782837089231104, -0.8782854566648404, -0.8782874883767774, -0.8782898502625744, -0.8782925960662037, -0.8782957883104978, -0.8782994997419263, -0.8783038150169352, -0.8783088326715645, -0.878314667423719, -0.8783214528667035, -0.8783293446237941, -0.8783385240471924, -0.8783492025613102, -0.8783616267707444, -0.8783760844785652, -0.8783929117920576, -0.8784125015325743, -0.8784353132162438, -0.8784618849360827, -0.8784928475582517, -0.8785289417518259, -0.878571038511237, -0.8786201640154832, -0.8786775299154587, -0.8787445704747757, -0.8788229884458677, -0.8789148121941508, -0.8790224674664874, -0.879148868453862, -0.8792975346032641, -0.8794727422739792, -0.8796797242621595, -0.8799249361747712, -0.8802164178577052, -0.8805642926990549, -0.880981471399427, -0.8814846666095141, -0.8820958937592605, -0.8828447573940718, -0.8837720555467082, -0.8849356970614544, -0.8864209040067234, -0.8883589085486766, -0.8909640408104319, -0.8946157910728657, -0.9000722865085528, -0.9091840872323452, -0.9283910962816289, -1.0]'
