c = [1.0, 0.92839109628163, 0.909184087232348, 0.9000722865085564, 0.8946157910728703, 0.8909640408104372, 0.8883589085486825, 0.8864209040067299, 0.8849356970614612, 0.8837720555467158, 0.8828447573940795, 0.8820958937592691, 0.8814846666095234, 0.8809814713994367, 0.8805642926990649, 0.8802164178577158, 0.8799249361747824, 0.8796797242621708, 0.8794727422739906, 0.8792975346032755, 0.879148868453874, 0.8790224674664997, 0.878914812194163, 0.8788229884458802, 0.8787445704747889, 0.8786775299154719, 0.8786201640154967, 0.8785710385112505, 0.8785289417518397, 0.8784928475582654, 0.8784618849360967, 0.878435313216258, 0.8784125015325888, 0.8783929117920716, 0.87837608447858, 0.8783616267707585, 0.8783492025613245, 0.8783385240472066, 0.8783293446238082, 0.8783214528667177, 0.878314667423733, 0.8783088326715789, 0.8783038150169499, 0.8782994997419411, 0.878295788310513, 0.8782925960662189, 0.8782898502625894, 0.8782874883767927, 0.8782854566648554, 0.8782837089231255, 0.8782822054259933, 0.878280912014406, 0.8782797993134596, 0.8782788420605918, 0.8782780185285626, 0.8782773100297432, 0.878276700490164, 0.8782761760834334, 0.8782757249160759, 0.8782753367570197, 0.8782750028050217, 0.8782747154886833, 0.8782744682944812, 0.8782742556188735, 0.8782740726411035, 0.8782739152138032, 0.8782737797688943, 0.8782736632366482, 0.8782735629760644, 0.8782734767149776, 0.8782734024985356, 0.8782733386448793, 0.8782732837070145, 0.8782732364400065, 0.8782731957727643, 0.8782731607837614, 0.8782731306801488, 0.878273104779786, 0.8782730824957823, 0.878273063323195, 0.8782730468275857, 0.8782730326351784, 0.878273020424385, 0.8782730099185219, 0.8782730008795365, 0.8782729931026163, 0.878272986411544, 0.8782729806547094, 0.8782729757016685, 0.878272971440193, 0.8782729677737224, 0.8782729646191804, 0.8782729619050884, 0.8782729595699492, 0.8782729575608518, 0.8782729558322729, 0.8782729543450452, 0.8782729530654702, 0.878272951964555, 0.8782729510173535, 0.8782729502024046, 0.8782729495012416, 0.878272948897978, 0.8782729483789448, 0.8782729479323808, 0.8782729475481676, 0.8782729472176001, 0.8782729469331874, 0.8782729466884858, 0.8782729464779506, 0.8782729462968106, 0.8782729461409627, 0.8782729460068748, 0.8782729458915085, 0.8782729457922502, 0.8782729457068505, 0.8782729456333752, 0.8782729455701583, 0.8782729455157682, 0.8782729454689722, 0.8782729454287102, 0.8782729453940696, 0.8782729453642655, 0.8782729453386232, 0.878272945316561, 0.8782729452975789, 0.8782729452812472, 0.8782729452671962, 0.8782729452551066, 0.8782729452447056, 0.8782729452357564, 0.878272945228057, 0.8782729452214324, 0.8782729452157327, 0.8782729452108289, 0.8782729452066099, 0.8782729452029795, 0.8782729451998564, 0.8782729451971694, 0.8782729451948577, 0.8782729451928684, 0.8782729451911573, 0.8782729451896846, 0.8782729451884176, 0.8782729451873279, 0.8782729451863907, 0.8782729451855842, 0.8782729451848906, 0.8782729451842922, 0.8782729451838283, 0.8782729451835021, 0.8782729451830903, 0.8782729451824275, 0.8782729451803241, 0.8782729451695648, 0.8782729451080585, 0.8782729447501147, 0.8782729426614118, 0.878272930468431, 0.878272859286723, 0.8782724437297666, 0.8782700177188921, 0.8782558548253725, 0.8781731761295508, 0.8776906372321271, 0.8748782790952503, 0.858618367537748, 0.7688206975225588, 0.37698937041625574, -0.3769893704163005, -0.7688206975225712, -0.8586183675377502, -0.8748782790952506, -0.877690637232127, -0.8781731761295505, -0.8782558548253723, -0.8782700177188923, -0.8782724437297665, -0.8782728592867233, -0.878272930468431, -0.8782729426614122, -0.878272944750115, -0.8782729451080589, -0.8782729451695646, -0.8782729451803241, -0.8782729451824274, -0.8782729451830903, -0.878272945183555, -0.8782729451839827, -0.8782729451843547, -0.8782729451848914, -0.8782729451855849, -0.878272945186391, -0.8782729451873282, -0.8782729451884178, -0.8782729451896848, -0.8782729451911568, -0.8782729451928682, -0.8782729451948573, -0.8782729451971691, -0.8782729451998567, -0.8782729452029799, -0.8782729452066098, -0.878272945210829, -0.8782729452157326, -0.8782729452214324, -0.8782729452280569, -0.8782729452357564, -0.8782729452447057, -0.8782729452551072, -0.8782729452671963, -0.8782729452812476, -0.8782729452975793, -0.8782729453165613, -0.8782729453386234, -0.878272945364266, -0.8782729453940697, -0.8782729454287105, -0.8782729454689726, -0.8782729455157684, -0.8782729455701586, -0.8782729456333751, -0.8782729457068508, -0.8782729457922503, -0.8782729458915087, -0.8782729460068743, -0.8782729461409625, -0.8782729462968111, -0.8782729464779505, -0.8782729466884859, -0.8782729469331872, -0.8782729472175996, -0.8782729475481674, -0.8782729479323804, -0.8782729483789443, -0.8782729488979781, -0.8782729495012415, -0.8782729502024044, -0.8782729510173537, -0.878272951964555, -0.8782729530654705, -0.8782729543450454, -0.8782729558322734, -0.8782729575608522, -0.8782729595699497, -0.8782729619050886, -0.8782729646191806, -0.8782729677737229, -0.8782729714401931, -0.8782729757016686, -0.8782729806547092, -0.8782729864115438, -0.8782729931026161, -0.8782730008795366, -0.8782730099185215, -0.8782730204243849, -0.8782730326351781, -0.8782730468275854, -0.8782730633231945, -0.878273082495782, -0.8782731047797862, -0.8782731306801486, -0.8782731607837613, -0.8782731957727641, -0.8782732364400064, -0.8782732837070139, -0.8782733386448792, -0.8782734024985351, -0.8782734767149772, -0.8782735629760645, -0.878273663236648, -0.8782737797688936, -0.8782739152138032, -0.8782740726411034, -0.8782742556188731, -0.8782744682944813, -0.8782747154886831, -0.8782750028050214, -0.8782753367570194, -0.8782757249160755, -0.8782761760834332, -0.8782767004901635, -0.8782773100297433, -0.8782780185285625, -0.8782788420605917, -0.8782797993134596, -0.8782809120144057, -0.8782822054259936, -0.8782837089231252, -0.8782854566648552, -0.8782874883767924, -0.8782898502625892, -0.8782925960662188, -0.8782957883105129, -0.878299499741941, -0.87830381501695, -0.8783088326715791, -0.8783146674237332, -0.8783214528667181, -0.8783293446238084, -0.8783385240472069, -0.8783492025613248, -0.8783616267707586, -0.8783760844785798, -0.8783929117920719, -0.8784125015325888, -0.8784353132162581, -0.8784618849360969, -0.8784928475582657, -0.8785289417518399, -0.878571038511251, -0.8786201640154966, -0.8786775299154719, -0.8787445704747888, -0.8788229884458807, -0.8789148121941635, -0.8790224674664997, -0.8791488684538743, -0.8792975346032758, -0.8794727422739909, -0.8796797242621708, -0.8799249361747821, -0.8802164178577155, -0.8805642926990651, -0.8809814713994367, -0.8814846666095231, -0.882095893759269, -0.8828447573940795, -0.8837720555467158, -0.8849356970614612, -0.8864209040067297, -0.8883589085486826, -0.890964040810437, -0.8946157910728698, -0.9000722865085563, -0.9091840872323478, -0.9283910962816301, -1.0]'
