c = [1.0, 0.9283910962816353, 0.9091840872323563, 0.9000722865085671, 0.8946157910728824, 0.8909640408104517, 0.888358908548699, 0.886420904006748, 0.8849356970614811, 0.8837720555467374, 0.8828447573941028, 0.8820958937592934, 0.8814846666095492, 0.880981471399464, 0.8805642926990938, 0.8802164178577451, 0.8799249361748125, 0.8796797242622024, 0.8794727422740232, 0.8792975346033092, 0.8791488684539085, 0.879022467466535, 0.8789148121941994, 0.8788229884459172, 0.878744570474826, 0.8786775299155092, 0.878620164015534, 0.8785710385112887, 0.8785289417518786, 0.8784928475583046, 0.8784618849361359, 0.8784353132162971, 0.8784125015326285, 0.8783929117921114, 0.8783760844786195, 0.8783616267707985, 0.8783492025613648, 0.8783385240472471, 0.8783293446238489, 0.8783214528667587, 0.8783146674237743, 0.8783088326716196, 0.8783038150169908, 0.8782994997419822, 0.8782957883105541, 0.87829259606626, 0.8782898502626302, 0.8782874883768337, 0.8782854566648963, 0.8782837089231665, 0.8782822054260346, 0.8782809120144469, 0.8782797993135012, 0.878278842060633, 0.8782780185286038, 0.8782773100297848, 0.8782767004902056, 0.8782761760834751, 0.8782757249161172, 0.8782753367570609, 0.8782750028050629, 0.878274715488725, 0.8782744682945229, 0.8782742556189146, 0.878274072641145, 0.8782739152138447, 0.8782737797689354, 0.87827366323669, 0.8782735629761061, 0.8782734767150191, 0.878273402498577, 0.8782733386449212, 0.8782732837070558, 0.8782732364400475, 0.8782731957728056, 0.878273160783803, 0.8782731306801904, 0.878273104779828, 0.8782730824958239, 0.8782730633232362, 0.8782730468276269, 0.8782730326352197, 0.8782730204244265, 0.8782730099185635, 0.8782730008795782, 0.8782729931026575, 0.8782729864115855, 0.8782729806547508, 0.8782729757017099, 0.8782729714402345, 0.8782729677737642, 0.8782729646192219, 0.8782729619051299, 0.878272959569991, 0.8782729575608937, 0.8782729558323148, 0.8782729543450875, 0.8782729530655119, 0.8782729519645965, 0.8782729510173952, 0.8782729502024459, 0.8782729495012837, 0.8782729488980199, 0.8782729483789861, 0.8782729479324222, 0.8782729475482092, 0.8782729472176416, 0.8782729469332293, 0.8782729466885273, 0.8782729464779921, 0.8782729462968529, 0.8782729461410044, 0.8782729460069163, 0.87827294589155, 0.8782729457922919, 0.8782729457068924, 0.8782729456334163, 0.8782729455701996, 0.87827294551581, 0.8782729454690139, 0.8782729454287515, 0.8782729453941114, 0.8782729453643074, 0.8782729453386644, 0.8782729453166023, 0.8782729452976208, 0.8782729452812892, 0.8782729452672382, 0.8782729452551489, 0.8782729452447473, 0.8782729452357982, 0.8782729452280987, 0.8782729452214739, 0.8782729452157744, 0.8782729452108703, 0.8782729452066513, 0.8782729452030216, 0.8782729451998983, 0.8782729451972113, 0.8782729451948994, 0.8782729451929097, 0.8782729451911981, 0.8782729451897261, 0.8782729451884596, 0.8782729451873694, 0.8782729451864318, 0.8782729451856246, 0.8782729451849305, 0.8782729451843333, 0.8782729451838194, 0.8782729451833754, 0.8782729451829859, 0.8782729451826062, 0.8782729451820164, 0.878272945179976, 0.8782729451692707, 0.878272945107812, 0.8782729447499081, 0.8782729426612405, 0.8782729304682895, 0.878272859286607, 0.8782724437296722, 0.8782700177188167, 0.8782558548253134, 0.8781731761295054, 0.877690637232094, 0.8748782790952279, 0.858618367537734, 0.7688206975225501, 0.37698937041625197, -0.3769893704162933, -0.7688206975225615, -0.8586183675377358, -0.8748782790952276, -0.8776906372320944, -0.8781731761295057, -0.8782558548253134, -0.8782700177188164, -0.8782724437296723, -0.8782728592866069, -0.8782729304682891, -0.8782729426612399, -0.8782729447499079, -0.8782729451078115, -0.8782729451692705, -0.8782729451799758, -0.8782729451820165, -0.8782729451826062, -0.8782729451829864, -0.8782729451833752, -0.8782729451838188, -0.8782729451843327, -0.87827294518493, -0.8782729451856246, -0.8782729451864317, -0.8782729451873694, -0.8782729451884592, -0.8782729451897259, -0.8782729451911986, -0.8782729451929101, -0.8782729451948993, -0.8782729451972113, -0.8782729451998983, -0.8782729452030213, -0.8782729452066512, -0.8782729452108702, -0.8782729452157744, -0.8782729452214741, -0.8782729452280982, -0.8782729452357981, -0.8782729452447473, -0.878272945255149, -0.8782729452672382, -0.8782729452812894, -0.8782729452976207, -0.8782729453166027, -0.878272945338665, -0.8782729453643076, -0.8782729453941115, -0.8782729454287518, -0.8782729454690144, -0.8782729455158103, -0.8782729455702004, -0.8782729456334164, -0.878272945706892, -0.8782729457922919, -0.8782729458915498, -0.8782729460069162, -0.878272946141004, -0.878272946296852, -0.878272946477992, -0.8782729466885273, -0.878272946933229, -0.8782729472176419, -0.8782729475482093, -0.8782729479324222, -0.8782729483789862, -0.8782729488980198, -0.8782729495012832, -0.8782729502024458, -0.8782729510173954, -0.8782729519645966, -0.8782729530655121, -0.8782729543450872, -0.8782729558323148, -0.8782729575608941, -0.8782729595699913, -0.8782729619051304, -0.8782729646192222, -0.8782729677737642, -0.8782729714402349, -0.8782729757017105, -0.8782729806547506, -0.8782729864115855, -0.8782729931026574, -0.8782730008795778, -0.8782730099185633, -0.8782730204244263, -0.8782730326352198, -0.878273046827627, -0.8782730633232362, -0.8782730824958237, -0.878273104779828, -0.8782731306801903, -0.8782731607838031, -0.8782731957728057, -0.878273236440048, -0.878273283707056, -0.8782733386449207, -0.8782734024985765, -0.8782734767150191, -0.878273562976106, -0.8782736632366895, -0.8782737797689358, -0.8782739152138446, -0.878274072641145, -0.878274255618915, -0.8782744682945229, -0.878274715488725, -0.8782750028050625, -0.878275336757061, -0.8782757249161172, -0.8782761760834745, -0.8782767004902048, -0.8782773100297845, -0.8782780185286035, -0.8782788420606327, -0.8782797993135006, -0.8782809120144469, -0.8782822054260347, -0.8782837089231669, -0.8782854566648969, -0.8782874883768338, -0.8782898502626305, -0.8782925960662599, -0.8782957883105538, -0.8782994997419821, -0.8783038150169904, -0.8783088326716196, -0.878314667423774, -0.8783214528667583, -0.8783293446238492, -0.8783385240472473, -0.8783492025613651, -0.878361626770799, -0.8783760844786198, -0.8783929117921119, -0.8784125015326284, -0.8784353132162976, -0.878461884936136, -0.8784928475583041, -0.8785289417518781, -0.8785710385112888, -0.8786201640155341, -0.8786775299155087, -0.8787445704748253, -0.8788229884459166, -0.8789148121941986, -0.8790224674665345, -0.8791488684539084, -0.879297534603309, -0.8794727422740234, -0.8796797242622026, -0.8799249361748128, -0.8802164178577451, -0.8805642926990932, -0.8809814713994641, -0.8814846666095494, -0.8820958937592938, -0.8828447573941031, -0.8837720555467374, -0.8849356970614812, -0.886420904006748, -0.8883589085486993, -0.8909640408104516, -0.8946157910728825, -0.900072286508567, -0.9091840872323559, -0.9283910962816351, -1.0]'
