c = [1.0, 0.9283910962816377, 0.9091840872323594, 0.9000722865085719, 0.8946157910728887, 0.8909640408104585, 0.8883589085487069, 0.8864209040067571, 0.8849356970614911, 0.8837720555467478, 0.882844757394114, 0.882095893759306, 0.8814846666095626, 0.8809814713994774, 0.8805642926991073, 0.88021641785776, 0.8799249361748279, 0.8796797242622182, 0.8794727422740395, 0.8792975346033259, 0.8791488684539259, 0.8790224674665524, 0.8789148121942167, 0.8788229884459344, 0.8787445704748436, 0.8786775299155276, 0.8786201640155531, 0.8785710385113078, 0.8785289417518977, 0.8784928475583235, 0.8784618849361555, 0.878435313216317, 0.8784125015326479, 0.8783929117921312, 0.8783760844786396, 0.8783616267708187, 0.878349202561385, 0.8783385240472676, 0.8783293446238698, 0.878321452866779, 0.8783146674237947, 0.8783088326716406, 0.8783038150170115, 0.8782994997420028, 0.8782957883105743, 0.8782925960662805, 0.8782898502626508, 0.8782874883768544, 0.8782854566649173, 0.8782837089231869, 0.8782822054260554, 0.8782809120144677, 0.8782797993135216, 0.878278842060654, 0.8782780185286249, 0.8782773100298058, 0.8782767004902263, 0.8782761760834954, 0.8782757249161378, 0.878275336757082, 0.8782750028050839, 0.8782747154887455, 0.8782744682945439, 0.8782742556189357, 0.8782740726411656, 0.8782739152138658, 0.8782737797689569, 0.8782736632367107, 0.878273562976127, 0.87827347671504, 0.8782734024985975, 0.8782733386449413, 0.8782732837070762, 0.8782732364400685, 0.8782731957728266, 0.878273160783824, 0.8782731306802112, 0.8782731047798485, 0.8782730824958446, 0.8782730633232572, 0.8782730468276481, 0.8782730326352408, 0.8782730204244474, 0.8782730099185841, 0.8782730008795988, 0.8782729931026783, 0.878272986411606, 0.8782729806547712, 0.8782729757017308, 0.8782729714402551, 0.8782729677737847, 0.8782729646192428, 0.878272961905151, 0.8782729595700117, 0.8782729575609147, 0.8782729558323353, 0.8782729543451077, 0.8782729530655325, 0.8782729519646171, 0.8782729510174162, 0.8782729502024669, 0.8782729495013041, 0.8782729488980403, 0.8782729483790067, 0.8782729479324429, 0.8782729475482302, 0.8782729472176621, 0.87827294693325, 0.8782729466885486, 0.8782729464780128, 0.8782729462968732, 0.8782729461410249, 0.8782729460069372, 0.8782729458915709, 0.8782729457923123, 0.8782729457069128, 0.8782729456334375, 0.8782729455702207, 0.8782729455158303, 0.8782729454690349, 0.8782729454287728, 0.8782729453941318, 0.8782729453643278, 0.8782729453386857, 0.878272945316623, 0.8782729452976415, 0.8782729452813101, 0.8782729452672589, 0.8782729452551695, 0.8782729452447681, 0.8782729452358189, 0.8782729452281192, 0.8782729452214945, 0.8782729452157949, 0.8782729452108914, 0.8782729452066723, 0.8782729452030422, 0.8782729451999192, 0.8782729451972316, 0.8782729451949197, 0.8782729451929308, 0.8782729451912195, 0.8782729451897471, 0.8782729451884802, 0.8782729451873901, 0.8782729451864523, 0.8782729451856457, 0.8782729451849516, 0.8782729451843541, 0.8782729451838407, 0.8782729451834009, 0.8782729451830238, 0.8782729451826932, 0.8782729451823617, 0.8782729451818111, 0.8782729451798026, 0.8782729451691251, 0.8782729451076896, 0.8782729447498058, 0.8782729426611546, 0.8782729304682183, 0.878272859286549, 0.8782724437296249, 0.878270017718779, 0.8782558548252842, 0.8781731761294838, 0.8776906372320781, 0.8748782790952163, 0.8586183675377266, 0.7688206975225458, 0.3769893704162495, -0.37698937041629194, -0.7688206975225581, -0.8586183675377292, -0.8748782790952169, -0.8776906372320779, -0.8781731761294839, -0.8782558548252842, -0.8782700177187795, -0.8782724437296253, -0.8782728592865487, -0.8782729304682182, -0.8782729426611543, -0.8782729447498054, -0.8782729451076894, -0.8782729451691252, -0.8782729451798034, -0.8782729451818118, -0.8782729451823641, -0.8782729451826987, -0.8782729451830318, -0.8782729451834074, -0.8782729451838438, -0.8782729451843548, -0.8782729451849514, -0.8782729451856452, -0.8782729451864524, -0.8782729451873903, -0.8782729451884802, -0.8782729451897473, -0.8782729451912195, -0.8782729451929311, -0.8782729451949202, -0.8782729451972316, -0.878272945199919, -0.8782729452030426, -0.8782729452066721, -0.8782729452108914, -0.8782729452157952, -0.8782729452214949, -0.8782729452281194, -0.8782729452358191, -0.878272945244768, -0.8782729452551695, -0.878272945267259, -0.8782729452813103, -0.8782729452976417, -0.8782729453166234, -0.8782729453386859, -0.8782729453643285, -0.8782729453941324, -0.8782729454287724, -0.8782729454690344, -0.8782729455158309, -0.8782729455702207, -0.8782729456334375, -0.878272945706913, -0.8782729457923123, -0.8782729458915709, -0.8782729460069371, -0.878272946141025, -0.8782729462968737, -0.8782729464780129, -0.8782729466885482, -0.87827294693325, -0.8782729472176624, -0.8782729475482299, -0.8782729479324429, -0.8782729483790072, -0.8782729488980405, -0.8782729495013041, -0.878272950202467, -0.8782729510174162, -0.8782729519646176, -0.8782729530655331, -0.878272954345108, -0.8782729558323357, -0.8782729575609144, -0.8782729595700123, -0.8782729619051513, -0.878272964619243, -0.8782729677737853, -0.8782729714402555, -0.8782729757017309, -0.8782729806547714, -0.878272986411606, -0.8782729931026784, -0.8782730008795987, -0.8782730099185841, -0.8782730204244473, -0.8782730326352406, -0.8782730468276477, -0.8782730633232568, -0.8782730824958443, -0.8782731047798485, -0.8782731306802113, -0.8782731607838236, -0.8782731957728264, -0.8782732364400687, -0.8782732837070764, -0.8782733386449413, -0.8782734024985974, -0.8782734767150393, -0.8782735629761267, -0.8782736632367107, -0.8782737797689563, -0.8782739152138656, -0.8782740726411653, -0.8782742556189356, -0.8782744682945438, -0.8782747154887454, -0.8782750028050834, -0.8782753367570817, -0.8782757249161379, -0.8782761760834952, -0.8782767004902257, -0.8782773100298052, -0.8782780185286245, -0.8782788420606539, -0.8782797993135217, -0.8782809120144678, -0.8782822054260554, -0.8782837089231871, -0.8782854566649173, -0.8782874883768542, -0.8782898502626507, -0.8782925960662803, -0.8782957883105742, -0.8782994997420025, -0.8783038150170112, -0.8783088326716402, -0.8783146674237944, -0.878321452866779, -0.8783293446238696, -0.8783385240472678, -0.8783492025613854, -0.8783616267708192, -0.87837608447864, -0.8783929117921315, -0.878412501532648, -0.8784353132163172, -0.8784618849361553, -0.8784928475583236, -0.8785289417518973, -0.8785710385113075, -0.878620164015553, -0.8786775299155274, -0.8787445704748439, -0.8788229884459345, -0.8789148121942169, -0.8790224674665521, -0.8791488684539254, -0.8792975346033256, -0.8794727422740393, -0.8796797242622186, -0.8799249361748281, -0.8802164178577601, -0.8805642926991077, -0.8809814713994777, -0.8814846666095623, -0.8820958937593057, -0.8828447573941143, -0.8837720555467478, -0.884935697061491, -0.8864209040067573, -0.8883589085487071, -0.8909640408104587, -0.8946157910728888, -0.9000722865085717, -0.9091840872323594, -0.9283910962816374, -1.0]'
