c = [1.0, 0.9283910962816401, 0.9091840872323637, 0.9000722865085768, 0.8946157910728945, 0.8909640408104659, 0.8883589085487154, 0.886420904006766, 0.8849356970615009, 0.8837720555467589, 0.8828447573941259, 0.8820958937593179, 0.8814846666095747, 0.8809814713994908, 0.8805642926991216, 0.8802164178577747, 0.8799249361748435, 0.8796797242622343, 0.8794727422740563, 0.8792975346033429, 0.8791488684539429, 0.8790224674665696, 0.8789148121942341, 0.8788229884459527, 0.8787445704748623, 0.8786775299155463, 0.8786201640155719, 0.8785710385113263, 0.8785289417519168, 0.8784928475583429, 0.8784618849361746, 0.8784353132163363, 0.8784125015326676, 0.8783929117921512, 0.8783760844786596, 0.8783616267708391, 0.8783492025614057, 0.8783385240472876, 0.8783293446238899, 0.8783214528667996, 0.878314667423815, 0.8783088326716609, 0.8783038150170316, 0.8782994997420234, 0.8782957883105951, 0.8782925960663012, 0.8782898502626715, 0.8782874883768749, 0.8782854566649383, 0.8782837089232078, 0.878282205426076, 0.8782809120144885, 0.8782797993135428, 0.878278842060675, 0.8782780185286453, 0.8782773100298261, 0.8782767004902465, 0.8782761760835165, 0.8782757249161587, 0.8782753367571023, 0.8782750028051046, 0.8782747154887663, 0.878274468294564, 0.8782742556189567, 0.8782740726411868, 0.8782739152138864, 0.8782737797689774, 0.8782736632367315, 0.8782735629761477, 0.8782734767150601, 0.8782734024986182, 0.8782733386449624, 0.8782732837070973, 0.8782732364400896, 0.8782731957728476, 0.8782731607838448, 0.8782731306802318, 0.8782731047798694, 0.8782730824958654, 0.8782730633232783, 0.8782730468276688, 0.8782730326352614, 0.8782730204244683, 0.8782730099186049, 0.8782730008796192, 0.878272993102699, 0.878272986411627, 0.878272980654792, 0.8782729757017516, 0.8782729714402759, 0.878272967773806, 0.8782729646192637, 0.8782729619051721, 0.8782729595700327, 0.8782729575609353, 0.8782729558323562, 0.8782729543451285, 0.878272953065554, 0.8782729519646384, 0.8782729510174369, 0.8782729502024876, 0.8782729495013247, 0.8782729488980612, 0.8782729483790279, 0.8782729479324637, 0.8782729475482509, 0.8782729472176836, 0.8782729469332706, 0.878272946688569, 0.8782729464780334, 0.8782729462968941, 0.8782729461410459, 0.8782729460069575, 0.8782729458915912, 0.8782729457923335, 0.8782729457069338, 0.878272945633458, 0.8782729455702417, 0.8782729455158517, 0.8782729454690553, 0.8782729454287931, 0.878272945394153, 0.8782729453643489, 0.8782729453387067, 0.8782729453166443, 0.8782729452976624, 0.8782729452813308, 0.8782729452672795, 0.8782729452551901, 0.8782729452447885, 0.8782729452358393, 0.8782729452281398, 0.8782729452215153, 0.8782729452158157, 0.878272945210912, 0.878272945206693, 0.8782729452030626, 0.8782729451999393, 0.8782729451972526, 0.8782729451949408, 0.8782729451929516, 0.8782729451912402, 0.8782729451897676, 0.8782729451885007, 0.878272945187411, 0.8782729451864734, 0.8782729451856661, 0.878272945184972, 0.8782729451843749, 0.8782729451838608, 0.8782729451834186, 0.8782729451830377, 0.878272945182709, 0.8782729451824183, 0.878272945182124, 0.8782729451816076, 0.8782729451796302, 0.8782729451689791, 0.8782729451075665, 0.8782729447497029, 0.8782729426610689, 0.8782729304681474, 0.8782728592864912, 0.8782724437295785, 0.878270017718742, 0.8782558548252548, 0.8781731761294608, 0.8776906372320614, 0.8748782790952053, 0.85861836753772, 0.7688206975225422, 0.37698937041624986, -0.37698937041628766, -0.7688206975225528, -0.8586183675377218, -0.8748782790952055, -0.8776906372320619, -0.8781731761294608, -0.8782558548252544, -0.8782700177187415, -0.8782724437295778, -0.8782728592864907, -0.8782729304681478, -0.8782729426610695, -0.8782729447497031, -0.8782729451075664, -0.8782729451689787, -0.8782729451796296, -0.8782729451816069, -0.8782729451821235, -0.8782729451824185, -0.8782729451827094, -0.878272945183038, -0.8782729451834185, -0.8782729451838609, -0.8782729451843748, -0.8782729451849721, -0.8782729451856665, -0.8782729451864729, -0.8782729451874108, -0.8782729451885006, -0.8782729451897673, -0.87827294519124, -0.8782729451929517, -0.8782729451949405, -0.8782729451972526, -0.8782729451999399, -0.8782729452030631, -0.8782729452066932, -0.8782729452109123, -0.8782729452158159, -0.8782729452215156, -0.8782729452281401, -0.8782729452358398, -0.8782729452447888, -0.87827294525519, -0.8782729452672797, -0.8782729452813308, -0.8782729452976624, -0.8782729453166438, -0.8782729453387059, -0.878272945364349, -0.8782729453941527, -0.8782729454287933, -0.8782729454690553, -0.8782729455158511, -0.8782729455702415, -0.8782729456334581, -0.8782729457069335, -0.8782729457923334, -0.8782729458915914, -0.8782729460069575, -0.8782729461410457, -0.878272946296894, -0.8782729464780336, -0.8782729466885687, -0.8782729469332707, -0.8782729472176829, -0.8782729475482506, -0.8782729479324637, -0.8782729483790275, -0.8782729488980612, -0.878272949501325, -0.8782729502024876, -0.8782729510174367, -0.8782729519646377, -0.878272953065554, -0.878272954345129, -0.8782729558323563, -0.8782729575609353, -0.8782729595700327, -0.8782729619051717, -0.8782729646192637, -0.8782729677738056, -0.8782729714402764, -0.8782729757017517, -0.8782729806547921, -0.8782729864116269, -0.8782729931026992, -0.8782730008796196, -0.8782730099186048, -0.8782730204244681, -0.8782730326352612, -0.8782730468276689, -0.8782730633232775, -0.8782730824958651, -0.8782731047798693, -0.8782731306802317, -0.8782731607838443, -0.8782731957728473, -0.8782732364400891, -0.8782732837070973, -0.8782733386449625, -0.8782734024986182, -0.8782734767150605, -0.8782735629761471, -0.8782736632367312, -0.8782737797689774, -0.8782739152138861, -0.878274072641186, -0.8782742556189561, -0.8782744682945642, -0.8782747154887658, -0.8782750028051038, -0.8782753367571021, -0.8782757249161585, -0.8782761760835162, -0.8782767004902466, -0.878277310029826, -0.8782780185286451, -0.8782788420606745, -0.8782797993135422, -0.8782809120144884, -0.8782822054260757, -0.8782837089232076, -0.8782854566649376, -0.8782874883768746, -0.8782898502626715, -0.878292596066301, -0.878295788310595, -0.8782994997420231, -0.8783038150170319, -0.8783088326716609, -0.8783146674238149, -0.8783214528667996, -0.8783293446238899, -0.8783385240472876, -0.8783492025614054, -0.8783616267708393, -0.8783760844786598, -0.8783929117921512, -0.8784125015326677, -0.8784353132163365, -0.8784618849361747, -0.8784928475583428, -0.8785289417519164, -0.8785710385113263, -0.8786201640155717, -0.878677529915546, -0.8787445704748619, -0.8788229884459523, -0.878914812194234, -0.8790224674665695, -0.8791488684539426, -0.8792975346033424, -0.8794727422740557, -0.879679724262234, -0.8799249361748432, -0.8802164178577745, -0.8805642926991216, -0.8809814713994907, -0.881484666609575, -0.8820958937593182, -0.8828447573941256, -0.8837720555467586, -0.8849356970615013, -0.8864209040067658, -0.8883589085487151, -0.890964040810466, -0.8946157910728948, -0.9000722865085768, -0.9091840872323637, -0.9283910962816402, -1.0]'
