c = [1.0, 0.928391096281642, 0.9091840872323665, 0.9000722865085811, 0.8946157910728996, 0.8909640408104713, 0.8883589085487215, 0.8864209040067734, 0.8849356970615093, 0.8837720555467671, 0.8828447573941346, 0.8820958937593276, 0.8814846666095852, 0.8809814713995018, 0.880564292699133, 0.8802164178577866, 0.8799249361748559, 0.8796797242622469, 0.8794727422740689, 0.8792975346033558, 0.8791488684539559, 0.8790224674665834, 0.8789148121942486, 0.8788229884459671, 0.8787445704748768, 0.8786775299155606, 0.8786201640155867, 0.8785710385113414, 0.8785289417519317, 0.878492847558358, 0.8784618849361902, 0.878435313216352, 0.8784125015326834, 0.8783929117921673, 0.878376084478676, 0.8783616267708549, 0.8783492025614218, 0.8783385240473042, 0.8783293446239061, 0.8783214528668158, 0.8783146674238311, 0.878308832671677, 0.8783038150170478, 0.8782994997420397, 0.8782957883106114, 0.8782925960663172, 0.8782898502626882, 0.8782874883768913, 0.8782854566649545, 0.8782837089232243, 0.8782822054260927, 0.8782809120145051, 0.8782797993135588, 0.8782788420606907, 0.8782780185286615, 0.8782773100298429, 0.8782767004902632, 0.8782761760835324, 0.8782757249161751, 0.878275336757119, 0.8782750028051207, 0.878274715488783, 0.8782744682945811, 0.8782742556189732, 0.8782740726412032, 0.878273915213903, 0.8782737797689938, 0.8782736632367476, 0.8782735629761639, 0.8782734767150769, 0.8782734024986348, 0.8782733386449791, 0.8782732837071138, 0.8782732364401059, 0.8782731957728638, 0.8782731607838612, 0.8782731306802485, 0.8782731047798861, 0.8782730824958822, 0.8782730633232942, 0.8782730468276851, 0.8782730326352777, 0.8782730204244842, 0.8782730099186209, 0.8782730008796356, 0.8782729931027149, 0.8782729864116431, 0.8782729806548084, 0.8782729757017682, 0.8782729714402925, 0.8782729677738228, 0.8782729646192801, 0.8782729619051882, 0.878272959570049, 0.8782729575609517, 0.878272955832373, 0.8782729543451451, 0.8782729530655699, 0.8782729519646543, 0.8782729510174532, 0.878272950202504, 0.8782729495013414, 0.8782729488980775, 0.8782729483790442, 0.8782729479324803, 0.8782729475482671, 0.8782729472176996, 0.878272946933287, 0.8782729466885857, 0.8782729464780502, 0.8782729462969102, 0.878272946141062, 0.8782729460069744, 0.878272945891608, 0.8782729457923494, 0.8782729457069504, 0.8782729456334747, 0.8782729455702577, 0.8782729455158674, 0.878272945469072, 0.8782729454288096, 0.8782729453941696, 0.8782729453643655, 0.8782729453387228, 0.8782729453166606, 0.8782729452976786, 0.8782729452813471, 0.8782729452672957, 0.8782729452552062, 0.8782729452448049, 0.8782729452358561, 0.8782729452281566, 0.878272945221532, 0.8782729452158325, 0.8782729452109284, 0.8782729452067092, 0.8782729452030795, 0.8782729451999565, 0.8782729451972693, 0.8782729451949575, 0.878272945192968, 0.8782729451912566, 0.8782729451897842, 0.8782729451885176, 0.8782729451874273, 0.8782729451864896, 0.8782729451856829, 0.8782729451849883, 0.878272945184391, 0.8782729451838769, 0.8782729451834351, 0.8782729451830545, 0.8782729451827276, 0.8782729451824445, 0.878272945182193, 0.8782729451819316, 0.8782729451814442, 0.878272945179492, 0.8782729451688623, 0.8782729451074685, 0.8782729447496213, 0.8782729426610014, 0.8782729304680915, 0.878272859286445, 0.8782724437295407, 0.8782700177187118, 0.8782558548252315, 0.8781731761294435, 0.8776906372320483, 0.874878279095196, 0.8586183675377143, 0.7688206975225403, 0.3769893704162537, -0.37698937041628194, -0.7688206975225482, -0.8586183675377156, -0.8748782790951961, -0.8776906372320481, -0.8781731761294429, -0.878255854825231, -0.878270017718712, -0.8782724437295412, -0.8782728592864453, -0.8782729304680914, -0.878272942661001, -0.8782729447496206, -0.8782729451074683, -0.8782729451688625, -0.878272945179492, -0.8782729451814444, -0.8782729451819316, -0.8782729451821926, -0.8782729451824443, -0.8782729451827276, -0.878272945183055, -0.8782729451834357, -0.8782729451838774, -0.8782729451843915, -0.8782729451849886, -0.8782729451856826, -0.8782729451864897, -0.8782729451874277, -0.8782729451885173, -0.8782729451897844, -0.8782729451912569, -0.8782729451929685, -0.8782729451949575, -0.8782729451972693, -0.8782729451999562, -0.8782729452030797, -0.8782729452067097, -0.8782729452109288, -0.8782729452158324, -0.8782729452215318, -0.8782729452281566, -0.8782729452358563, -0.8782729452448055, -0.8782729452552063, -0.8782729452672955, -0.8782729452813471, -0.8782729452976784, -0.8782729453166604, -0.8782729453387226, -0.8782729453643651, -0.8782729453941694, -0.8782729454288097, -0.8782729454690718, -0.8782729455158682, -0.8782729455702579, -0.8782729456334746, -0.8782729457069502, -0.8782729457923497, -0.8782729458916079, -0.878272946006974, -0.8782729461410623, -0.8782729462969103, -0.8782729464780501, -0.8782729466885856, -0.8782729469332872, -0.8782729472176998, -0.8782729475482673, -0.8782729479324801, -0.8782729483790441, -0.8782729488980774, -0.8782729495013414, -0.8782729502025041, -0.8782729510174531, -0.8782729519646545, -0.8782729530655701, -0.8782729543451449, -0.8782729558323727, -0.8782729575609514, -0.8782729595700492, -0.878272961905188, -0.8782729646192803, -0.8782729677738222, -0.8782729714402929, -0.8782729757017683, -0.8782729806548089, -0.8782729864116435, -0.8782729931027157, -0.8782730008796363, -0.8782730099186212, -0.8782730204244843, -0.8782730326352778, -0.8782730468276851, -0.878273063323294, -0.8782730824958819, -0.8782731047798856, -0.8782731306802483, -0.878273160783861, -0.8782731957728638, -0.878273236440106, -0.8782732837071133, -0.8782733386449788, -0.8782734024986351, -0.8782734767150768, -0.8782735629761638, -0.8782736632367477, -0.8782737797689936, -0.8782739152139024, -0.8782740726412026, -0.8782742556189728, -0.8782744682945808, -0.8782747154887829, -0.8782750028051209, -0.878275336757119, -0.8782757249161751, -0.8782761760835326, -0.878276700490263, -0.8782773100298426, -0.8782780185286614, -0.878278842060691, -0.8782797993135586, -0.8782809120145048, -0.8782822054260925, -0.8782837089232243, -0.8782854566649542, -0.8782874883768912, -0.8782898502626881, -0.8782925960663175, -0.8782957883106114, -0.8782994997420398, -0.8783038150170481, -0.8783088326716766, -0.8783146674238308, -0.8783214528668156, -0.8783293446239058, -0.8783385240473036, -0.8783492025614212, -0.8783616267708548, -0.8783760844786757, -0.8783929117921668, -0.8784125015326835, -0.878435313216352, -0.8784618849361903, -0.8784928475583581, -0.8785289417519314, -0.8785710385113412, -0.8786201640155862, -0.8786775299155607, -0.8787445704748768, -0.8788229884459668, -0.8789148121942485, -0.8790224674665835, -0.879148868453956, -0.8792975346033556, -0.8794727422740688, -0.8796797242622465, -0.8799249361748555, -0.8802164178577867, -0.880564292699133, -0.8809814713995017, -0.8814846666095858, -0.8820958937593276, -0.8828447573941347, -0.8837720555467673, -0.8849356970615089, -0.8864209040067731, -0.8883589085487219, -0.8909640408104714, -0.8946157910728998, -0.9000722865085813, -0.9091840872323669, -0.928391096281642, -1.0]'
