c = [1.0, 0.9283910962816437, 0.9091840872323694, 0.9000722865085842, 0.8946157910729036, 0.8909640408104765, 0.8883589085487273, 0.886420904006779, 0.8849356970615152, 0.8837720555467741, 0.8828447573941423, 0.8820958937593357, 0.8814846666095938, 0.8809814713995108, 0.8805642926991427, 0.8802164178577966, 0.8799249361748659, 0.8796797242622569, 0.879472742274079, 0.8792975346033666, 0.8791488684539674, 0.8790224674665948, 0.8789148121942599, 0.8788229884459784, 0.8787445704748887, 0.8786775299155728, 0.8786201640155986, 0.8785710385113537, 0.878528941751944, 0.8784928475583708, 0.8784618849362027, 0.8784353132163653, 0.8784125015326968, 0.87839291179218, 0.8783760844786888, 0.8783616267708684, 0.8783492025614349, 0.8783385240473174, 0.8783293446239191, 0.8783214528668289, 0.8783146674238441, 0.8783088326716905, 0.8783038150170613, 0.8782994997420527, 0.8782957883106248, 0.8782925960663308, 0.8782898502627015, 0.8782874883769047, 0.8782854566649684, 0.878283708923238, 0.8782822054261061, 0.8782809120145182, 0.8782797993135724, 0.8782788420607048, 0.8782780185286754, 0.878277310029856, 0.8782767004902768, 0.8782761760835462, 0.8782757249161883, 0.8782753367571327, 0.8782750028051348, 0.8782747154887964, 0.8782744682945945, 0.8782742556189866, 0.8782740726412165, 0.8782739152139161, 0.878273779769007, 0.8782736632367614, 0.8782735629761776, 0.8782734767150906, 0.8782734024986484, 0.8782733386449925, 0.8782732837071271, 0.8782732364401195, 0.8782731957728773, 0.8782731607838747, 0.8782731306802619, 0.8782731047798993, 0.8782730824958955, 0.8782730633233079, 0.8782730468276984, 0.878273032635291, 0.8782730204244981, 0.8782730099186344, 0.8782730008796491, 0.8782729931027288, 0.878272986411657, 0.8782729806548222, 0.8782729757017821, 0.8782729714403061, 0.878272967773836, 0.8782729646192936, 0.8782729619052019, 0.878272959570063, 0.8782729575609655, 0.8782729558323863, 0.8782729543451585, 0.8782729530655835, 0.8782729519646679, 0.8782729510174669, 0.8782729502025174, 0.8782729495013549, 0.8782729488980916, 0.8782729483790577, 0.8782729479324938, 0.8782729475482807, 0.8782729472177134, 0.8782729469333009, 0.8782729466885988, 0.8782729464780632, 0.8782729462969241, 0.8782729461410756, 0.8782729460069875, 0.8782729458916217, 0.8782729457923635, 0.8782729457069636, 0.878272945633488, 0.8782729455702716, 0.8782729455158812, 0.8782729454690855, 0.8782729454288235, 0.8782729453941829, 0.878272945364379, 0.8782729453387363, 0.8782729453166741, 0.8782729452976922, 0.8782729452813605, 0.8782729452673094, 0.8782729452552201, 0.8782729452448188, 0.8782729452358696, 0.8782729452281702, 0.8782729452215451, 0.8782729452158453, 0.8782729452109419, 0.878272945206723, 0.8782729452030931, 0.8782729451999698, 0.8782729451972825, 0.8782729451949706, 0.8782729451929815, 0.8782729451912702, 0.8782729451897976, 0.8782729451885308, 0.878272945187441, 0.8782729451865031, 0.8782729451856961, 0.8782729451850017, 0.8782729451844046, 0.8782729451838907, 0.8782729451834491, 0.878272945183069, 0.8782729451827427, 0.8782729451824626, 0.8782729451822204, 0.8782729451820039, 0.8782729451817718, 0.8782729451813087, 0.8782729451793778, 0.8782729451687662, 0.8782729451073876, 0.8782729447495529, 0.878272942660944, 0.8782729304680442, 0.8782728592864066, 0.8782724437295099, 0.8782700177186868, 0.8782558548252113, 0.878173176129428, 0.8776906372320378, 0.8748782790951883, 0.8586183675377094, 0.7688206975225373, 0.3769893704162525, -0.3769893704162806, -0.7688206975225451, -0.8586183675377107, -0.8748782790951886, -0.8776906372320377, -0.8781731761294287, -0.8782558548252121, -0.878270017718687, -0.8782724437295095, -0.8782728592864062, -0.8782729304680443, -0.8782729426609442, -0.8782729447495529, -0.8782729451073876, -0.8782729451687659, -0.8782729451793773, -0.878272945181309, -0.8782729451817723, -0.8782729451820052, -0.8782729451822229, -0.8782729451824652, -0.8782729451827449, -0.8782729451830702, -0.8782729451834491, -0.8782729451838911, -0.8782729451844051, -0.8782729451850019, -0.8782729451856964, -0.8782729451865032, -0.8782729451874413, -0.878272945188531, -0.878272945189798, -0.8782729451912702, -0.8782729451929817, -0.878272945194971, -0.8782729451972829, -0.8782729451999699, -0.8782729452030928, -0.8782729452067232, -0.8782729452109422, -0.8782729452158462, -0.8782729452215452, -0.8782729452281698, -0.8782729452358697, -0.8782729452448186, -0.87827294525522, -0.8782729452673093, -0.8782729452813604, -0.8782729452976923, -0.8782729453166739, -0.8782729453387362, -0.8782729453643792, -0.8782729453941829, -0.8782729454288234, -0.8782729454690855, -0.8782729455158814, -0.8782729455702716, -0.8782729456334881, -0.878272945706964, -0.8782729457923633, -0.8782729458916215, -0.8782729460069878, -0.8782729461410758, -0.8782729462969242, -0.878272946478064, -0.8782729466885993, -0.8782729469333006, -0.878272947217713, -0.8782729475482811, -0.878272947932494, -0.8782729483790576, -0.878272948898091, -0.8782729495013548, -0.8782729502025173, -0.8782729510174667, -0.8782729519646677, -0.8782729530655836, -0.8782729543451583, -0.8782729558323864, -0.8782729575609654, -0.8782729595700631, -0.8782729619052018, -0.8782729646192938, -0.878272967773836, -0.8782729714403065, -0.8782729757017821, -0.8782729806548221, -0.8782729864116569, -0.8782729931027293, -0.8782730008796495, -0.8782730099186348, -0.8782730204244983, -0.8782730326352914, -0.878273046827699, -0.878273063323308, -0.8782730824958954, -0.8782731047798994, -0.8782731306802616, -0.8782731607838747, -0.8782731957728777, -0.8782732364401195, -0.8782732837071269, -0.8782733386449922, -0.8782734024986483, -0.8782734767150902, -0.8782735629761772, -0.878273663236761, -0.8782737797690071, -0.8782739152139164, -0.8782740726412166, -0.8782742556189864, -0.8782744682945944, -0.8782747154887965, -0.8782750028051343, -0.8782753367571323, -0.8782757249161881, -0.8782761760835461, -0.8782767004902764, -0.8782773100298559, -0.878278018528675, -0.8782788420607044, -0.8782797993135721, -0.8782809120145182, -0.8782822054261058, -0.8782837089232377, -0.8782854566649678, -0.878287488376905, -0.8782898502627015, -0.8782925960663304, -0.8782957883106244, -0.8782994997420529, -0.8783038150170611, -0.8783088326716898, -0.8783146674238441, -0.8783214528668287, -0.8783293446239192, -0.8783385240473168, -0.8783492025614346, -0.8783616267708678, -0.8783760844786889, -0.87839291179218, -0.8784125015326961, -0.8784353132163646, -0.8784618849362025, -0.8784928475583709, -0.8785289417519442, -0.8785710385113539, -0.8786201640155991, -0.8786775299155729, -0.8787445704748884, -0.8788229884459785, -0.8789148121942602, -0.8790224674665946, -0.8791488684539673, -0.8792975346033668, -0.8794727422740793, -0.8796797242622569, -0.8799249361748659, -0.880216417857796, -0.880564292699142, -0.8809814713995109, -0.8814846666095936, -0.8820958937593354, -0.8828447573941421, -0.8837720555467741, -0.8849356970615154, -0.8864209040067792, -0.8883589085487271, -0.8909640408104761, -0.8946157910729038, -0.9000722865085845, -0.9091840872323693, -0.9283910962816434, -1.0]'
