c = [1.0, 0.9283910962816447, 0.9091840872323714, 0.9000722865085877, 0.8946157910729078, 0.8909640408104803, 0.8883589085487317, 0.8864209040067844, 0.8849356970615212, 0.8837720555467805, 0.8828447573941491, 0.882095893759343, 0.881484666609602, 0.8809814713995193, 0.8805642926991513, 0.8802164178578052, 0.8799249361748746, 0.8796797242622666, 0.8794727422740894, 0.879297534603377, 0.8791488684539779, 0.8790224674666052, 0.8789148121942709, 0.8788229884459896, 0.8787445704748995, 0.8786775299155839, 0.8786201640156099, 0.8785710385113652, 0.8785289417519557, 0.8784928475583828, 0.8784618849362149, 0.8784353132163768, 0.8784125015327087, 0.8783929117921925, 0.878376084478701, 0.8783616267708806, 0.8783492025614469, 0.8783385240473296, 0.8783293446239313, 0.8783214528668414, 0.8783146674238568, 0.8783088326717025, 0.8783038150170741, 0.8782994997420653, 0.8782957883106373, 0.8782925960663431, 0.8782898502627142, 0.8782874883769175, 0.8782854566649804, 0.87828370892325, 0.8782822054261181, 0.8782809120145312, 0.878279799313585, 0.8782788420607168, 0.8782780185286878, 0.8782773100298688, 0.8782767004902888, 0.8782761760835589, 0.8782757249162015, 0.8782753367571453, 0.8782750028051474, 0.8782747154888093, 0.878274468294607, 0.8782742556189987, 0.8782740726412289, 0.8782739152139288, 0.8782737797690199, 0.8782736632367742, 0.8782735629761903, 0.8782734767151031, 0.8782734024986608, 0.878273338645005, 0.8782732837071399, 0.8782732364401322, 0.8782731957728902, 0.8782731607838873, 0.8782731306802745, 0.878273104779912, 0.8782730824959076, 0.8782730633233201, 0.8782730468277111, 0.8782730326353033, 0.8782730204245103, 0.8782730099186472, 0.8782730008796621, 0.8782729931027415, 0.87827298641167, 0.8782729806548348, 0.8782729757017944, 0.8782729714403187, 0.8782729677738484, 0.8782729646193067, 0.8782729619052148, 0.8782729595700752, 0.878272957560978, 0.8782729558323988, 0.8782729543451712, 0.8782729530655965, 0.8782729519646806, 0.8782729510174795, 0.8782729502025305, 0.8782729495013675, 0.8782729488981039, 0.8782729483790703, 0.8782729479325065, 0.8782729475482938, 0.8782729472177258, 0.8782729469333133, 0.8782729466886119, 0.8782729464780763, 0.8782729462969364, 0.8782729461410886, 0.8782729460070006, 0.8782729458916342, 0.8782729457923758, 0.8782729457069767, 0.8782729456335008, 0.8782729455702846, 0.8782729455158944, 0.8782729454690984, 0.8782729454288363, 0.8782729453941955, 0.8782729453643915, 0.878272945338749, 0.8782729453166864, 0.8782729452977047, 0.8782729452813735, 0.8782729452673222, 0.8782729452552329, 0.8782729452448315, 0.8782729452358818, 0.8782729452281824, 0.8782729452215581, 0.8782729452158589, 0.8782729452109549, 0.8782729452067358, 0.8782729452031055, 0.8782729451999824, 0.8782729451972953, 0.8782729451949834, 0.878272945192994, 0.8782729451912826, 0.8782729451898105, 0.8782729451885434, 0.8782729451874534, 0.8782729451865154, 0.8782729451857088, 0.8782729451850143, 0.8782729451844177, 0.8782729451839038, 0.8782729451834617, 0.8782729451830812, 0.8782729451827539, 0.8782729451824729, 0.8782729451822311, 0.8782729451820216, 0.8782729451818342, 0.8782729451816271, 0.8782729451811861, 0.8782729451792735, 0.8782729451686779, 0.8782729451073134, 0.8782729447494912, 0.8782729426608931, 0.8782729304680019, 0.8782728592863714, 0.8782724437294815, 0.8782700177186649, 0.8782558548251939, 0.8781731761294145, 0.8776906372320276, 0.874878279095182, 0.8586183675377056, 0.7688206975225352, 0.3769893704162508, -0.37698937041628, -0.7688206975225431, -0.8586183675377073, -0.8748782790951823, -0.8776906372320277, -0.8781731761294147, -0.8782558548251937, -0.8782700177186641, -0.8782724437294814, -0.8782728592863717, -0.8782729304680023, -0.878272942660893, -0.8782729447494911, -0.8782729451073139, -0.8782729451686785, -0.8782729451792738, -0.8782729451811865, -0.8782729451816271, -0.8782729451818345, -0.8782729451820227, -0.8782729451822322, -0.8782729451824739, -0.8782729451827549, -0.8782729451830812, -0.8782729451834617, -0.8782729451839036, -0.8782729451844178, -0.878272945185015, -0.8782729451857092, -0.8782729451865158, -0.8782729451874538, -0.8782729451885438, -0.8782729451898106, -0.878272945191283, -0.8782729451929941, -0.8782729451949838, -0.8782729451972957, -0.8782729451999828, -0.8782729452031054, -0.8782729452067354, -0.8782729452109548, -0.8782729452158584, -0.8782729452215584, -0.8782729452281827, -0.8782729452358821, -0.8782729452448313, -0.8782729452552328, -0.878272945267322, -0.8782729452813737, -0.8782729452977047, -0.8782729453166866, -0.8782729453387489, -0.8782729453643916, -0.8782729453941954, -0.8782729454288358, -0.8782729454690984, -0.8782729455158941, -0.8782729455702842, -0.8782729456335009, -0.8782729457069763, -0.878272945792376, -0.8782729458916344, -0.8782729460070006, -0.8782729461410884, -0.8782729462969364, -0.8782729464780765, -0.8782729466886117, -0.878272946933313, -0.8782729472177256, -0.8782729475482933, -0.8782729479325061, -0.8782729483790703, -0.8782729488981035, -0.8782729495013676, -0.87827295020253, -0.8782729510174794, -0.8782729519646807, -0.8782729530655966, -0.8782729543451712, -0.8782729558323991, -0.8782729575609781, -0.8782729595700755, -0.8782729619052148, -0.8782729646193062, -0.8782729677738483, -0.8782729714403191, -0.8782729757017943, -0.8782729806548347, -0.8782729864116696, -0.8782729931027415, -0.8782730008796622, -0.8782730099186477, -0.8782730204245107, -0.8782730326353041, -0.878273046827711, -0.8782730633233204, -0.8782730824959083, -0.8782731047799118, -0.8782731306802742, -0.8782731607838871, -0.8782731957728901, -0.8782732364401319, -0.8782732837071396, -0.8782733386450048, -0.878273402498661, -0.8782734767151033, -0.8782735629761904, -0.8782736632367739, -0.8782737797690198, -0.8782739152139291, -0.8782740726412289, -0.8782742556189989, -0.8782744682946068, -0.8782747154888089, -0.8782750028051468, -0.878275336757145, -0.8782757249162012, -0.8782761760835587, -0.8782767004902892, -0.8782773100298686, -0.8782780185286879, -0.8782788420607172, -0.8782797993135851, -0.8782809120145312, -0.8782822054261186, -0.87828370892325, -0.8782854566649799, -0.8782874883769174, -0.8782898502627138, -0.8782925960663429, -0.878295788310637, -0.8782994997420652, -0.8783038150170738, -0.8783088326717025, -0.8783146674238567, -0.8783214528668412, -0.8783293446239315, -0.8783385240473291, -0.8783492025614467, -0.87836162677088, -0.8783760844787005, -0.8783929117921924, -0.8784125015327084, -0.8784353132163768, -0.878461884936215, -0.8784928475583829, -0.878528941751956, -0.8785710385113654, -0.8786201640156105, -0.8786775299155841, -0.8787445704748995, -0.8788229884459897, -0.8789148121942707, -0.8790224674666054, -0.8791488684539779, -0.8792975346033765, -0.8794727422740889, -0.8796797242622667, -0.8799249361748747, -0.880216417857805, -0.8805642926991508, -0.8809814713995189, -0.8814846666096017, -0.8820958937593433, -0.8828447573941494, -0.8837720555467805, -0.8849356970615216, -0.8864209040067847, -0.8883589085487319, -0.8909640408104805, -0.8946157910729075, -0.9000722865085873, -0.9091840872323717, -0.928391096281645, -1.0]'
