c = [1.0, 0.9283910962816464, 0.909184087232374, 0.9000722865085898, 0.8946157910729102, 0.890964040810484, 0.8883589085487359, 0.8864209040067891, 0.8849356970615263, 0.8837720555467863, 0.8828447573941555, 0.8820958937593498, 0.8814846666096086, 0.8809814713995259, 0.880564292699158, 0.8802164178578128, 0.8799249361748829, 0.8796797242622747, 0.8794727422740977, 0.879297534603385, 0.8791488684539865, 0.8790224674666142, 0.8789148121942796, 0.8788229884459985, 0.8787445704749087, 0.8786775299155934, 0.8786201640156196, 0.8785710385113753, 0.8785289417519662, 0.8784928475583926, 0.8784618849362251, 0.8784353132163875, 0.878412501532719, 0.878392911792203, 0.8783760844787112, 0.8783616267708909, 0.8783492025614573, 0.87833852404734, 0.878329344623942, 0.8783214528668515, 0.8783146674238675, 0.8783088326717131, 0.8783038150170844, 0.8782994997420759, 0.8782957883106481, 0.8782925960663541, 0.8782898502627248, 0.8782874883769279, 0.8782854566649911, 0.8782837089232612, 0.8782822054261292, 0.8782809120145414, 0.8782797993135959, 0.8782788420607279, 0.8782780185286982, 0.8782773100298796, 0.8782767004903004, 0.8782761760835697, 0.8782757249162121, 0.8782753367571561, 0.8782750028051578, 0.8782747154888193, 0.8782744682946174, 0.8782742556190094, 0.8782740726412397, 0.8782739152139398, 0.8782737797690305, 0.8782736632367846, 0.8782735629762006, 0.8782734767151138, 0.8782734024986716, 0.878273338645016, 0.8782732837071506, 0.8782732364401427, 0.8782731957729007, 0.8782731607838979, 0.8782731306802849, 0.8782731047799224, 0.8782730824959185, 0.8782730633233308, 0.8782730468277217, 0.8782730326353143, 0.8782730204245215, 0.8782730099186582, 0.8782730008796732, 0.8782729931027521, 0.8782729864116804, 0.8782729806548454, 0.8782729757018052, 0.8782729714403298, 0.8782729677738594, 0.878272964619317, 0.8782729619052252, 0.878272959570086, 0.8782729575609887, 0.8782729558324097, 0.8782729543451818, 0.8782729530656072, 0.8782729519646918, 0.8782729510174903, 0.878272950202541, 0.8782729495013782, 0.8782729488981149, 0.8782729483790814, 0.8782729479325169, 0.8782729475483039, 0.8782729472177367, 0.8782729469333243, 0.8782729466886223, 0.8782729464780874, 0.8782729462969477, 0.8782729461410992, 0.8782729460070109, 0.8782729458916453, 0.8782729457923866, 0.8782729457069876, 0.8782729456335118, 0.8782729455702949, 0.8782729455159048, 0.8782729454691088, 0.8782729454288466, 0.8782729453942061, 0.8782729453644019, 0.8782729453387595, 0.8782729453166975, 0.8782729452977156, 0.8782729452813841, 0.878272945267333, 0.8782729452552434, 0.878272945244842, 0.878272945235893, 0.8782729452281937, 0.8782729452215691, 0.8782729452158694, 0.8782729452109653, 0.8782729452067463, 0.8782729452031164, 0.8782729451999932, 0.8782729451973059, 0.8782729451949939, 0.878272945193005, 0.8782729451912934, 0.878272945189821, 0.8782729451885539, 0.878272945187464, 0.8782729451865262, 0.8782729451857202, 0.8782729451850259, 0.8782729451844284, 0.8782729451839144, 0.8782729451834721, 0.8782729451830917, 0.8782729451827644, 0.8782729451824828, 0.878272945182241, 0.8782729451820325, 0.8782729451818514, 0.8782729451816879, 0.8782729451815021, 0.8782729451810797, 0.8782729451791838, 0.8782729451686027, 0.8782729451072497, 0.8782729447494377, 0.8782729426608487, 0.8782729304679658, 0.8782728592863416, 0.8782724437294571, 0.8782700177186451, 0.8782558548251791, 0.8781731761294036, 0.8776906372320197, 0.8748782790951763, 0.858618367537702, 0.7688206975225345, 0.3769893704162567, -0.3769893704162717, -0.7688206975225389, -0.8586183675377028, -0.8748782790951759, -0.8776906372320191, -0.8781731761294033, -0.878255854825179, -0.8782700177186451, -0.8782724437294572, -0.8782728592863416, -0.8782729304679656, -0.8782729426608489, -0.8782729447494381, -0.8782729451072503, -0.8782729451686024, -0.8782729451791836, -0.8782729451810799, -0.8782729451815018, -0.8782729451816879, -0.8782729451818513, -0.8782729451820317, -0.8782729451822407, -0.878272945182483, -0.8782729451827648, -0.8782729451830922, -0.8782729451834725, -0.8782729451839144, -0.8782729451844283, -0.8782729451850256, -0.8782729451857199, -0.8782729451865265, -0.8782729451874642, -0.8782729451885546, -0.8782729451898215, -0.8782729451912938, -0.8782729451930046, -0.8782729451949937, -0.8782729451973059, -0.8782729451999929, -0.8782729452031163, -0.878272945206746, -0.8782729452109651, -0.8782729452158692, -0.8782729452215686, -0.8782729452281931, -0.8782729452358933, -0.878272945244842, -0.8782729452552434, -0.8782729452673329, -0.878272945281384, -0.8782729452977155, -0.8782729453166973, -0.8782729453387598, -0.8782729453644023, -0.8782729453942061, -0.8782729454288468, -0.8782729454691088, -0.8782729455159048, -0.878272945570295, -0.8782729456335114, -0.8782729457069871, -0.8782729457923862, -0.8782729458916451, -0.8782729460070112, -0.878272946141099, -0.8782729462969472, -0.8782729464780868, -0.8782729466886221, -0.878272946933324, -0.8782729472177363, -0.8782729475483042, -0.8782729479325169, -0.8782729483790811, -0.8782729488981147, -0.8782729495013786, -0.8782729502025408, -0.8782729510174903, -0.8782729519646915, -0.878272953065607, -0.8782729543451823, -0.8782729558324096, -0.8782729575609886, -0.8782729595700864, -0.8782729619052253, -0.8782729646193171, -0.8782729677738593, -0.8782729714403295, -0.8782729757018052, -0.8782729806548457, -0.8782729864116804, -0.8782729931027524, -0.8782730008796725, -0.8782730099186583, -0.8782730204245217, -0.8782730326353146, -0.8782730468277219, -0.8782730633233311, -0.8782730824959188, -0.8782731047799224, -0.8782731306802848, -0.8782731607838978, -0.8782731957729007, -0.8782732364401429, -0.8782732837071507, -0.8782733386450157, -0.8782734024986717, -0.8782734767151137, -0.8782735629762005, -0.8782736632367846, -0.8782737797690303, -0.8782739152139395, -0.8782740726412396, -0.8782742556190094, -0.8782744682946177, -0.8782747154888196, -0.8782750028051577, -0.8782753367571559, -0.8782757249162121, -0.8782761760835697, -0.8782767004903002, -0.8782773100298799, -0.8782780185286986, -0.8782788420607277, -0.8782797993135956, -0.8782809120145417, -0.8782822054261291, -0.8782837089232605, -0.8782854566649906, -0.8782874883769275, -0.8782898502627243, -0.8782925960663535, -0.8782957883106475, -0.8782994997420757, -0.8783038150170843, -0.8783088326717131, -0.8783146674238669, -0.8783214528668515, -0.8783293446239415, -0.8783385240473398, -0.8783492025614574, -0.8783616267708907, -0.8783760844787114, -0.8783929117922026, -0.8784125015327185, -0.878435313216387, -0.878461884936225, -0.8784928475583925, -0.8785289417519657, -0.8785710385113756, -0.8786201640156198, -0.8786775299155938, -0.8787445704749095, -0.8788229884459987, -0.8789148121942796, -0.8790224674666144, -0.8791488684539862, -0.8792975346033851, -0.8794727422740977, -0.8796797242622747, -0.8799249361748827, -0.8802164178578128, -0.8805642926991581, -0.8809814713995257, -0.8814846666096083, -0.8820958937593495, -0.8828447573941552, -0.8837720555467862, -0.8849356970615264, -0.8864209040067892, -0.8883589085487364, -0.8909640408104841, -0.8946157910729108, -0.9000722865085903, -0.9091840872323738, -0.9283910962816463, -1.0]'
