c = [1.0, 0.928391096281647, 0.9091840872323746, 0.9000722865085914, 0.8946157910729122, 0.8909640408104863, 0.8883589085487386, 0.8864209040067921, 0.8849356970615299, 0.8837720555467901, 0.8828447573941592, 0.8820958937593534, 0.8814846666096121, 0.8809814713995301, 0.8805642926991628, 0.8802164178578175, 0.8799249361748875, 0.8796797242622795, 0.8794727422741028, 0.8792975346033904, 0.8791488684539916, 0.8790224674666195, 0.8789148121942851, 0.8788229884460046, 0.8787445704749146, 0.8786775299155997, 0.8786201640156261, 0.8785710385113813, 0.8785289417519722, 0.8784928475583992, 0.8784618849362312, 0.8784353132163937, 0.878412501532725, 0.8783929117922091, 0.8783760844787175, 0.8783616267708974, 0.878349202561464, 0.8783385240473462, 0.8783293446239487, 0.8783214528668583, 0.878314667423874, 0.8783088326717199, 0.8783038150170912, 0.8782994997420828, 0.8782957883106546, 0.8782925960663603, 0.878289850262731, 0.8782874883769347, 0.8782854566649977, 0.8782837089232673, 0.8782822054261358, 0.8782809120145483, 0.8782797993136021, 0.8782788420607347, 0.8782780185287054, 0.8782773100298864, 0.8782767004903068, 0.8782761760835764, 0.8782757249162187, 0.8782753367571624, 0.8782750028051644, 0.8782747154888263, 0.8782744682946244, 0.8782742556190166, 0.8782740726412467, 0.8782739152139466, 0.8782737797690373, 0.8782736632367916, 0.8782735629762076, 0.8782734767151207, 0.8782734024986787, 0.8782733386450227, 0.8782732837071575, 0.8782732364401497, 0.8782731957729073, 0.8782731607839045, 0.8782731306802918, 0.878273104779929, 0.8782730824959251, 0.8782730633233377, 0.8782730468277287, 0.8782730326353212, 0.8782730204245285, 0.8782730099186649, 0.8782730008796795, 0.8782729931027589, 0.878272986411687, 0.8782729806548526, 0.8782729757018121, 0.8782729714403363, 0.878272967773866, 0.8782729646193237, 0.8782729619052319, 0.878272959570093, 0.8782729575609953, 0.8782729558324166, 0.878272954345189, 0.8782729530656137, 0.8782729519646982, 0.8782729510174968, 0.8782729502025479, 0.8782729495013851, 0.8782729488981212, 0.8782729483790876, 0.8782729479325241, 0.8782729475483109, 0.8782729472177432, 0.878272946933331, 0.8782729466886294, 0.8782729464780937, 0.878272946296954, 0.8782729461411061, 0.8782729460070177, 0.8782729458916517, 0.8782729457923935, 0.878272945706994, 0.8782729456335184, 0.8782729455703016, 0.8782729455159114, 0.8782729454691155, 0.8782729454288529, 0.8782729453942126, 0.8782729453644089, 0.8782729453387664, 0.8782729453167041, 0.8782729452977224, 0.8782729452813905, 0.8782729452673392, 0.8782729452552502, 0.878272945244849, 0.8782729452358996, 0.8782729452282003, 0.8782729452215755, 0.878272945215876, 0.8782729452109722, 0.8782729452067533, 0.8782729452031229, 0.8782729451999998, 0.8782729451973128, 0.8782729451950004, 0.8782729451930114, 0.8782729451912997, 0.8782729451898276, 0.8782729451885606, 0.878272945187471, 0.8782729451865333, 0.8782729451857264, 0.8782729451850321, 0.8782729451844348, 0.878272945183921, 0.8782729451834786, 0.8782729451830981, 0.8782729451827714, 0.8782729451824897, 0.8782729451822474, 0.8782729451820408, 0.8782729451818716, 0.8782729451817312, 0.8782729451815948, 0.8782729451814248, 0.8782729451810141, 0.8782729451791279, 0.8782729451685555, 0.8782729451072108, 0.8782729447494046, 0.8782729426608209, 0.8782729304679427, 0.8782728592863231, 0.8782724437294424, 0.8782700177186334, 0.8782558548251698, 0.8781731761293965, 0.8776906372320138, 0.8748782790951722, 0.8586183675376995, 0.7688206975225337, 0.376989370416256, -0.37698937041627156, -0.7688206975225377, -0.8586183675377006, -0.8748782790951726, -0.877690637232014, -0.8781731761293962, -0.8782558548251694, -0.8782700177186333, -0.8782724437294425, -0.8782728592863233, -0.8782729304679431, -0.8782729426608211, -0.8782729447494052, -0.8782729451072107, -0.8782729451685553, -0.8782729451791281, -0.8782729451810144, -0.8782729451814245, -0.8782729451815967, -0.8782729451817419, -0.8782729451818917, -0.8782729451820536, -0.87827294518225, -0.8782729451824896, -0.8782729451827714, -0.8782729451830988, -0.8782729451834791, -0.8782729451839212, -0.8782729451844349, -0.8782729451850324, -0.8782729451857266, -0.8782729451865334, -0.8782729451874708, -0.8782729451885608, -0.878272945189828, -0.8782729451913003, -0.8782729451930117, -0.8782729451950005, -0.8782729451973124, -0.8782729451999999, -0.8782729452031229, -0.8782729452067528, -0.8782729452109724, -0.8782729452158758, -0.8782729452215754, -0.8782729452282, -0.8782729452358994, -0.8782729452448486, -0.8782729452552498, -0.8782729452673397, -0.8782729452813907, -0.8782729452977223, -0.8782729453167042, -0.8782729453387663, -0.878272945364409, -0.8782729453942129, -0.8782729454288534, -0.8782729454691155, -0.8782729455159112, -0.8782729455703019, -0.8782729456335183, -0.8782729457069938, -0.8782729457923933, -0.8782729458916516, -0.8782729460070174, -0.8782729461411057, -0.8782729462969535, -0.8782729464780937, -0.8782729466886288, -0.8782729469333307, -0.8782729472177431, -0.878272947548311, -0.8782729479325236, -0.8782729483790879, -0.8782729488981214, -0.878272949501385, -0.8782729502025479, -0.8782729510174969, -0.8782729519646981, -0.878272953065614, -0.8782729543451887, -0.8782729558324163, -0.8782729575609955, -0.8782729595700928, -0.8782729619052319, -0.8782729646193239, -0.8782729677738658, -0.8782729714403363, -0.8782729757018115, -0.8782729806548525, -0.8782729864116873, -0.878272993102759, -0.8782730008796793, -0.8782730099186647, -0.8782730204245283, -0.8782730326353212, -0.8782730468277286, -0.8782730633233378, -0.8782730824959255, -0.8782731047799294, -0.878273130680292, -0.8782731607839045, -0.8782731957729074, -0.8782732364401493, -0.8782732837071571, -0.8782733386450223, -0.8782734024986781, -0.8782734767151203, -0.8782735629762075, -0.878273663236791, -0.8782737797690372, -0.8782739152139462, -0.8782740726412462, -0.8782742556190164, -0.8782744682946245, -0.8782747154888264, -0.8782750028051645, -0.8782753367571627, -0.8782757249162186, -0.8782761760835759, -0.8782767004903064, -0.8782773100298862, -0.8782780185287048, -0.8782788420607341, -0.878279799313602, -0.878280912014548, -0.8782822054261357, -0.8782837089232673, -0.8782854566649975, -0.8782874883769345, -0.8782898502627312, -0.8782925960663603, -0.8782957883106542, -0.8782994997420822, -0.8783038150170908, -0.8783088326717199, -0.8783146674238739, -0.878321452866858, -0.8783293446239486, -0.8783385240473464, -0.8783492025614636, -0.878361626770897, -0.8783760844787176, -0.8783929117922087, -0.8784125015327248, -0.8784353132163936, -0.8784618849362311, -0.8784928475583988, -0.8785289417519723, -0.8785710385113812, -0.8786201640156258, -0.8786775299156001, -0.8787445704749149, -0.8788229884460046, -0.8789148121942855, -0.8790224674666197, -0.8791488684539918, -0.8792975346033907, -0.8794727422741025, -0.8796797242622796, -0.8799249361748875, -0.8802164178578175, -0.8805642926991626, -0.8809814713995302, -0.8814846666096126, -0.8820958937593534, -0.8828447573941591, -0.8837720555467894, -0.8849356970615297, -0.8864209040067921, -0.8883589085487387, -0.8909640408104864, -0.8946157910729127, -0.9000722865085916, -0.9091840872323746, -0.9283910962816472, -1.0]'
