c = [1.0, 0.9283910962816478, 0.9091840872323762, 0.9000722865085935, 0.8946157910729149, 0.8909640408104895, 0.8883589085487424, 0.8864209040067963, 0.8849356970615341, 0.8837720555467943, 0.8828447573941635, 0.8820958937593586, 0.8814846666096182, 0.8809814713995363, 0.880564292699169, 0.8802164178578236, 0.8799249361748942, 0.8796797242622864, 0.8794727422741095, 0.8792975346033974, 0.879148868453999, 0.8790224674666269, 0.8789148121942927, 0.8788229884460124, 0.8787445704749228, 0.8786775299156075, 0.878620164015634, 0.8785710385113896, 0.8785289417519804, 0.8784928475584076, 0.8784618849362393, 0.878435313216402, 0.8784125015327333, 0.8783929117922176, 0.8783760844787261, 0.8783616267709053, 0.8783492025614725, 0.8783385240473548, 0.8783293446239571, 0.8783214528668668, 0.8783146674238829, 0.8783088326717287, 0.8783038150170998, 0.8782994997420909, 0.878295788310663, 0.8782925960663693, 0.8782898502627399, 0.8782874883769429, 0.8782854566650065, 0.8782837089232762, 0.8782822054261442, 0.878280912014557, 0.8782797993136113, 0.8782788420607432, 0.8782780185287139, 0.878277310029895, 0.8782767004903155, 0.8782761760835847, 0.8782757249162271, 0.8782753367571712, 0.8782750028051732, 0.8782747154888352, 0.8782744682946332, 0.8782742556190253, 0.8782740726412552, 0.8782739152139551, 0.8782737797690461, 0.8782736632368005, 0.8782735629762165, 0.8782734767151292, 0.878273402498687, 0.8782733386450312, 0.8782732837071657, 0.8782732364401581, 0.8782731957729162, 0.878273160783913, 0.8782731306803003, 0.8782731047799377, 0.8782730824959342, 0.8782730633233464, 0.8782730468277378, 0.8782730326353299, 0.878273020424537, 0.8782730099186735, 0.8782730008796883, 0.878272993102768, 0.8782729864116959, 0.8782729806548609, 0.8782729757018206, 0.878272971440345, 0.8782729677738745, 0.8782729646193326, 0.8782729619052404, 0.8782729595701015, 0.8782729575610044, 0.8782729558324252, 0.8782729543451974, 0.8782729530656224, 0.8782729519647071, 0.8782729510175057, 0.8782729502025562, 0.8782729495013933, 0.8782729488981302, 0.8782729483790964, 0.8782729479325325, 0.8782729475483199, 0.8782729472177523, 0.8782729469333396, 0.8782729466886378, 0.8782729464781026, 0.8782729462969628, 0.8782729461411148, 0.8782729460070269, 0.8782729458916605, 0.8782729457924023, 0.8782729457070029, 0.8782729456335271, 0.8782729455703103, 0.87827294551592, 0.878272945469124, 0.8782729454288623, 0.8782729453942216, 0.8782729453644178, 0.8782729453387754, 0.8782729453167125, 0.8782729452977307, 0.8782729452813995, 0.8782729452673487, 0.8782729452552591, 0.8782729452448578, 0.8782729452359084, 0.8782729452282088, 0.8782729452215843, 0.878272945215885, 0.8782729452109808, 0.8782729452067617, 0.878272945203132, 0.8782729452000085, 0.8782729451973212, 0.8782729451950093, 0.8782729451930201, 0.8782729451913086, 0.8782729451898368, 0.8782729451885699, 0.8782729451874799, 0.878272945186542, 0.8782729451857348, 0.8782729451850408, 0.8782729451844435, 0.8782729451839293, 0.8782729451834878, 0.8782729451831075, 0.8782729451827802, 0.8782729451824985, 0.8782729451822561, 0.8782729451820486, 0.8782729451818723, 0.878272945181723, 0.8782729451815945, 0.8782729451814739, 0.8782729451813223, 0.8782729451809279, 0.8782729451790545, 0.8782729451684934, 0.8782729451071586, 0.8782729447493616, 0.8782729426607853, 0.8782729304679133, 0.878272859286299, 0.8782724437294226, 0.8782700177186172, 0.8782558548251567, 0.8781731761293864, 0.8776906372320071, 0.8748782790951678, 0.8586183675376972, 0.7688206975225321, 0.3769893704162559, -0.37698937041627084, -0.7688206975225361, -0.8586183675376976, -0.8748782790951676, -0.8776906372320071, -0.8781731761293867, -0.8782558548251572, -0.8782700177186175, -0.8782724437294223, -0.8782728592862987, -0.878272930467913, -0.8782729426607847, -0.8782729447493616, -0.8782729451071588, -0.8782729451684934, -0.8782729451790549, -0.8782729451809277, -0.8782729451813228, -0.8782729451814763, -0.8782729451816004, -0.8782729451817316, -0.8782729451818793, -0.8782729451820523, -0.8782729451822576, -0.8782729451824989, -0.87827294518278, -0.8782729451831075, -0.8782729451834879, -0.8782729451839301, -0.8782729451844435, -0.8782729451850407, -0.8782729451857353, -0.8782729451865419, -0.8782729451874798, -0.8782729451885696, -0.8782729451898362, -0.878272945191309, -0.8782729451930203, -0.8782729451950095, -0.8782729451973218, -0.8782729452000084, -0.8782729452031316, -0.8782729452067619, -0.8782729452109808, -0.8782729452158846, -0.8782729452215841, -0.878272945228209, -0.8782729452359084, -0.8782729452448576, -0.8782729452552591, -0.8782729452673484, -0.8782729452813999, -0.8782729452977315, -0.8782729453167132, -0.8782729453387753, -0.8782729453644175, -0.878272945394222, -0.8782729454288625, -0.8782729454691243, -0.8782729455159202, -0.8782729455703103, -0.8782729456335269, -0.8782729457070027, -0.8782729457924019, -0.8782729458916605, -0.8782729460070264, -0.8782729461411145, -0.8782729462969627, -0.8782729464781028, -0.878272946688638, -0.8782729469333397, -0.8782729472177521, -0.87827294754832, -0.8782729479325329, -0.8782729483790965, -0.8782729488981299, -0.878272949501394, -0.8782729502025564, -0.8782729510175056, -0.8782729519647071, -0.8782729530656225, -0.8782729543451975, -0.8782729558324255, -0.8782729575610042, -0.8782729595701017, -0.8782729619052404, -0.8782729646193328, -0.8782729677738752, -0.878272971440345, -0.8782729757018205, -0.8782729806548609, -0.8782729864116959, -0.8782729931027677, -0.8782730008796882, -0.8782730099186737, -0.8782730204245371, -0.8782730326353303, -0.8782730468277377, -0.8782730633233466, -0.8782730824959343, -0.878273104779938, -0.8782731306803006, -0.8782731607839133, -0.878273195772916, -0.8782732364401581, -0.8782732837071657, -0.878273338645031, -0.8782734024986872, -0.878273476715129, -0.8782735629762163, -0.8782736632368001, -0.8782737797690461, -0.878273915213955, -0.8782740726412555, -0.8782742556190254, -0.8782744682946332, -0.8782747154888346, -0.8782750028051729, -0.8782753367571714, -0.8782757249162272, -0.8782761760835847, -0.8782767004903151, -0.8782773100298946, -0.8782780185287138, -0.8782788420607427, -0.8782797993136107, -0.8782809120145569, -0.8782822054261445, -0.8782837089232762, -0.8782854566650061, -0.878287488376943, -0.8782898502627395, -0.8782925960663692, -0.8782957883106632, -0.8782994997420911, -0.8783038150170996, -0.8783088326717285, -0.8783146674238823, -0.8783214528668666, -0.8783293446239571, -0.8783385240473545, -0.878349202561472, -0.8783616267709057, -0.878376084478726, -0.8783929117922173, -0.8784125015327336, -0.8784353132164014, -0.8784618849362391, -0.8784928475584074, -0.87852894175198, -0.8785710385113894, -0.8786201640156338, -0.8786775299156074, -0.8787445704749228, -0.8788229884460124, -0.8789148121942929, -0.8790224674666269, -0.8791488684539992, -0.8792975346033977, -0.8794727422741094, -0.8796797242622864, -0.879924936174894, -0.8802164178578236, -0.8805642926991687, -0.8809814713995358, -0.8814846666096179, -0.8820958937593584, -0.8828447573941636, -0.8837720555467938, -0.8849356970615337, -0.886420904006796, -0.8883589085487419, -0.8909640408104897, -0.8946157910729151, -0.9000722865085937, -0.9091840872323766, -0.928391096281648, -1.0]'
