c = [1.0, 0.9283910962816488, 0.909184087232378, 0.9000722865085959, 0.8946157910729181, 0.8909640408104929, 0.8883589085487457, 0.8864209040067995, 0.8849356970615375, 0.8837720555467984, 0.8828447573941685, 0.8820958937593633, 0.881484666609623, 0.880981471399541, 0.8805642926991744, 0.8802164178578293, 0.8799249361748998, 0.8796797242622922, 0.8794727422741155, 0.8792975346034041, 0.8791488684540055, 0.8790224674666341, 0.8789148121943002, 0.8788229884460194, 0.8787445704749302, 0.8786775299156151, 0.8786201640156414, 0.8785710385113972, 0.8785289417519875, 0.8784928475584148, 0.8784618849362468, 0.8784353132164094, 0.8784125015327411, 0.8783929117922249, 0.8783760844787339, 0.8783616267709135, 0.8783492025614803, 0.8783385240473627, 0.8783293446239652, 0.878321452866875, 0.8783146674238906, 0.8783088326717362, 0.8783038150171075, 0.8782994997420993, 0.878295788310671, 0.8782925960663768, 0.8782898502627479, 0.8782874883769511, 0.878285456665014, 0.8782837089232844, 0.8782822054261528, 0.8782809120145652, 0.8782797993136193, 0.8782788420607516, 0.8782780185287219, 0.8782773100299025, 0.8782767004903231, 0.878276176083593, 0.8782757249162355, 0.8782753367571796, 0.8782750028051813, 0.8782747154888433, 0.8782744682946412, 0.8782742556190334, 0.8782740726412633, 0.8782739152139635, 0.8782737797690544, 0.8782736632368082, 0.8782735629762244, 0.8782734767151374, 0.8782734024986949, 0.878273338645039, 0.878273283707174, 0.8782732364401657, 0.8782731957729238, 0.878273160783921, 0.8782731306803087, 0.8782731047799459, 0.8782730824959424, 0.8782730633233543, 0.8782730468277455, 0.8782730326353378, 0.8782730204245448, 0.8782730099186817, 0.8782730008796964, 0.8782729931027756, 0.8782729864117037, 0.8782729806548689, 0.8782729757018286, 0.878272971440353, 0.8782729677738825, 0.8782729646193407, 0.878272961905249, 0.8782729595701095, 0.8782729575610123, 0.878272955832433, 0.8782729543452057, 0.8782729530656306, 0.8782729519647147, 0.8782729510175132, 0.8782729502025645, 0.8782729495014017, 0.8782729488981378, 0.8782729483791047, 0.8782729479325406, 0.8782729475483274, 0.8782729472177596, 0.8782729469333477, 0.8782729466886459, 0.8782729464781107, 0.8782729462969711, 0.8782729461411227, 0.8782729460070349, 0.8782729458916686, 0.8782729457924103, 0.8782729457070109, 0.878272945633535, 0.8782729455703184, 0.8782729455159285, 0.8782729454691327, 0.8782729454288706, 0.8782729453942301, 0.8782729453644257, 0.878272945338783, 0.8782729453167211, 0.8782729452977396, 0.8782729452814078, 0.8782729452673567, 0.878272945255267, 0.8782729452448657, 0.8782729452359166, 0.8782729452282171, 0.8782729452215923, 0.8782729452158926, 0.8782729452109892, 0.8782729452067697, 0.8782729452031396, 0.8782729452000164, 0.8782729451973295, 0.8782729451950173, 0.8782729451930288, 0.8782729451913173, 0.8782729451898447, 0.8782729451885778, 0.8782729451874876, 0.8782729451865497, 0.878272945185743, 0.8782729451850487, 0.8782729451844519, 0.8782729451839383, 0.8782729451834959, 0.8782729451831154, 0.8782729451827876, 0.8782729451825062, 0.8782729451822643, 0.8782729451820559, 0.8782729451818762, 0.8782729451817218, 0.878272945181589, 0.8782729451814736, 0.8782729451813658, 0.8782729451812284, 0.8782729451808476, 0.8782729451789876, 0.8782729451684371, 0.8782729451071113, 0.878272944749322, 0.8782729426607521, 0.8782729304678852, 0.8782728592862756, 0.8782724437294037, 0.8782700177186028, 0.8782558548251459, 0.8781731761293783, 0.8776906372320012, 0.8748782790951636, 0.858618367537694, 0.7688206975225298, 0.37698937041625374, -0.37698937041627073, -0.7688206975225347, -0.8586183675376949, -0.8748782790951637, -0.877690637232001, -0.878173176129378, -0.8782558548251459, -0.8782700177186027, -0.8782724437294039, -0.8782728592862762, -0.8782729304678859, -0.8782729426607515, -0.8782729447493216, -0.8782729451071108, -0.878272945168437, -0.8782729451789875, -0.8782729451808482, -0.8782729451812288, -0.8782729451813661, -0.8782729451814736, -0.8782729451815893, -0.8782729451817222, -0.8782729451818764, -0.8782729451820561, -0.8782729451822645, -0.8782729451825068, -0.8782729451827879, -0.878272945183115, -0.8782729451834959, -0.8782729451839377, -0.8782729451844516, -0.8782729451850487, -0.8782729451857428, -0.87827294518655, -0.8782729451874877, -0.8782729451885776, -0.8782729451898449, -0.878272945191317, -0.8782729451930285, -0.8782729451950176, -0.8782729451973296, -0.8782729452000166, -0.8782729452031397, -0.8782729452067701, -0.878272945210989, -0.8782729452158926, -0.8782729452215923, -0.8782729452282169, -0.8782729452359166, -0.8782729452448658, -0.8782729452552671, -0.8782729452673563, -0.8782729452814072, -0.8782729452977392, -0.8782729453167211, -0.8782729453387831, -0.8782729453644257, -0.8782729453942296, -0.8782729454288702, -0.8782729454691324, -0.8782729455159282, -0.8782729455703187, -0.8782729456335351, -0.878272945707011, -0.8782729457924103, -0.8782729458916689, -0.8782729460070348, -0.878272946141123, -0.878272946296971, -0.8782729464781108, -0.8782729466886464, -0.8782729469333476, -0.8782729472177601, -0.8782729475483281, -0.8782729479325407, -0.8782729483791046, -0.8782729488981385, -0.8782729495014019, -0.8782729502025647, -0.878272951017514, -0.878272951964715, -0.8782729530656307, -0.8782729543452052, -0.8782729558324333, -0.8782729575610125, -0.8782729595701095, -0.8782729619052485, -0.8782729646193406, -0.878272967773883, -0.878272971440353, -0.8782729757018285, -0.8782729806548694, -0.8782729864117041, -0.8782729931027762, -0.8782730008796967, -0.8782730099186818, -0.878273020424545, -0.8782730326353382, -0.8782730468277453, -0.8782730633233544, -0.8782730824959419, -0.8782731047799459, -0.8782731306803085, -0.8782731607839214, -0.8782731957729243, -0.8782732364401662, -0.8782732837071741, -0.8782733386450393, -0.8782734024986953, -0.8782734767151373, -0.8782735629762246, -0.8782736632368084, -0.8782737797690542, -0.8782739152139628, -0.8782740726412631, -0.8782742556190334, -0.878274468294641, -0.8782747154888428, -0.878275002805181, -0.8782753367571793, -0.8782757249162353, -0.8782761760835927, -0.8782767004903232, -0.8782773100299026, -0.878278018528722, -0.878278842060751, -0.8782797993136185, -0.8782809120145645, -0.8782822054261521, -0.8782837089232843, -0.8782854566650145, -0.8782874883769514, -0.878289850262748, -0.8782925960663773, -0.878295788310671, -0.8782994997420991, -0.8783038150171077, -0.8783088326717362, -0.8783146674238903, -0.878321452866875, -0.8783293446239648, -0.8783385240473627, -0.8783492025614805, -0.8783616267709131, -0.8783760844787336, -0.8783929117922252, -0.8784125015327411, -0.8784353132164091, -0.8784618849362471, -0.8784928475584146, -0.8785289417519877, -0.8785710385113971, -0.8786201640156414, -0.8786775299156145, -0.8787445704749299, -0.8788229884460195, -0.8789148121942998, -0.8790224674666338, -0.8791488684540055, -0.879297534603404, -0.8794727422741159, -0.8796797242622921, -0.8799249361749001, -0.8802164178578293, -0.8805642926991738, -0.8809814713995412, -0.881484666609623, -0.8820958937593634, -0.882844757394168, -0.8837720555467985, -0.884935697061538, -0.8864209040067996, -0.8883589085487458, -0.8909640408104924, -0.8946157910729179, -0.9000722865085957, -0.9091840872323778, -0.928391096281649, -1.0]'
