c = [1.0, 0.9283910962816495, 0.9091840872323791, 0.9000722865085972, 0.8946157910729191, 0.890964040810494, 0.8883589085487469, 0.8864209040068014, 0.8849356970615398, 0.8837720555468006, 0.8828447573941706, 0.8820958937593653, 0.8814846666096255, 0.8809814713995437, 0.880564292699177, 0.8802164178578319, 0.8799249361749026, 0.8796797242622953, 0.8794727422741188, 0.8792975346034074, 0.8791488684540093, 0.8790224674666375, 0.8789148121943038, 0.8788229884460234, 0.8787445704749338, 0.878677529915619, 0.878620164015645, 0.8785710385114008, 0.8785289417519911, 0.8784928475584187, 0.8784618849362509, 0.8784353132164131, 0.8784125015327452, 0.878392911792229, 0.8783760844787378, 0.8783616267709173, 0.8783492025614844, 0.8783385240473669, 0.8783293446239689, 0.8783214528668785, 0.8783146674238944, 0.8783088326717404, 0.8783038150171115, 0.8782994997421029, 0.8782957883106752, 0.8782925960663811, 0.8782898502627515, 0.8782874883769552, 0.8782854566650187, 0.8782837089232884, 0.8782822054261568, 0.8782809120145693, 0.8782797993136231, 0.878278842060755, 0.8782780185287258, 0.8782773100299067, 0.8782767004903275, 0.8782761760835973, 0.8782757249162395, 0.8782753367571834, 0.8782750028051852, 0.8782747154888473, 0.8782744682946453, 0.8782742556190376, 0.8782740726412676, 0.8782739152139672, 0.8782737797690582, 0.8782736632368124, 0.8782735629762283, 0.8782734767151411, 0.878273402498699, 0.8782733386450428, 0.8782732837071778, 0.87827323644017, 0.8782731957729283, 0.8782731607839253, 0.878273130680313, 0.8782731047799499, 0.8782730824959465, 0.8782730633233585, 0.8782730468277495, 0.8782730326353424, 0.8782730204245492, 0.8782730099186858, 0.8782730008797005, 0.8782729931027798, 0.8782729864117079, 0.8782729806548734, 0.8782729757018327, 0.8782729714403574, 0.8782729677738873, 0.8782729646193448, 0.878272961905253, 0.8782729595701135, 0.8782729575610165, 0.8782729558324376, 0.8782729543452095, 0.8782729530656345, 0.878272951964719, 0.8782729510175176, 0.8782729502025681, 0.878272949501406, 0.8782729488981424, 0.8782729483791085, 0.8782729479325443, 0.8782729475483319, 0.8782729472177639, 0.8782729469333518, 0.8782729466886503, 0.8782729464781147, 0.8782729462969752, 0.878272946141127, 0.8782729460070388, 0.8782729458916725, 0.8782729457924141, 0.8782729457070149, 0.8782729456335394, 0.8782729455703228, 0.8782729455159326, 0.8782729454691368, 0.8782729454288741, 0.8782729453942336, 0.87827294536443, 0.8782729453387876, 0.8782729453167253, 0.8782729452977435, 0.878272945281412, 0.8782729452673607, 0.8782729452552712, 0.87827294524487, 0.8782729452359206, 0.8782729452282209, 0.8782729452215966, 0.8782729452158968, 0.8782729452109931, 0.8782729452067737, 0.8782729452031438, 0.8782729452000205, 0.878272945197334, 0.878272945195022, 0.8782729451930328, 0.8782729451913213, 0.8782729451898487, 0.8782729451885818, 0.8782729451874917, 0.8782729451865539, 0.8782729451857475, 0.8782729451850533, 0.878272945184456, 0.878272945183942, 0.8782729451834996, 0.8782729451831192, 0.8782729451827922, 0.8782729451825108, 0.878272945182268, 0.8782729451820596, 0.8782729451818804, 0.8782729451817263, 0.8782729451815944, 0.8782729451814867, 0.8782729451813965, 0.8782729451813067, 0.8782729451811794, 0.8782729451808062, 0.8782729451789519, 0.8782729451684069, 0.8782729451070855, 0.8782729447493001, 0.8782729426607339, 0.878272930467871, 0.8782728592862641, 0.8782724437293946, 0.8782700177185951, 0.8782558548251397, 0.8781731761293734, 0.8776906372319974, 0.874878279095161, 0.8586183675376927, 0.7688206975225291, 0.37698937041625363, -0.3769893704162701, -0.768820697522534, -0.8586183675376934, -0.8748782790951614, -0.8776906372319974, -0.8781731761293732, -0.8782558548251397, -0.8782700177185953, -0.8782724437293942, -0.8782728592862643, -0.878272930467871, -0.8782729426607344, -0.8782729447493005, -0.8782729451070858, -0.8782729451684068, -0.8782729451789518, -0.8782729451808061, -0.8782729451811793, -0.8782729451813079, -0.8782729451814035, -0.8782729451814998, -0.8782729451816029, -0.878272945181728, -0.8782729451818804, -0.8782729451820597, -0.8782729451822685, -0.8782729451825105, -0.8782729451827922, -0.8782729451831194, -0.8782729451834994, -0.8782729451839419, -0.8782729451844558, -0.8782729451850531, -0.8782729451857475, -0.8782729451865541, -0.8782729451874919, -0.8782729451885819, -0.8782729451898488, -0.878272945191321, -0.8782729451930323, -0.8782729451950219, -0.8782729451973337, -0.8782729452000206, -0.878272945203144, -0.878272945206774, -0.8782729452109934, -0.8782729452158972, -0.8782729452215965, -0.878272945228221, -0.8782729452359205, -0.8782729452448701, -0.8782729452552713, -0.8782729452673603, -0.8782729452814118, -0.8782729452977434, -0.878272945316725, -0.8782729453387873, -0.8782729453644296, -0.878272945394234, -0.8782729454288741, -0.8782729454691366, -0.8782729455159324, -0.8782729455703229, -0.8782729456335393, -0.8782729457070152, -0.8782729457924143, -0.8782729458916729, -0.878272946007039, -0.8782729461411266, -0.8782729462969748, -0.8782729464781152, -0.8782729466886501, -0.8782729469333517, -0.8782729472177644, -0.8782729475483319, -0.8782729479325448, -0.878272948379109, -0.8782729488981423, -0.8782729495014061, -0.8782729502025685, -0.878272951017518, -0.8782729519647194, -0.8782729530656347, -0.8782729543452096, -0.8782729558324375, -0.8782729575610166, -0.8782729595701136, -0.8782729619052527, -0.8782729646193449, -0.8782729677738872, -0.8782729714403575, -0.8782729757018332, -0.8782729806548735, -0.8782729864117081, -0.8782729931027803, -0.8782730008797004, -0.8782730099186858, -0.8782730204245489, -0.8782730326353421, -0.8782730468277495, -0.8782730633233584, -0.8782730824959464, -0.8782731047799501, -0.8782731306803125, -0.8782731607839256, -0.8782731957729286, -0.8782732364401705, -0.8782732837071783, -0.8782733386450436, -0.8782734024986995, -0.8782734767151413, -0.8782735629762284, -0.8782736632368124, -0.8782737797690581, -0.878273915213967, -0.8782740726412672, -0.8782742556190373, -0.8782744682946452, -0.878274715488847, -0.8782750028051853, -0.8782753367571834, -0.8782757249162396, -0.878276176083597, -0.8782767004903274, -0.8782773100299069, -0.8782780185287257, -0.8782788420607552, -0.8782797993136232, -0.878280912014569, -0.8782822054261568, -0.8782837089232886, -0.8782854566650183, -0.8782874883769555, -0.8782898502627522, -0.8782925960663812, -0.8782957883106751, -0.8782994997421034, -0.8783038150171115, -0.8783088326717404, -0.8783146674238949, -0.8783214528668787, -0.8783293446239689, -0.878338524047367, -0.8783492025614841, -0.8783616267709172, -0.8783760844787377, -0.878392911792229, -0.878412501532745, -0.8784353132164133, -0.8784618849362509, -0.8784928475584182, -0.8785289417519916, -0.8785710385114007, -0.878620164015645, -0.8786775299156184, -0.8787445704749335, -0.8788229884460227, -0.8789148121943035, -0.879022467466637, -0.8791488684540092, -0.8792975346034074, -0.879472742274119, -0.8796797242622956, -0.8799249361749031, -0.8802164178578324, -0.8805642926991769, -0.8809814713995442, -0.8814846666096257, -0.8820958937593658, -0.882844757394171, -0.8837720555468004, -0.88493569706154, -0.8864209040068014, -0.8883589085487471, -0.8909640408104941, -0.8946157910729187, -0.9000722865085965, -0.9091840872323786, -0.9283910962816495, -1.0]'
