c = [1.0, 0.9283910962816505, 0.9091840872323802, 0.9000722865085982, 0.8946157910729206, 0.8909640408104961, 0.8883589085487495, 0.8864209040068042, 0.8849356970615427, 0.8837720555468034, 0.8828447573941741, 0.8820958937593691, 0.8814846666096291, 0.8809814713995476, 0.880564292699181, 0.8802164178578364, 0.8799249361749072, 0.8796797242623003, 0.8794727422741242, 0.8792975346034124, 0.8791488684540145, 0.879022467466643, 0.8789148121943089, 0.8788229884460286, 0.8787445704749389, 0.8786775299156243, 0.8786201640156505, 0.8785710385114065, 0.8785289417519972, 0.8784928475584242, 0.8784618849362569, 0.8784353132164191, 0.878412501532751, 0.878392911792235, 0.878376084478744, 0.8783616267709238, 0.8783492025614903, 0.8783385240473724, 0.8783293446239747, 0.878321452866885, 0.8783146674239005, 0.8783088326717463, 0.8783038150171179, 0.8782994997421091, 0.878295788310681, 0.8782925960663873, 0.8782898502627583, 0.8782874883769617, 0.8782854566650248, 0.8782837089232949, 0.8782822054261629, 0.878280912014575, 0.8782797993136291, 0.8782788420607616, 0.8782780185287323, 0.8782773100299135, 0.8782767004903338, 0.8782761760836034, 0.8782757249162455, 0.8782753367571897, 0.8782750028051916, 0.8782747154888537, 0.8782744682946515, 0.8782742556190436, 0.8782740726412734, 0.8782739152139735, 0.878273779769064, 0.8782736632368182, 0.8782735629762347, 0.8782734767151472, 0.8782734024987051, 0.8782733386450493, 0.8782732837071845, 0.8782732364401766, 0.8782731957729348, 0.8782731607839315, 0.878273130680319, 0.8782731047799562, 0.8782730824959525, 0.8782730633233652, 0.8782730468277561, 0.8782730326353484, 0.8782730204245552, 0.8782730099186918, 0.8782730008797066, 0.8782729931027862, 0.878272986411714, 0.8782729806548796, 0.8782729757018393, 0.8782729714403634, 0.8782729677738932, 0.8782729646193508, 0.8782729619052594, 0.8782729595701202, 0.8782729575610225, 0.8782729558324434, 0.8782729543452159, 0.8782729530656409, 0.8782729519647252, 0.8782729510175242, 0.878272950202575, 0.8782729495014119, 0.8782729488981482, 0.8782729483791152, 0.878272947932551, 0.8782729475483384, 0.8782729472177708, 0.8782729469333583, 0.8782729466886567, 0.8782729464781212, 0.8782729462969813, 0.8782729461411332, 0.8782729460070448, 0.8782729458916788, 0.8782729457924208, 0.8782729457070213, 0.8782729456335456, 0.878272945570329, 0.8782729455159384, 0.8782729454691424, 0.8782729454288806, 0.8782729453942404, 0.8782729453644362, 0.8782729453387936, 0.8782729453167313, 0.8782729452977495, 0.878272945281418, 0.8782729452673669, 0.8782729452552773, 0.8782729452448759, 0.8782729452359271, 0.8782729452282272, 0.8782729452216025, 0.8782729452159029, 0.8782729452109992, 0.8782729452067799, 0.8782729452031506, 0.8782729452000272, 0.8782729451973402, 0.8782729451950281, 0.8782729451930388, 0.8782729451913275, 0.8782729451898548, 0.8782729451885879, 0.8782729451874985, 0.8782729451865607, 0.8782729451857537, 0.8782729451850594, 0.878272945184462, 0.878272945183948, 0.8782729451835063, 0.8782729451831259, 0.8782729451827981, 0.8782729451825165, 0.8782729451822744, 0.8782729451820662, 0.8782729451818864, 0.8782729451817323, 0.8782729451815997, 0.8782729451814862, 0.8782729451813887, 0.8782729451813035, 0.8782729451812222, 0.8782729451811069, 0.8782729451807444, 0.8782729451788994, 0.8782729451683625, 0.8782729451070488, 0.8782729447492696, 0.8782729426607089, 0.87827293046785, 0.878272859286247, 0.8782724437293804, 0.8782700177185837, 0.8782558548251309, 0.8781731761293669, 0.8776906372319923, 0.8748782790951575, 0.85861836753769, 0.7688206975225272, 0.3769893704162527, -0.37698937041626956, -0.7688206975225322, -0.858618367537691, -0.8748782790951579, -0.8776906372319927, -0.8781731761293664, -0.8782558548251308, -0.8782700177185836, -0.8782724437293805, -0.8782728592862469, -0.8782729304678498, -0.8782729426607083, -0.8782729447492695, -0.8782729451070488, -0.8782729451683629, -0.8782729451788998, -0.8782729451807442, -0.8782729451811067, -0.8782729451812225, -0.8782729451813043, -0.8782729451813893, -0.878272945181487, -0.8782729451816009, -0.8782729451817328, -0.8782729451818871, -0.878272945182066, -0.8782729451822743, -0.8782729451825168, -0.8782729451827983, -0.8782729451831255, -0.8782729451835063, -0.878272945183948, -0.8782729451844619, -0.8782729451850593, -0.8782729451857534, -0.8782729451865602, -0.8782729451874978, -0.8782729451885881, -0.878272945189855, -0.8782729451913275, -0.8782729451930388, -0.8782729451950279, -0.87827294519734, -0.8782729452000272, -0.8782729452031502, -0.8782729452067802, -0.8782729452109991, -0.8782729452159033, -0.8782729452216029, -0.8782729452282271, -0.8782729452359268, -0.8782729452448759, -0.8782729452552772, -0.8782729452673667, -0.8782729452814177, -0.8782729452977496, -0.8782729453167312, -0.8782729453387936, -0.878272945364436, -0.8782729453942403, -0.8782729454288805, -0.8782729454691428, -0.8782729455159387, -0.878272945570329, -0.8782729456335457, -0.8782729457070211, -0.8782729457924205, -0.8782729458916793, -0.8782729460070449, -0.8782729461411329, -0.8782729462969813, -0.8782729464781208, -0.8782729466886563, -0.878272946933358, -0.8782729472177703, -0.8782729475483383, -0.8782729479325508, -0.8782729483791151, -0.8782729488981487, -0.878272949501412, -0.8782729502025746, -0.8782729510175241, -0.8782729519647255, -0.8782729530656409, -0.8782729543452158, -0.8782729558324437, -0.8782729575610229, -0.8782729595701203, -0.8782729619052593, -0.878272964619351, -0.8782729677738933, -0.8782729714403636, -0.8782729757018389, -0.8782729806548796, -0.8782729864117141, -0.8782729931027862, -0.8782730008797067, -0.8782730099186921, -0.8782730204245555, -0.8782730326353486, -0.8782730468277561, -0.8782730633233651, -0.8782730824959529, -0.8782731047799565, -0.8782731306803192, -0.878273160783932, -0.8782731957729347, -0.8782732364401764, -0.8782732837071842, -0.8782733386450498, -0.8782734024987056, -0.8782734767151474, -0.8782735629762347, -0.8782736632368184, -0.8782737797690644, -0.8782739152139732, -0.8782740726412736, -0.8782742556190434, -0.8782744682946516, -0.8782747154888534, -0.8782750028051913, -0.8782753367571893, -0.8782757249162452, -0.8782761760836033, -0.8782767004903338, -0.8782773100299132, -0.8782780185287323, -0.8782788420607616, -0.8782797993136294, -0.8782809120145751, -0.8782822054261629, -0.8782837089232943, -0.8782854566650244, -0.8782874883769618, -0.878289850262758, -0.8782925960663873, -0.8782957883106816, -0.878299499742109, -0.8783038150171175, -0.8783088326717466, -0.8783146674239005, -0.8783214528668847, -0.878329344623975, -0.8783385240473729, -0.8783492025614903, -0.8783616267709237, -0.8783760844787438, -0.8783929117922349, -0.8784125015327513, -0.8784353132164194, -0.8784618849362568, -0.8784928475584243, -0.8785289417519972, -0.8785710385114064, -0.8786201640156508, -0.8786775299156239, -0.8787445704749393, -0.8788229884460284, -0.8789148121943087, -0.8790224674666424, -0.8791488684540143, -0.8792975346034128, -0.879472742274124, -0.8796797242623007, -0.879924936174908, -0.880216417857837, -0.8805642926991819, -0.8809814713995482, -0.8814846666096297, -0.8820958937593694, -0.8828447573941739, -0.8837720555468037, -0.8849356970615426, -0.8864209040068037, -0.8883589085487491, -0.8909640408104961, -0.8946157910729207, -0.9000722865085982, -0.9091840872323799, -0.9283910962816502, -1.0]'
