c = [1.0, 0.9283910962816507, 0.9091840872323806, 0.9000722865085994, 0.8946157910729222, 0.8909640408104975, 0.8883589085487512, 0.8864209040068055, 0.8849356970615446, 0.8837720555468058, 0.8828447573941762, 0.8820958937593716, 0.8814846666096318, 0.8809814713995507, 0.8805642926991841, 0.8802164178578402, 0.8799249361749113, 0.8796797242623037, 0.8794727422741278, 0.8792975346034164, 0.8791488684540182, 0.8790224674666468, 0.8789148121943127, 0.8788229884460326, 0.8787445704749429, 0.8786775299156283, 0.8786201640156547, 0.8785710385114103, 0.8785289417520017, 0.8784928475584286, 0.878461884936261, 0.8784353132164235, 0.8784125015327556, 0.8783929117922396, 0.878376084478748, 0.8783616267709276, 0.8783492025614943, 0.8783385240473774, 0.8783293446239794, 0.878321452866889, 0.8783146674239052, 0.8783088326717511, 0.8783038150171221, 0.878299499742114, 0.8782957883106861, 0.8782925960663921, 0.8782898502627629, 0.8782874883769664, 0.8782854566650293, 0.8782837089232989, 0.8782822054261671, 0.8782809120145797, 0.8782797993136339, 0.8782788420607665, 0.8782780185287368, 0.8782773100299179, 0.8782767004903381, 0.878276176083608, 0.8782757249162503, 0.8782753367571945, 0.8782750028051963, 0.8782747154888583, 0.8782744682946562, 0.8782742556190481, 0.8782740726412778, 0.8782739152139776, 0.8782737797690686, 0.8782736632368227, 0.8782735629762389, 0.8782734767151519, 0.8782734024987101, 0.878273338645054, 0.878273283707189, 0.878273236440181, 0.878273195772939, 0.8782731607839359, 0.8782731306803234, 0.8782731047799612, 0.8782730824959571, 0.8782730633233693, 0.8782730468277603, 0.8782730326353527, 0.8782730204245596, 0.8782730099186966, 0.8782730008797109, 0.8782729931027907, 0.8782729864117189, 0.8782729806548838, 0.8782729757018435, 0.8782729714403678, 0.8782729677738981, 0.8782729646193557, 0.8782729619052635, 0.8782729595701243, 0.8782729575610274, 0.8782729558324481, 0.8782729543452202, 0.8782729530656457, 0.8782729519647301, 0.8782729510175284, 0.8782729502025792, 0.8782729495014168, 0.878272948898153, 0.8782729483791197, 0.8782729479325558, 0.8782729475483427, 0.8782729472177753, 0.8782729469333627, 0.8782729466886607, 0.8782729464781254, 0.8782729462969855, 0.8782729461411375, 0.8782729460070495, 0.8782729458916835, 0.8782729457924251, 0.8782729457070257, 0.8782729456335496, 0.8782729455703329, 0.878272945515943, 0.8782729454691472, 0.8782729454288851, 0.8782729453942446, 0.8782729453644406, 0.8782729453387979, 0.8782729453167358, 0.8782729452977539, 0.8782729452814223, 0.8782729452673711, 0.8782729452552821, 0.8782729452448803, 0.8782729452359312, 0.8782729452282315, 0.8782729452216071, 0.8782729452159075, 0.8782729452110042, 0.8782729452067851, 0.8782729452031549, 0.8782729452000316, 0.8782729451973443, 0.8782729451950323, 0.8782729451930431, 0.8782729451913317, 0.8782729451898598, 0.878272945188593, 0.8782729451875029, 0.8782729451865648, 0.8782729451857578, 0.8782729451850635, 0.8782729451844667, 0.8782729451839528, 0.8782729451835104, 0.8782729451831299, 0.8782729451828029, 0.8782729451825216, 0.8782729451822788, 0.8782729451820704, 0.8782729451818913, 0.8782729451817372, 0.8782729451816046, 0.8782729451814903, 0.8782729451813921, 0.878272945181307, 0.8782729451812323, 0.8782729451811606, 0.8782729451810539, 0.8782729451807001, 0.8782729451788623, 0.8782729451683315, 0.8782729451070224, 0.8782729447492473, 0.8782729426606899, 0.8782729304678343, 0.8782728592862342, 0.8782724437293703, 0.8782700177185754, 0.8782558548251241, 0.8781731761293614, 0.8776906372319886, 0.8748782790951551, 0.8586183675376885, 0.7688206975225258, 0.3769893704162493, -0.37698937041627206, -0.7688206975225325, -0.8586183675376897, -0.8748782790951555, -0.877690637231989, -0.8781731761293623, -0.8782558548251248, -0.8782700177185758, -0.8782724437293702, -0.8782728592862344, -0.8782729304678346, -0.8782729426606902, -0.8782729447492474, -0.878272945107022, -0.8782729451683315, -0.8782729451788626, -0.8782729451807003, -0.8782729451810541, -0.8782729451811606, -0.8782729451812328, -0.8782729451813068, -0.8782729451813917, -0.8782729451814898, -0.8782729451816038, -0.8782729451817369, -0.8782729451818911, -0.8782729451820704, -0.8782729451822793, -0.8782729451825212, -0.8782729451828027, -0.8782729451831301, -0.8782729451835105, -0.8782729451839527, -0.8782729451844664, -0.878272945185064, -0.878272945185758, -0.8782729451865647, -0.8782729451875027, -0.8782729451885926, -0.8782729451898595, -0.878272945191332, -0.8782729451930433, -0.8782729451950323, -0.8782729451973442, -0.8782729452000319, -0.8782729452031548, -0.8782729452067847, -0.8782729452110036, -0.8782729452159075, -0.8782729452216071, -0.8782729452282317, -0.878272945235931, -0.8782729452448806, -0.8782729452552817, -0.8782729452673712, -0.8782729452814224, -0.8782729452977542, -0.8782729453167356, -0.878272945338798, -0.8782729453644404, -0.8782729453942446, -0.8782729454288853, -0.878272945469147, -0.8782729455159429, -0.8782729455703334, -0.8782729456335501, -0.8782729457070256, -0.8782729457924252, -0.8782729458916834, -0.8782729460070496, -0.8782729461411379, -0.8782729462969858, -0.8782729464781257, -0.8782729466886606, -0.8782729469333627, -0.8782729472177752, -0.8782729475483424, -0.8782729479325552, -0.8782729483791194, -0.8782729488981529, -0.8782729495014164, -0.878272950202579, -0.8782729510175286, -0.87827295196473, -0.8782729530656458, -0.8782729543452207, -0.8782729558324481, -0.8782729575610272, -0.8782729595701245, -0.8782729619052634, -0.8782729646193554, -0.8782729677738975, -0.878272971440368, -0.8782729757018436, -0.878272980654884, -0.878272986411719, -0.878272993102791, -0.8782730008797115, -0.878273009918697, -0.8782730204245603, -0.8782730326353533, -0.8782730468277606, -0.8782730633233701, -0.8782730824959575, -0.8782731047799608, -0.8782731306803235, -0.8782731607839366, -0.878273195772939, -0.878273236440181, -0.8782732837071888, -0.8782733386450541, -0.87827340249871, -0.8782734767151519, -0.878273562976239, -0.8782736632368228, -0.8782737797690688, -0.8782739152139779, -0.8782740726412779, -0.8782742556190477, -0.8782744682946555, -0.8782747154888579, -0.878275002805196, -0.878275336757194, -0.8782757249162503, -0.8782761760836078, -0.878276700490338, -0.8782773100299176, -0.8782780185287368, -0.8782788420607659, -0.8782797993136338, -0.8782809120145798, -0.8782822054261672, -0.878283708923299, -0.8782854566650294, -0.8782874883769657, -0.8782898502627622, -0.878292596066392, -0.8782957883106857, -0.8782994997421135, -0.8783038150171222, -0.878308832671751, -0.8783146674239052, -0.8783214528668895, -0.8783293446239795, -0.878338524047377, -0.8783492025614948, -0.878361626770928, -0.878376084478748, -0.878392911792239, -0.8784125015327552, -0.8784353132164235, -0.8784618849362612, -0.8784928475584285, -0.8785289417520016, -0.8785710385114105, -0.8786201640156546, -0.878677529915628, -0.8787445704749433, -0.8788229884460325, -0.8789148121943127, -0.8790224674666468, -0.8791488684540182, -0.8792975346034162, -0.879472742274128, -0.8796797242623038, -0.879924936174911, -0.8802164178578398, -0.8805642926991841, -0.8809814713995509, -0.8814846666096319, -0.8820958937593719, -0.8828447573941764, -0.883772055546806, -0.884935697061545, -0.8864209040068057, -0.8883589085487512, -0.8909640408104975, -0.8946157910729219, -0.900072286508599, -0.9091840872323806, -0.9283910962816507, -1.0]'
