c = [1.0, 0.9283910962816508, 0.9091840872323812, 0.9000722865085999, 0.8946157910729228, 0.8909640408104981, 0.8883589085487519, 0.8864209040068064, 0.8849356970615454, 0.8837720555468067, 0.8828447573941772, 0.8820958937593727, 0.8814846666096329, 0.8809814713995523, 0.8805642926991858, 0.8802164178578413, 0.8799249361749126, 0.8796797242623053, 0.8794727422741292, 0.879297534603418, 0.8791488684540195, 0.8790224674666482, 0.8789148121943141, 0.8788229884460341, 0.8787445704749447, 0.8786775299156296, 0.8786201640156565, 0.878571038511412, 0.878528941752003, 0.8784928475584302, 0.8784618849362629, 0.8784353132164253, 0.8784125015327572, 0.878392911792241, 0.8783760844787498, 0.8783616267709295, 0.8783492025614964, 0.8783385240473788, 0.8783293446239813, 0.8783214528668909, 0.8783146674239066, 0.878308832671753, 0.8783038150171242, 0.8782994997421157, 0.8782957883106879, 0.878292596066394, 0.8782898502627645, 0.8782874883769677, 0.8782854566650309, 0.8782837089233007, 0.878282205426169, 0.8782809120145817, 0.8782797993136355, 0.878278842060768, 0.8782780185287384, 0.8782773100299197, 0.87827670049034, 0.8782761760836097, 0.8782757249162522, 0.8782753367571962, 0.8782750028051981, 0.8782747154888602, 0.8782744682946577, 0.8782742556190498, 0.8782740726412798, 0.8782739152139796, 0.8782737797690705, 0.8782736632368247, 0.8782735629762409, 0.8782734767151539, 0.8782734024987122, 0.8782733386450557, 0.8782732837071907, 0.8782732364401827, 0.8782731957729408, 0.8782731607839381, 0.8782731306803254, 0.8782731047799629, 0.8782730824959589, 0.8782730633233712, 0.878273046827762, 0.8782730326353548, 0.8782730204245615, 0.8782730099186985, 0.8782730008797133, 0.8782729931027926, 0.8782729864117206, 0.8782729806548855, 0.8782729757018454, 0.8782729714403698, 0.8782729677738994, 0.878272964619357, 0.8782729619052654, 0.8782729595701261, 0.8782729575610287, 0.87827295583245, 0.8782729543452223, 0.8782729530656471, 0.8782729519647314, 0.8782729510175304, 0.878272950202581, 0.8782729495014185, 0.878272948898155, 0.8782729483791215, 0.8782729479325576, 0.8782729475483446, 0.8782729472177768, 0.8782729469333644, 0.8782729466886624, 0.8782729464781271, 0.8782729462969876, 0.8782729461411394, 0.8782729460070513, 0.8782729458916853, 0.8782729457924268, 0.8782729457070272, 0.8782729456335516, 0.878272945570335, 0.8782729455159449, 0.8782729454691491, 0.8782729454288868, 0.8782729453942464, 0.8782729453644424, 0.8782729453387997, 0.8782729453167375, 0.8782729452977556, 0.8782729452814242, 0.8782729452673729, 0.8782729452552837, 0.8782729452448821, 0.8782729452359331, 0.8782729452282334, 0.8782729452216091, 0.8782729452159095, 0.8782729452110059, 0.8782729452067867, 0.8782729452031564, 0.8782729452000333, 0.8782729451973461, 0.8782729451950341, 0.8782729451930453, 0.8782729451913339, 0.8782729451898615, 0.8782729451885947, 0.8782729451875044, 0.8782729451865666, 0.8782729451857599, 0.8782729451850657, 0.8782729451844682, 0.8782729451839543, 0.8782729451835122, 0.8782729451831319, 0.8782729451828044, 0.878272945182523, 0.8782729451822807, 0.8782729451820724, 0.8782729451818932, 0.878272945181739, 0.8782729451816064, 0.8782729451814921, 0.8782729451813936, 0.8782729451813086, 0.8782729451812425, 0.8782729451811964, 0.8782729451811365, 0.8782729451810337, 0.8782729451806828, 0.8782729451788474, 0.8782729451683187, 0.8782729451070116, 0.8782729447492386, 0.8782729426606828, 0.8782729304678282, 0.8782728592862291, 0.8782724437293661, 0.878270017718572, 0.8782558548251218, 0.8781731761293596, 0.8776906372319874, 0.8748782790951545, 0.858618367537688, 0.7688206975225255, 0.37698937041624925, -0.3769893704162723, -0.7688206975225321, -0.8586183675376894, -0.8748782790951546, -0.8776906372319877, -0.87817317612936, -0.8782558548251223, -0.8782700177185725, -0.8782724437293662, -0.8782728592862294, -0.8782729304678285, -0.878272942660683, -0.8782729447492387, -0.8782729451070118, -0.8782729451683186, -0.8782729451788472, -0.8782729451806827, -0.8782729451810334, -0.8782729451811364, -0.8782729451812038, -0.8782729451812644, -0.8782729451813175, -0.8782729451813934, -0.8782729451814916, -0.878272945181606, -0.8782729451817387, -0.878272945181893, -0.8782729451820724, -0.8782729451822808, -0.8782729451825231, -0.8782729451828045, -0.8782729451831321, -0.8782729451835123, -0.8782729451839545, -0.8782729451844685, -0.8782729451850656, -0.8782729451857599, -0.8782729451865665, -0.8782729451875042, -0.8782729451885943, -0.878272945189861, -0.8782729451913339, -0.8782729451930452, -0.8782729451950341, -0.878272945197346, -0.8782729452000334, -0.8782729452031564, -0.8782729452067866, -0.8782729452110052, -0.8782729452159094, -0.8782729452216088, -0.8782729452282336, -0.8782729452359329, -0.8782729452448825, -0.8782729452552837, -0.8782729452673731, -0.8782729452814242, -0.878272945297756, -0.8782729453167378, -0.8782729453387997, -0.8782729453644423, -0.8782729453942466, -0.878272945428887, -0.8782729454691489, -0.8782729455159451, -0.8782729455703352, -0.878272945633552, -0.8782729457070275, -0.878272945792427, -0.8782729458916854, -0.8782729460070513, -0.8782729461411396, -0.8782729462969877, -0.8782729464781273, -0.8782729466886623, -0.8782729469333643, -0.8782729472177768, -0.8782729475483442, -0.8782729479325572, -0.8782729483791212, -0.8782729488981549, -0.8782729495014185, -0.8782729502025812, -0.8782729510175303, -0.8782729519647318, -0.8782729530656475, -0.8782729543452222, -0.87827295583245, -0.8782729575610287, -0.8782729595701264, -0.8782729619052653, -0.8782729646193572, -0.8782729677738994, -0.8782729714403696, -0.8782729757018453, -0.8782729806548859, -0.8782729864117208, -0.8782729931027926, -0.8782730008797134, -0.8782730099186987, -0.8782730204245619, -0.8782730326353547, -0.8782730468277622, -0.8782730633233717, -0.8782730824959591, -0.8782731047799626, -0.8782731306803251, -0.8782731607839381, -0.8782731957729409, -0.8782732364401827, -0.8782732837071906, -0.8782733386450559, -0.878273402498712, -0.8782734767151538, -0.8782735629762408, -0.8782736632368245, -0.8782737797690704, -0.8782739152139797, -0.8782740726412799, -0.8782742556190496, -0.8782744682946577, -0.8782747154888598, -0.8782750028051978, -0.8782753367571959, -0.878275724916252, -0.8782761760836094, -0.8782767004903398, -0.8782773100299197, -0.8782780185287383, -0.8782788420607679, -0.8782797993136359, -0.8782809120145814, -0.8782822054261689, -0.8782837089233009, -0.8782854566650309, -0.8782874883769676, -0.8782898502627642, -0.8782925960663934, -0.8782957883106876, -0.8782994997421155, -0.8783038150171238, -0.8783088326717526, -0.8783146674239071, -0.878321452866891, -0.8783293446239812, -0.8783385240473788, -0.8783492025614964, -0.8783616267709294, -0.8783760844787498, -0.8783929117922407, -0.878412501532757, -0.8784353132164252, -0.8784618849362625, -0.87849284755843, -0.8785289417520031, -0.8785710385114122, -0.8786201640156562, -0.8786775299156298, -0.8787445704749449, -0.878822988446034, -0.8789148121943146, -0.8790224674666481, -0.8791488684540198, -0.8792975346034176, -0.879472742274129, -0.8796797242623055, -0.8799249361749123, -0.880216417857841, -0.8805642926991856, -0.8809814713995522, -0.8814846666096333, -0.8820958937593728, -0.8828447573941776, -0.8837720555468069, -0.8849356970615457, -0.8864209040068065, -0.888358908548752, -0.8909640408104982, -0.8946157910729226, -0.9000722865085996, -0.9091840872323811, -0.9283910962816511, -1.0]'
