c = [1.0, 0.9283910962816516, 0.9091840872323822, 0.9000722865086008, 0.8946157910729242, 0.8909640408104998, 0.8883589085487537, 0.8864209040068085, 0.8849356970615477, 0.8837720555468095, 0.8828447573941801, 0.8820958937593764, 0.8814846666096368, 0.8809814713995554, 0.8805642926991892, 0.8802164178578451, 0.8799249361749163, 0.8796797242623094, 0.879472742274133, 0.879297534603422, 0.8791488684540236, 0.8790224674666526, 0.8789148121943188, 0.8788229884460382, 0.8787445704749496, 0.8786775299156344, 0.8786201640156612, 0.878571038511417, 0.8785289417520082, 0.8784928475584354, 0.8784618849362676, 0.87843531321643, 0.8784125015327618, 0.8783929117922464, 0.8783760844787549, 0.8783616267709344, 0.8783492025615015, 0.878338524047384, 0.878329344623986, 0.8783214528668962, 0.8783146674239122, 0.8783088326717581, 0.8783038150171294, 0.878299499742121, 0.8782957883106928, 0.8782925960663985, 0.8782898502627694, 0.8782874883769729, 0.8782854566650363, 0.8782837089233065, 0.8782822054261744, 0.878280912014587, 0.878279799313641, 0.8782788420607733, 0.8782780185287439, 0.8782773100299253, 0.8782767004903456, 0.8782761760836152, 0.8782757249162573, 0.8782753367572014, 0.8782750028052029, 0.8782747154888647, 0.8782744682946627, 0.8782742556190546, 0.8782740726412849, 0.8782739152139847, 0.8782737797690757, 0.8782736632368299, 0.8782735629762466, 0.8782734767151589, 0.8782734024987171, 0.878273338645061, 0.8782732837071959, 0.8782732364401884, 0.8782731957729464, 0.8782731607839434, 0.8782731306803305, 0.8782731047799678, 0.8782730824959641, 0.8782730633233765, 0.8782730468277674, 0.87827303263536, 0.8782730204245672, 0.8782730099187037, 0.8782730008797185, 0.8782729931027976, 0.8782729864117261, 0.8782729806548911, 0.8782729757018505, 0.8782729714403748, 0.8782729677739048, 0.8782729646193626, 0.8782729619052704, 0.8782729595701317, 0.8782729575610344, 0.878272955832455, 0.8782729543452272, 0.8782729530656526, 0.8782729519647369, 0.8782729510175359, 0.8782729502025866, 0.8782729495014238, 0.8782729488981602, 0.8782729483791265, 0.8782729479325625, 0.8782729475483496, 0.8782729472177817, 0.8782729469333694, 0.8782729466886682, 0.8782729464781325, 0.8782729462969929, 0.8782729461411448, 0.8782729460070564, 0.8782729458916901, 0.8782729457924322, 0.8782729457070331, 0.8782729456335573, 0.8782729455703406, 0.8782729455159503, 0.8782729454691541, 0.8782729454288922, 0.8782729453942518, 0.8782729453644477, 0.8782729453388051, 0.8782729453167429, 0.8782729452977609, 0.8782729452814293, 0.8782729452673779, 0.8782729452552888, 0.8782729452448872, 0.8782729452359387, 0.8782729452282392, 0.8782729452216144, 0.8782729452159147, 0.8782729452110106, 0.8782729452067917, 0.8782729452031615, 0.8782729452000382, 0.8782729451973519, 0.8782729451950397, 0.8782729451930505, 0.878272945191339, 0.8782729451898663, 0.8782729451885994, 0.8782729451875098, 0.8782729451865721, 0.8782729451857648, 0.8782729451850707, 0.8782729451844735, 0.8782729451839599, 0.8782729451835173, 0.878272945183137, 0.8782729451828098, 0.8782729451825283, 0.8782729451822864, 0.8782729451820781, 0.8782729451818988, 0.8782729451817444, 0.8782729451816111, 0.8782729451814967, 0.8782729451813984, 0.8782729451813143, 0.8782729451812415, 0.878272945181179, 0.8782729451811236, 0.878272945181068, 0.8782729451809753, 0.8782729451806329, 0.8782729451788054, 0.8782729451682835, 0.8782729451069817, 0.8782729447492132, 0.8782729426606616, 0.878272930467811, 0.8782728592862153, 0.8782724437293545, 0.8782700177185634, 0.878255854825115, 0.8781731761293544, 0.8776906372319835, 0.8748782790951516, 0.8586183675376862, 0.7688206975225248, 0.3769893704162496, -0.3769893704162704, -0.7688206975225309, -0.8586183675376875, -0.8748782790951519, -0.8776906372319838, -0.8781731761293547, -0.878255854825115, -0.8782700177185632, -0.878272443729355, -0.8782728592862156, -0.8782729304678116, -0.8782729426606618, -0.8782729447492134, -0.878272945106982, -0.8782729451682832, -0.8782729451788055, -0.8782729451806329, -0.878272945180975, -0.8782729451810681, -0.8782729451811234, -0.8782729451811787, -0.8782729451812419, -0.8782729451813143, -0.8782729451813988, -0.8782729451814971, -0.8782729451816111, -0.8782729451817439, -0.878272945181898, -0.8782729451820779, -0.878272945182286, -0.8782729451825283, -0.8782729451828101, -0.8782729451831373, -0.8782729451835177, -0.87827294518396, -0.8782729451844736, -0.8782729451850708, -0.8782729451857648, -0.8782729451865723, -0.8782729451875099, -0.8782729451885997, -0.8782729451898664, -0.8782729451913388, -0.8782729451930501, -0.8782729451950394, -0.8782729451973511, -0.8782729452000385, -0.8782729452031616, -0.8782729452067918, -0.8782729452110107, -0.8782729452159149, -0.8782729452216144, -0.878272945228239, -0.8782729452359385, -0.8782729452448876, -0.8782729452552892, -0.8782729452673782, -0.8782729452814292, -0.8782729452977612, -0.8782729453167428, -0.8782729453388051, -0.8782729453644478, -0.8782729453942517, -0.8782729454288922, -0.8782729454691546, -0.8782729455159503, -0.8782729455703406, -0.8782729456335568, -0.8782729457070328, -0.8782729457924325, -0.8782729458916904, -0.8782729460070565, -0.8782729461411445, -0.8782729462969929, -0.8782729464781323, -0.8782729466886678, -0.8782729469333698, -0.8782729472177823, -0.8782729475483501, -0.8782729479325629, -0.8782729483791266, -0.8782729488981602, -0.8782729495014238, -0.8782729502025862, -0.8782729510175357, -0.8782729519647368, -0.8782729530656526, -0.8782729543452272, -0.8782729558324551, -0.8782729575610343, -0.8782729595701317, -0.8782729619052706, -0.8782729646193628, -0.878272967773905, -0.8782729714403753, -0.8782729757018506, -0.8782729806548912, -0.8782729864117259, -0.8782729931027974, -0.8782730008797179, -0.8782730099187036, -0.8782730204245667, -0.8782730326353595, -0.8782730468277671, -0.8782730633233763, -0.8782730824959641, -0.8782731047799678, -0.8782731306803304, -0.8782731607839432, -0.8782731957729464, -0.8782732364401882, -0.8782732837071958, -0.8782733386450607, -0.8782734024987167, -0.8782734767151591, -0.8782735629762464, -0.8782736632368301, -0.8782737797690761, -0.878273915213985, -0.878274072641285, -0.8782742556190549, -0.878274468294663, -0.8782747154888647, -0.8782750028052028, -0.8782753367572014, -0.8782757249162573, -0.8782761760836149, -0.8782767004903456, -0.8782773100299245, -0.8782780185287435, -0.8782788420607731, -0.8782797993136406, -0.8782809120145866, -0.8782822054261743, -0.878283708923306, -0.8782854566650362, -0.878287488376973, -0.8782898502627696, -0.8782925960663986, -0.8782957883106929, -0.8782994997421211, -0.8783038150171291, -0.8783088326717577, -0.878314667423912, -0.8783214528668961, -0.8783293446239865, -0.8783385240473837, -0.8783492025615015, -0.8783616267709347, -0.8783760844787547, -0.8783929117922459, -0.8784125015327621, -0.8784353132164302, -0.8784618849362674, -0.8784928475584354, -0.8785289417520082, -0.8785710385114169, -0.8786201640156616, -0.8786775299156345, -0.8787445704749495, -0.8788229884460383, -0.8789148121943187, -0.8790224674666525, -0.8791488684540236, -0.8792975346034215, -0.879472742274133, -0.8796797242623093, -0.8799249361749162, -0.8802164178578448, -0.8805642926991893, -0.8809814713995556, -0.8814846666096366, -0.8820958937593759, -0.8828447573941803, -0.8837720555468097, -0.8849356970615483, -0.8864209040068088, -0.8883589085487538, -0.8909640408104996, -0.8946157910729239, -0.9000722865086012, -0.909184087232382, -0.9283910962816516, -1.0]'
