c = [1.0, 0.9283910962816516, 0.9091840872323828, 0.9000722865086016, 0.8946157910729245, 0.8909640408105004, 0.8883589085487544, 0.88642090400681, 0.8849356970615491, 0.883772055546811, 0.8828447573941819, 0.8820958937593776, 0.8814846666096382, 0.8809814713995574, 0.8805642926991911, 0.880216417857847, 0.8799249361749178, 0.8796797242623113, 0.879472742274135, 0.8792975346034239, 0.8791488684540257, 0.8790224674666544, 0.878914812194321, 0.8788229884460407, 0.8787445704749515, 0.8786775299156367, 0.8786201640156638, 0.8785710385114195, 0.8785289417520105, 0.8784928475584373, 0.8784618849362699, 0.8784353132164326, 0.8784125015327644, 0.8783929117922481, 0.8783760844787574, 0.8783616267709369, 0.8783492025615034, 0.8783385240473865, 0.8783293446239889, 0.8783214528668988, 0.8783146674239144, 0.8783088326717604, 0.8783038150171315, 0.8782994997421228, 0.878295788310695, 0.8782925960664011, 0.8782898502627721, 0.8782874883769757, 0.8782854566650385, 0.8782837089233083, 0.8782822054261765, 0.8782809120145892, 0.8782797993136433, 0.8782788420607757, 0.8782780185287464, 0.8782773100299273, 0.8782767004903478, 0.8782761760836174, 0.8782757249162593, 0.8782753367572034, 0.8782750028052054, 0.8782747154888669, 0.8782744682946652, 0.8782742556190571, 0.8782740726412874, 0.8782739152139873, 0.8782737797690786, 0.8782736632368323, 0.8782735629762487, 0.8782734767151613, 0.8782734024987192, 0.8782733386450637, 0.8782732837071985, 0.8782732364401904, 0.8782731957729485, 0.8782731607839456, 0.8782731306803329, 0.8782731047799706, 0.8782730824959665, 0.8782730633233791, 0.8782730468277704, 0.8782730326353625, 0.8782730204245695, 0.8782730099187062, 0.8782730008797212, 0.8782729931028004, 0.878272986411728, 0.8782729806548932, 0.8782729757018534, 0.8782729714403775, 0.878272967773907, 0.8782729646193653, 0.8782729619052734, 0.878272959570134, 0.8782729575610364, 0.8782729558324579, 0.87827295434523, 0.8782729530656554, 0.8782729519647398, 0.8782729510175384, 0.8782729502025893, 0.8782729495014265, 0.8782729488981629, 0.8782729483791292, 0.8782729479325649, 0.8782729475483521, 0.8782729472177846, 0.8782729469333722, 0.8782729466886704, 0.8782729464781351, 0.878272946296995, 0.8782729461411468, 0.8782729460070591, 0.8782729458916931, 0.8782729457924348, 0.8782729457070354, 0.8782729456335596, 0.8782729455703429, 0.8782729455159527, 0.8782729454691569, 0.8782729454288947, 0.8782729453942542, 0.8782729453644503, 0.8782729453388075, 0.8782729453167452, 0.8782729452977632, 0.8782729452814318, 0.8782729452673805, 0.8782729452552919, 0.8782729452448903, 0.8782729452359412, 0.8782729452282415, 0.8782729452216167, 0.8782729452159171, 0.8782729452110132, 0.8782729452067941, 0.8782729452031646, 0.8782729452000415, 0.8782729451973541, 0.8782729451950422, 0.8782729451930527, 0.8782729451913412, 0.8782729451898692, 0.8782729451886023, 0.8782729451875118, 0.878272945186574, 0.8782729451857673, 0.8782729451850735, 0.8782729451844755, 0.8782729451839618, 0.8782729451835197, 0.8782729451831396, 0.8782729451828124, 0.8782729451825311, 0.8782729451822888, 0.8782729451820803, 0.8782729451819006, 0.878272945181746, 0.8782729451816135, 0.8782729451814996, 0.8782729451814012, 0.878272945181317, 0.8782729451812444, 0.8782729451811819, 0.8782729451811283, 0.8782729451810805, 0.8782729451810317, 0.8782729451809447, 0.8782729451806067, 0.8782729451787832, 0.8782729451682645, 0.878272945106966, 0.8782729447492004, 0.8782729426606509, 0.8782729304678023, 0.8782728592862081, 0.8782724437293487, 0.8782700177185583, 0.8782558548251111, 0.8781731761293514, 0.8776906372319813, 0.8748782790951497, 0.8586183675376852, 0.768820697522524, 0.3769893704162495, -0.3769893704162706, -0.7688206975225303, -0.8586183675376868, -0.8748782790951504, -0.8776906372319815, -0.878173176129352, -0.8782558548251115, -0.8782700177185588, -0.8782724437293487, -0.8782728592862077, -0.8782729304678021, -0.8782729426606508, -0.8782729447492004, -0.878272945106966, -0.8782729451682643, -0.8782729451787832, -0.8782729451806066, -0.8782729451809442, -0.8782729451810319, -0.8782729451810807, -0.8782729451811285, -0.8782729451811826, -0.8782729451812447, -0.8782729451813168, -0.8782729451814011, -0.8782729451814997, -0.8782729451816138, -0.8782729451817465, -0.8782729451819008, -0.8782729451820801, -0.8782729451822887, -0.8782729451825312, -0.8782729451828125, -0.8782729451831396, -0.8782729451835198, -0.8782729451839626, -0.8782729451844764, -0.8782729451850732, -0.8782729451857676, -0.8782729451865745, -0.8782729451875121, -0.8782729451886023, -0.8782729451898689, -0.8782729451913416, -0.8782729451930527, -0.8782729451950422, -0.878272945197354, -0.8782729452000414, -0.8782729452031643, -0.8782729452067944, -0.8782729452110135, -0.8782729452159175, -0.8782729452216171, -0.8782729452282414, -0.8782729452359409, -0.8782729452448904, -0.8782729452552914, -0.878272945267381, -0.8782729452814323, -0.8782729452977637, -0.8782729453167455, -0.8782729453388081, -0.8782729453644502, -0.8782729453942544, -0.8782729454288947, -0.8782729454691569, -0.8782729455159533, -0.8782729455703429, -0.8782729456335594, -0.8782729457070353, -0.8782729457924348, -0.8782729458916929, -0.878272946007059, -0.8782729461411473, -0.8782729462969957, -0.8782729464781354, -0.8782729466886708, -0.8782729469333722, -0.8782729472177846, -0.8782729475483522, -0.8782729479325648, -0.8782729483791292, -0.8782729488981624, -0.8782729495014263, -0.878272950202589, -0.8782729510175381, -0.8782729519647395, -0.8782729530656552, -0.87827295434523, -0.8782729558324579, -0.8782729575610371, -0.8782729595701343, -0.8782729619052735, -0.8782729646193654, -0.8782729677739075, -0.8782729714403773, -0.8782729757018528, -0.8782729806548937, -0.8782729864117281, -0.8782729931027999, -0.8782730008797206, -0.8782730099187062, -0.8782730204245695, -0.8782730326353625, -0.8782730468277701, -0.8782730633233791, -0.878273082495967, -0.8782731047799704, -0.878273130680333, -0.8782731607839457, -0.8782731957729485, -0.8782732364401907, -0.8782732837071986, -0.8782733386450637, -0.87827340249872, -0.8782734767151619, -0.8782735629762488, -0.8782736632368325, -0.8782737797690784, -0.8782739152139872, -0.8782740726412874, -0.8782742556190577, -0.8782744682946654, -0.8782747154888674, -0.878275002805206, -0.8782753367572034, -0.8782757249162595, -0.8782761760836175, -0.8782767004903478, -0.8782773100299269, -0.8782780185287461, -0.8782788420607753, -0.8782797993136432, -0.8782809120145891, -0.8782822054261765, -0.8782837089233082, -0.8782854566650388, -0.8782874883769756, -0.8782898502627717, -0.878292596066401, -0.878295788310695, -0.8782994997421232, -0.8783038150171318, -0.8783088326717601, -0.8783146674239145, -0.8783214528668987, -0.8783293446239886, -0.8783385240473863, -0.8783492025615041, -0.8783616267709373, -0.8783760844787573, -0.8783929117922487, -0.8784125015327647, -0.8784353132164328, -0.8784618849362704, -0.8784928475584375, -0.8785289417520107, -0.8785710385114193, -0.8786201640156632, -0.8786775299156367, -0.8787445704749515, -0.8788229884460405, -0.8789148121943208, -0.8790224674666547, -0.879148868454026, -0.8792975346034235, -0.8794727422741351, -0.8796797242623111, -0.8799249361749181, -0.8802164178578467, -0.880564292699191, -0.8809814713995574, -0.8814846666096383, -0.8820958937593775, -0.8828447573941814, -0.8837720555468106, -0.8849356970615492, -0.8864209040068102, -0.8883589085487551, -0.8909640408105011, -0.8946157910729248, -0.9000722865086017, -0.9091840872323826, -0.9283910962816518, -1.0]'
