c = [1.0, 0.928391096281652, 0.9091840872323828, 0.9000722865086017, 0.894615791072925, 0.8909640408105014, 0.8883589085487553, 0.8864209040068112, 0.8849356970615505, 0.8837720555468117, 0.882844757394183, 0.8820958937593789, 0.8814846666096395, 0.8809814713995588, 0.8805642926991923, 0.8802164178578484, 0.8799249361749194, 0.8796797242623129, 0.8794727422741367, 0.8792975346034252, 0.8791488684540278, 0.8790224674666562, 0.8789148121943228, 0.8788229884460426, 0.8787445704749538, 0.8786775299156389, 0.8786201640156653, 0.8785710385114209, 0.878528941752012, 0.8784928475584397, 0.878461884936272, 0.8784353132164342, 0.8784125015327665, 0.8783929117922503, 0.878376084478759, 0.8783616267709391, 0.8783492025615063, 0.8783385240473888, 0.8783293446239909, 0.8783214528669009, 0.8783146674239165, 0.8783088326717622, 0.8783038150171335, 0.8782994997421253, 0.8782957883106973, 0.8782925960664036, 0.8782898502627742, 0.8782874883769776, 0.8782854566650405, 0.8782837089233106, 0.878282205426179, 0.8782809120145916, 0.8782797993136455, 0.8782788420607778, 0.8782780185287482, 0.8782773100299295, 0.8782767004903496, 0.8782761760836192, 0.8782757249162617, 0.8782753367572055, 0.8782750028052073, 0.8782747154888694, 0.8782744682946676, 0.8782742556190597, 0.8782740726412902, 0.8782739152139895, 0.8782737797690806, 0.8782736632368345, 0.8782735629762509, 0.8782734767151641, 0.8782734024987219, 0.8782733386450656, 0.8782732837072005, 0.8782732364401928, 0.8782731957729508, 0.8782731607839481, 0.8782731306803352, 0.8782731047799728, 0.8782730824959692, 0.8782730633233812, 0.8782730468277722, 0.8782730326353645, 0.8782730204245719, 0.8782730099187085, 0.8782730008797228, 0.8782729931028022, 0.8782729864117307, 0.8782729806548957, 0.878272975701855, 0.8782729714403797, 0.8782729677739096, 0.878272964619367, 0.8782729619052752, 0.8782729595701364, 0.8782729575610386, 0.8782729558324599, 0.8782729543452322, 0.8782729530656572, 0.8782729519647419, 0.8782729510175405, 0.8782729502025911, 0.8782729495014282, 0.8782729488981645, 0.8782729483791311, 0.8782729479325673, 0.8782729475483543, 0.8782729472177867, 0.8782729469333744, 0.8782729466886724, 0.8782729464781369, 0.8782729462969974, 0.8782729461411496, 0.8782729460070612, 0.8782729458916952, 0.8782729457924368, 0.8782729457070372, 0.8782729456335616, 0.8782729455703451, 0.8782729455159548, 0.8782729454691589, 0.878272945428897, 0.8782729453942562, 0.8782729453644522, 0.8782729453388096, 0.8782729453167474, 0.8782729452977653, 0.8782729452814344, 0.8782729452673832, 0.8782729452552938, 0.8782729452448923, 0.878272945235943, 0.8782729452282434, 0.8782729452216189, 0.878272945215919, 0.8782729452110157, 0.8782729452067968, 0.8782729452031666, 0.8782729452000433, 0.8782729451973559, 0.8782729451950438, 0.8782729451930551, 0.8782729451913438, 0.878272945189871, 0.878272945188604, 0.8782729451875142, 0.8782729451865766, 0.8782729451857694, 0.8782729451850751, 0.8782729451844783, 0.8782729451839645, 0.8782729451835226, 0.8782729451831423, 0.878272945182815, 0.8782729451825333, 0.8782729451822906, 0.878272945182082, 0.8782729451819027, 0.8782729451817487, 0.8782729451816159, 0.878272945181502, 0.8782729451814036, 0.8782729451813187, 0.8782729451812461, 0.878272945181184, 0.8782729451811319, 0.8782729451810873, 0.8782729451810466, 0.8782729451810029, 0.87827294518092, 0.878272945180586, 0.8782729451787659, 0.8782729451682498, 0.8782729451069538, 0.8782729447491904, 0.8782729426606424, 0.8782729304677949, 0.8782728592862021, 0.8782724437293439, 0.8782700177185546, 0.8782558548251077, 0.8781731761293491, 0.8776906372319796, 0.8748782790951487, 0.8586183675376845, 0.7688206975225238, 0.3769893704162492, -0.3769893704162701, -0.7688206975225298, -0.8586183675376861, -0.8748782790951495, -0.8776906372319802, -0.878173176129349, -0.8782558548251077, -0.8782700177185547, -0.8782724437293439, -0.878272859286202, -0.8782729304677948, -0.878272942660642, -0.87827294474919, -0.8782729451069535, -0.8782729451682496, -0.878272945178766, -0.8782729451805861, -0.8782729451809199, -0.878272945181003, -0.8782729451810469, -0.8782729451810884, -0.878272945181134, -0.8782729451811863, -0.8782729451812468, -0.8782729451813189, -0.8782729451814035, -0.8782729451815016, -0.8782729451816162, -0.8782729451817489, -0.8782729451819032, -0.8782729451820825, -0.8782729451822907, -0.8782729451825334, -0.878272945182815, -0.8782729451831419, -0.8782729451835222, -0.8782729451839645, -0.8782729451844782, -0.8782729451850755, -0.8782729451857694, -0.8782729451865768, -0.8782729451875143, -0.8782729451886044, -0.8782729451898711, -0.8782729451913439, -0.8782729451930549, -0.8782729451950442, -0.878272945197356, -0.8782729452000434, -0.8782729452031667, -0.8782729452067963, -0.8782729452110154, -0.8782729452159197, -0.8782729452216189, -0.8782729452282436, -0.8782729452359433, -0.8782729452448924, -0.8782729452552938, -0.8782729452673833, -0.8782729452814342, -0.8782729452977659, -0.8782729453167472, -0.87827294533881, -0.8782729453644527, -0.8782729453942562, -0.8782729454288967, -0.8782729454691589, -0.8782729455159549, -0.8782729455703449, -0.8782729456335616, -0.8782729457070374, -0.878272945792437, -0.8782729458916954, -0.8782729460070616, -0.8782729461411493, -0.8782729462969976, -0.8782729464781371, -0.8782729466886723, -0.8782729469333743, -0.8782729472177865, -0.8782729475483543, -0.8782729479325672, -0.8782729483791312, -0.878272948898165, -0.8782729495014283, -0.8782729502025911, -0.8782729510175404, -0.878272951964742, -0.8782729530656576, -0.8782729543452323, -0.8782729558324602, -0.878272957561039, -0.8782729595701358, -0.878272961905275, -0.8782729646193673, -0.8782729677739093, -0.8782729714403794, -0.8782729757018549, -0.8782729806548957, -0.8782729864117306, -0.8782729931028023, -0.8782730008797229, -0.8782730099187083, -0.8782730204245718, -0.8782730326353646, -0.8782730468277721, -0.878273063323381, -0.8782730824959685, -0.8782731047799727, -0.8782731306803353, -0.8782731607839479, -0.8782731957729508, -0.8782732364401927, -0.8782732837072005, -0.8782733386450656, -0.8782734024987218, -0.8782734767151634, -0.8782735629762507, -0.8782736632368348, -0.8782737797690804, -0.8782739152139896, -0.8782740726412899, -0.8782742556190595, -0.8782744682946674, -0.8782747154888697, -0.8782750028052074, -0.8782753367572055, -0.8782757249162617, -0.8782761760836193, -0.8782767004903499, -0.8782773100299294, -0.8782780185287483, -0.8782788420607774, -0.8782797993136455, -0.8782809120145915, -0.8782822054261789, -0.8782837089233104, -0.8782854566650408, -0.8782874883769776, -0.8782898502627744, -0.8782925960664032, -0.8782957883106975, -0.8782994997421254, -0.8783038150171334, -0.8783088326717621, -0.8783146674239165, -0.8783214528669007, -0.8783293446239906, -0.8783385240473888, -0.8783492025615061, -0.8783616267709391, -0.8783760844787596, -0.8783929117922504, -0.8784125015327665, -0.8784353132164344, -0.878461884936272, -0.8784928475584395, -0.8785289417520121, -0.878571038511421, -0.8786201640156653, -0.8786775299156387, -0.8787445704749536, -0.8788229884460423, -0.8789148121943229, -0.8790224674666564, -0.8791488684540274, -0.8792975346034252, -0.8794727422741367, -0.8796797242623128, -0.8799249361749196, -0.880216417857848, -0.8805642926991921, -0.8809814713995584, -0.8814846666096393, -0.882095893759379, -0.8828447573941831, -0.8837720555468122, -0.8849356970615506, -0.8864209040068111, -0.8883589085487557, -0.8909640408105016, -0.8946157910729254, -0.9000722865086025, -0.9091840872323829, -0.928391096281652, -1.0]'
