c = [1.0, 0.9283910962816522, 0.9091840872323831, 0.9000722865086026, 0.8946157910729259, 0.8909640408105025, 0.8883589085487567, 0.8864209040068117, 0.8849356970615513, 0.8837720555468134, 0.8828447573941842, 0.8820958937593806, 0.8814846666096408, 0.8809814713995603, 0.8805642926991937, 0.8802164178578501, 0.8799249361749211, 0.8796797242623142, 0.8794727422741386, 0.8792975346034273, 0.8791488684540293, 0.8790224674666582, 0.8789148121943248, 0.8788229884460447, 0.8787445704749554, 0.8786775299156405, 0.8786201640156672, 0.8785710385114233, 0.8785289417520142, 0.8784928475584411, 0.8784618849362742, 0.8784353132164366, 0.8784125015327682, 0.8783929117922528, 0.8783760844787618, 0.8783616267709414, 0.8783492025615083, 0.878338524047391, 0.878329344623993, 0.8783214528669026, 0.8783146674239184, 0.8783088326717645, 0.8783038150171361, 0.8782994997421277, 0.8782957883106995, 0.8782925960664058, 0.8782898502627763, 0.87828748837698, 0.878285456665043, 0.8782837089233131, 0.8782822054261813, 0.8782809120145937, 0.8782797993136477, 0.87827884206078, 0.8782780185287502, 0.8782773100299314, 0.8782767004903521, 0.8782761760836213, 0.8782757249162636, 0.8782753367572077, 0.8782750028052099, 0.8782747154888717, 0.87827446829467, 0.8782742556190616, 0.8782740726412918, 0.8782739152139915, 0.8782737797690825, 0.8782736632368371, 0.8782735629762533, 0.8782734767151658, 0.8782734024987237, 0.878273338645068, 0.8782732837072027, 0.8782732364401952, 0.8782731957729529, 0.8782731607839503, 0.8782731306803379, 0.8782731047799749, 0.8782730824959711, 0.8782730633233832, 0.8782730468277746, 0.8782730326353673, 0.8782730204245736, 0.8782730099187103, 0.8782730008797255, 0.8782729931028046, 0.8782729864117325, 0.8782729806548979, 0.8782729757018576, 0.8782729714403817, 0.8782729677739113, 0.8782729646193695, 0.8782729619052775, 0.8782729595701386, 0.8782729575610413, 0.8782729558324622, 0.8782729543452344, 0.8782729530656594, 0.8782729519647439, 0.8782729510175424, 0.8782729502025929, 0.8782729495014302, 0.878272948898167, 0.8782729483791334, 0.8782729479325696, 0.8782729475483567, 0.8782729472177886, 0.8782729469333761, 0.8782729466886747, 0.8782729464781396, 0.8782729462969996, 0.8782729461411517, 0.8782729460070633, 0.8782729458916971, 0.878272945792439, 0.8782729457070395, 0.8782729456335638, 0.8782729455703471, 0.8782729455159572, 0.8782729454691609, 0.8782729454288987, 0.878272945394258, 0.8782729453644543, 0.8782729453388118, 0.87827294531675, 0.8782729452977682, 0.8782729452814365, 0.8782729452673852, 0.8782729452552956, 0.8782729452448943, 0.878272945235945, 0.8782729452282455, 0.8782729452216215, 0.8782729452159219, 0.878272945211018, 0.8782729452067988, 0.8782729452031685, 0.8782729452000452, 0.8782729451973584, 0.8782729451950465, 0.8782729451930569, 0.8782729451913455, 0.8782729451898732, 0.8782729451886065, 0.8782729451875162, 0.8782729451865785, 0.8782729451857716, 0.8782729451850778, 0.8782729451844806, 0.8782729451839667, 0.8782729451835247, 0.8782729451831441, 0.8782729451828165, 0.8782729451825347, 0.8782729451822924, 0.8782729451820843, 0.8782729451819049, 0.8782729451817509, 0.8782729451816182, 0.8782729451815037, 0.8782729451814055, 0.8782729451813209, 0.8782729451812483, 0.8782729451811859, 0.8782729451811316, 0.8782729451810852, 0.8782729451810448, 0.8782729451810091, 0.8782729451809708, 0.8782729451808926, 0.8782729451805631, 0.8782729451787465, 0.8782729451682332, 0.8782729451069397, 0.8782729447491786, 0.8782729426606325, 0.878272930467787, 0.8782728592861954, 0.8782724437293385, 0.8782700177185503, 0.8782558548251047, 0.8781731761293465, 0.8776906372319776, 0.8748782790951474, 0.8586183675376837, 0.7688206975225244, 0.3769893704162526, -0.3769893704162662, -0.7688206975225286, -0.8586183675376846, -0.8748782790951476, -0.877690637231978, -0.8781731761293466, -0.8782558548251048, -0.8782700177185503, -0.8782724437293383, -0.8782728592861955, -0.8782729304677869, -0.8782729426606325, -0.8782729447491787, -0.8782729451069398, -0.8782729451682332, -0.8782729451787463, -0.8782729451805631, -0.8782729451808927, -0.8782729451809707, -0.8782729451810095, -0.8782729451810453, -0.8782729451810853, -0.8782729451811317, -0.8782729451811856, -0.8782729451812484, -0.8782729451813212, -0.8782729451814055, -0.8782729451815037, -0.8782729451816178, -0.8782729451817509, -0.8782729451819054, -0.8782729451820842, -0.8782729451822926, -0.8782729451825351, -0.8782729451828164, -0.8782729451831439, -0.8782729451835241, -0.8782729451839666, -0.8782729451844802, -0.8782729451850777, -0.8782729451857717, -0.878272945186579, -0.8782729451875163, -0.8782729451886065, -0.8782729451898732, -0.8782729451913459, -0.8782729451930575, -0.8782729451950463, -0.8782729451973581, -0.8782729452000456, -0.8782729452031687, -0.8782729452067985, -0.878272945211018, -0.8782729452159216, -0.8782729452216212, -0.8782729452282458, -0.8782729452359452, -0.8782729452448946, -0.8782729452552955, -0.8782729452673852, -0.8782729452814367, -0.8782729452977679, -0.8782729453167495, -0.8782729453388121, -0.8782729453644548, -0.8782729453942584, -0.8782729454288989, -0.8782729454691613, -0.8782729455159574, -0.8782729455703476, -0.8782729456335643, -0.8782729457070397, -0.8782729457924391, -0.8782729458916972, -0.8782729460070633, -0.8782729461411515, -0.8782729462969995, -0.8782729464781394, -0.8782729466886747, -0.8782729469333765, -0.8782729472177891, -0.8782729475483566, -0.8782729479325694, -0.8782729483791336, -0.8782729488981672, -0.8782729495014308, -0.8782729502025933, -0.8782729510175427, -0.8782729519647436, -0.878272953065659, -0.8782729543452339, -0.878272955832462, -0.8782729575610408, -0.878272959570138, -0.8782729619052771, -0.8782729646193693, -0.8782729677739116, -0.8782729714403817, -0.8782729757018573, -0.8782729806548979, -0.8782729864117328, -0.8782729931028046, -0.878273000879725, -0.8782730099187104, -0.8782730204245734, -0.878273032635367, -0.8782730468277744, -0.8782730633233834, -0.8782730824959714, -0.8782731047799749, -0.8782731306803374, -0.87827316078395, -0.8782731957729532, -0.878273236440195, -0.8782732837072026, -0.8782733386450682, -0.8782734024987238, -0.878273476715166, -0.8782735629762533, -0.8782736632368365, -0.8782737797690824, -0.8782739152139919, -0.878274072641292, -0.8782742556190616, -0.8782744682946696, -0.8782747154888714, -0.8782750028052098, -0.8782753367572078, -0.8782757249162636, -0.8782761760836212, -0.8782767004903521, -0.8782773100299315, -0.8782780185287504, -0.8782788420607794, -0.8782797993136476, -0.8782809120145935, -0.8782822054261812, -0.8782837089233126, -0.878285456665043, -0.8782874883769798, -0.8782898502627761, -0.8782925960664054, -0.8782957883106994, -0.8782994997421274, -0.8783038150171357, -0.8783088326717647, -0.8783146674239187, -0.878321452866903, -0.8783293446239934, -0.8783385240473907, -0.8783492025615083, -0.878361626770941, -0.8783760844787613, -0.8783929117922524, -0.8784125015327683, -0.8784353132164363, -0.878461884936274, -0.8784928475584418, -0.8785289417520143, -0.878571038511423, -0.8786201640156674, -0.8786775299156405, -0.8787445704749554, -0.8788229884460442, -0.8789148121943245, -0.8790224674666582, -0.8791488684540296, -0.8792975346034271, -0.8794727422741381, -0.8796797242623139, -0.8799249361749208, -0.88021641785785, -0.8805642926991939, -0.8809814713995603, -0.881484666609641, -0.8820958937593801, -0.882844757394184, -0.883772055546813, -0.8849356970615513, -0.886420904006812, -0.8883589085487563, -0.8909640408105024, -0.8946157910729264, -0.9000722865086028, -0.9091840872323835, -0.9283910962816524, -1.0]'
