c = [1.0, 0.9283910962816523, 0.9091840872323835, 0.9000722865086034, 0.8946157910729267, 0.8909640408105026, 0.8883589085487573, 0.8864209040068127, 0.8849356970615522, 0.8837720555468142, 0.8828447573941849, 0.8820958937593812, 0.8814846666096416, 0.8809814713995612, 0.8805642926991947, 0.8802164178578505, 0.8799249361749224, 0.8796797242623154, 0.8794727422741395, 0.8792975346034284, 0.8791488684540307, 0.8790224674666596, 0.878914812194326, 0.8788229884460457, 0.8787445704749566, 0.8786775299156423, 0.8786201640156689, 0.8785710385114245, 0.8785289417520159, 0.8784928475584429, 0.8784618849362754, 0.8784353132164383, 0.8784125015327703, 0.8783929117922543, 0.8783760844787631, 0.878361626770943, 0.8783492025615095, 0.8783385240473921, 0.8783293446239944, 0.8783214528669043, 0.8783146674239202, 0.8783088326717663, 0.8783038150171375, 0.878299499742129, 0.8782957883107009, 0.8782925960664073, 0.878289850262778, 0.8782874883769817, 0.8782854566650447, 0.8782837089233145, 0.8782822054261826, 0.8782809120145952, 0.878279799313649, 0.8782788420607812, 0.8782780185287519, 0.8782773100299327, 0.8782767004903531, 0.878276176083623, 0.8782757249162653, 0.8782753367572093, 0.8782750028052116, 0.878274715488873, 0.8782744682946712, 0.878274255619063, 0.8782740726412933, 0.8782739152139935, 0.8782737797690844, 0.8782736632368382, 0.8782735629762545, 0.8782734767151674, 0.8782734024987253, 0.8782733386450695, 0.8782732837072041, 0.8782732364401966, 0.8782731957729549, 0.8782731607839517, 0.878273130680339, 0.8782731047799762, 0.8782730824959727, 0.878273063323385, 0.8782730468277755, 0.878273032635368, 0.8782730204245752, 0.8782730099187119, 0.8782730008797263, 0.8782729931028063, 0.8782729864117341, 0.8782729806548991, 0.8782729757018585, 0.8782729714403833, 0.878272967773913, 0.878272964619371, 0.8782729619052791, 0.87827295957014, 0.8782729575610425, 0.8782729558324636, 0.8782729543452357, 0.8782729530656608, 0.8782729519647449, 0.8782729510175439, 0.8782729502025949, 0.8782729495014321, 0.8782729488981684, 0.8782729483791352, 0.8782729479325707, 0.8782729475483577, 0.8782729472177905, 0.8782729469333782, 0.8782729466886764, 0.8782729464781409, 0.878272946297001, 0.8782729461411529, 0.8782729460070651, 0.8782729458916988, 0.8782729457924404, 0.8782729457070408, 0.8782729456335655, 0.8782729455703485, 0.8782729455159585, 0.8782729454691625, 0.8782729454289004, 0.8782729453942598, 0.8782729453644563, 0.8782729453388137, 0.8782729453167514, 0.8782729452977693, 0.8782729452814378, 0.8782729452673865, 0.878272945255297, 0.8782729452448956, 0.8782729452359472, 0.8782729452282475, 0.8782729452216228, 0.8782729452159231, 0.878272945211019, 0.8782729452067998, 0.8782729452031702, 0.8782729452000471, 0.8782729451973595, 0.8782729451950477, 0.8782729451930587, 0.8782729451913475, 0.8782729451898745, 0.8782729451886078, 0.8782729451875179, 0.8782729451865802, 0.8782729451857734, 0.8782729451850795, 0.8782729451844822, 0.8782729451839683, 0.8782729451835259, 0.8782729451831452, 0.8782729451828181, 0.8782729451825366, 0.8782729451822943, 0.8782729451820862, 0.8782729451819069, 0.8782729451817521, 0.8782729451816195, 0.8782729451815051, 0.8782729451814071, 0.8782729451813226, 0.8782729451812495, 0.8782729451811869, 0.878272945181133, 0.8782729451810872, 0.8782729451810486, 0.8782729451810154, 0.8782729451809851, 0.8782729451809507, 0.8782729451808753, 0.878272945180548, 0.8782729451787337, 0.8782729451682224, 0.8782729451069308, 0.8782729447491707, 0.8782729426606263, 0.8782729304677817, 0.8782728592861911, 0.8782724437293351, 0.8782700177185475, 0.8782558548251024, 0.878173176129345, 0.8776906372319767, 0.8748782790951466, 0.8586183675376832, 0.7688206975225236, 0.37698937041625186, -0.3769893704162673, -0.7688206975225282, -0.8586183675376842, -0.874878279095147, -0.8776906372319767, -0.8781731761293448, -0.8782558548251025, -0.8782700177185476, -0.8782724437293352, -0.8782728592861915, -0.878272930467782, -0.8782729426606263, -0.8782729447491711, -0.878272945106931, -0.8782729451682227, -0.8782729451787337, -0.8782729451805485, -0.8782729451808755, -0.8782729451809506, -0.8782729451809856, -0.8782729451810168, -0.8782729451810508, -0.878272945181089, -0.8782729451811339, -0.8782729451811873, -0.8782729451812494, -0.8782729451813227, -0.8782729451814073, -0.8782729451815052, -0.8782729451816196, -0.8782729451817524, -0.8782729451819066, -0.8782729451820861, -0.878272945182294, -0.8782729451825366, -0.8782729451828181, -0.8782729451831455, -0.8782729451835259, -0.8782729451839684, -0.878272945184482, -0.8782729451850794, -0.8782729451857734, -0.8782729451865806, -0.8782729451875183, -0.8782729451886078, -0.8782729451898748, -0.8782729451913476, -0.8782729451930588, -0.8782729451950477, -0.8782729451973599, -0.8782729452000468, -0.8782729452031702, -0.8782729452068003, -0.8782729452110193, -0.8782729452159234, -0.8782729452216225, -0.8782729452282474, -0.8782729452359472, -0.878272945244896, -0.8782729452552971, -0.8782729452673868, -0.8782729452814382, -0.8782729452977693, -0.8782729453167512, -0.8782729453388136, -0.8782729453644563, -0.8782729453942605, -0.878272945428901, -0.8782729454691629, -0.8782729455159587, -0.8782729455703489, -0.8782729456335652, -0.8782729457070411, -0.8782729457924402, -0.8782729458916987, -0.8782729460070648, -0.878272946141153, -0.8782729462970015, -0.8782729464781409, -0.8782729466886763, -0.8782729469333781, -0.8782729472177907, -0.8782729475483583, -0.8782729479325712, -0.8782729483791353, -0.8782729488981686, -0.8782729495014319, -0.8782729502025944, -0.8782729510175441, -0.8782729519647451, -0.8782729530656606, -0.8782729543452356, -0.8782729558324635, -0.8782729575610426, -0.8782729595701397, -0.8782729619052789, -0.878272964619371, -0.8782729677739134, -0.8782729714403834, -0.8782729757018589, -0.8782729806548992, -0.878272986411734, -0.8782729931028063, -0.878273000879727, -0.878273009918712, -0.8782730204245754, -0.8782730326353685, -0.8782730468277756, -0.8782730633233847, -0.8782730824959727, -0.8782731047799761, -0.8782731306803389, -0.878273160783952, -0.8782731957729546, -0.8782732364401965, -0.8782732837072047, -0.8782733386450694, -0.8782734024987252, -0.8782734767151678, -0.8782735629762547, -0.8782736632368383, -0.8782737797690843, -0.8782739152139932, -0.8782740726412936, -0.8782742556190637, -0.8782744682946715, -0.8782747154888731, -0.8782750028052116, -0.8782753367572096, -0.8782757249162654, -0.8782761760836231, -0.8782767004903537, -0.8782773100299331, -0.8782780185287522, -0.8782788420607813, -0.8782797993136494, -0.8782809120145951, -0.8782822054261824, -0.8782837089233143, -0.8782854566650445, -0.8782874883769815, -0.8782898502627778, -0.8782925960664072, -0.8782957883107012, -0.8782994997421292, -0.8783038150171378, -0.8783088326717662, -0.8783146674239203, -0.8783214528669043, -0.8783293446239944, -0.8783385240473923, -0.8783492025615094, -0.8783616267709424, -0.8783760844787629, -0.878392911792254, -0.87841250153277, -0.8784353132164378, -0.8784618849362755, -0.8784928475584429, -0.8785289417520156, -0.8785710385114246, -0.8786201640156689, -0.8786775299156422, -0.8787445704749567, -0.8788229884460454, -0.8789148121943257, -0.8790224674666591, -0.8791488684540303, -0.8792975346034286, -0.8794727422741397, -0.8796797242623156, -0.8799249361749223, -0.880216417857851, -0.8805642926991949, -0.8809814713995611, -0.881484666609642, -0.8820958937593812, -0.8828447573941848, -0.8837720555468139, -0.8849356970615523, -0.8864209040068128, -0.8883589085487572, -0.8909640408105026, -0.8946157910729268, -0.9000722865086034, -0.9091840872323838, -0.9283910962816524, -1.0]'
