c = [1.0, 0.9283910962816531, 0.9091840872323842, 0.9000722865086035, 0.8946157910729272, 0.8909640408105038, 0.8883589085487582, 0.8864209040068138, 0.884935697061553, 0.8837720555468151, 0.8828447573941861, 0.8820958937593825, 0.8814846666096428, 0.8809814713995621, 0.8805642926991963, 0.880216417857852, 0.8799249361749235, 0.8796797242623168, 0.8794727422741412, 0.87929753460343, 0.8791488684540322, 0.8790224674666607, 0.8789148121943272, 0.8788229884460474, 0.8787445704749582, 0.8786775299156433, 0.8786201640156704, 0.8785710385114262, 0.878528941752017, 0.8784928475584447, 0.8784618849362772, 0.8784353132164398, 0.8784125015327717, 0.878392911792256, 0.8783760844787645, 0.878361626770944, 0.8783492025615107, 0.8783385240473937, 0.878329344623996, 0.8783214528669062, 0.8783146674239217, 0.878308832671768, 0.8783038150171388, 0.8782994997421307, 0.8782957883107029, 0.8782925960664091, 0.8782898502627797, 0.878287488376983, 0.8782854566650462, 0.8782837089233161, 0.878282205426184, 0.8782809120145967, 0.8782797993136507, 0.8782788420607825, 0.8782780185287532, 0.8782773100299345, 0.8782767004903552, 0.8782761760836245, 0.8782757249162674, 0.8782753367572109, 0.878275002805213, 0.8782747154888747, 0.8782744682946728, 0.8782742556190654, 0.8782740726412952, 0.8782739152139948, 0.8782737797690857, 0.8782736632368399, 0.8782735629762561, 0.8782734767151692, 0.8782734024987269, 0.8782733386450712, 0.8782732837072063, 0.8782732364401981, 0.8782731957729562, 0.8782731607839532, 0.8782731306803409, 0.8782731047799781, 0.8782730824959739, 0.8782730633233864, 0.8782730468277777, 0.8782730326353702, 0.8782730204245769, 0.8782730099187138, 0.8782730008797286, 0.8782729931028077, 0.8782729864117358, 0.8782729806549012, 0.8782729757018607, 0.8782729714403854, 0.8782729677739151, 0.8782729646193727, 0.8782729619052808, 0.8782729595701417, 0.8782729575610441, 0.8782729558324651, 0.8782729543452372, 0.8782729530656623, 0.878272951964747, 0.878272951017546, 0.8782729502025965, 0.878272949501434, 0.87827294889817, 0.8782729483791364, 0.8782729479325726, 0.8782729475483599, 0.8782729472177921, 0.8782729469333798, 0.878272946688678, 0.8782729464781425, 0.8782729462970029, 0.8782729461411547, 0.8782729460070665, 0.8782729458917004, 0.8782729457924424, 0.8782729457070425, 0.8782729456335668, 0.8782729455703501, 0.8782729455159601, 0.8782729454691641, 0.8782729454289027, 0.878272945394262, 0.878272945364458, 0.8782729453388152, 0.8782729453167528, 0.878272945297771, 0.8782729452814393, 0.878272945267388, 0.8782729452552992, 0.878272945244898, 0.8782729452359487, 0.8782729452282488, 0.8782729452216239, 0.8782729452159245, 0.878272945211021, 0.8782729452068019, 0.8782729452031716, 0.8782729452000484, 0.8782729451973613, 0.8782729451950497, 0.8782729451930602, 0.8782729451913488, 0.8782729451898762, 0.8782729451886095, 0.87827294518752, 0.8782729451865822, 0.8782729451857754, 0.8782729451850811, 0.8782729451844834, 0.8782729451839693, 0.8782729451835272, 0.8782729451831472, 0.87827294518282, 0.8782729451825386, 0.8782729451822964, 0.8782729451820875, 0.8782729451819083, 0.8782729451817539, 0.8782729451816212, 0.8782729451815072, 0.8782729451814086, 0.878272945181324, 0.8782729451812511, 0.8782729451811885, 0.8782729451811349, 0.8782729451810884, 0.8782729451810487, 0.8782729451810145, 0.8782729451809845, 0.8782729451809576, 0.8782729451809269, 0.8782729451808552, 0.8782729451805309, 0.8782729451787189, 0.8782729451682102, 0.8782729451069203, 0.8782729447491623, 0.878272942660619, 0.8782729304677757, 0.8782728592861861, 0.8782724437293312, 0.8782700177185446, 0.8782558548251, 0.878173176129343, 0.8776906372319753, 0.8748782790951463, 0.8586183675376834, 0.7688206975225236, 0.3769893704162521, -0.376989370416266, -0.7688206975225274, -0.8586183675376833, -0.8748782790951459, -0.8776906372319753, -0.8781731761293429, -0.8782558548251004, -0.8782700177185446, -0.8782724437293314, -0.8782728592861866, -0.878272930467776, -0.8782729426606193, -0.8782729447491623, -0.8782729451069209, -0.8782729451682108, -0.8782729451787195, -0.8782729451805313, -0.8782729451808553, -0.878272945180927, -0.8782729451809581, -0.878272945180985, -0.8782729451810147, -0.8782729451810488, -0.878272945181089, -0.8782729451811353, -0.8782729451811888, -0.8782729451812513, -0.8782729451813241, -0.8782729451814085, -0.878272945181507, -0.878272945181621, -0.8782729451817542, -0.8782729451819082, -0.8782729451820875, -0.878272945182296, -0.8782729451825386, -0.87827294518282, -0.8782729451831474, -0.8782729451835276, -0.8782729451839699, -0.8782729451844838, -0.8782729451850808, -0.8782729451857747, -0.8782729451865822, -0.8782729451875196, -0.8782729451886095, -0.8782729451898766, -0.8782729451913489, -0.8782729451930603, -0.8782729451950496, -0.8782729451973613, -0.8782729452000487, -0.8782729452031715, -0.8782729452068019, -0.8782729452110212, -0.8782729452159246, -0.878272945221624, -0.8782729452282488, -0.8782729452359486, -0.8782729452448974, -0.8782729452552988, -0.8782729452673884, -0.8782729452814397, -0.8782729452977716, -0.8782729453167533, -0.8782729453388153, -0.8782729453644578, -0.8782729453942617, -0.8782729454289018, -0.8782729454691642, -0.8782729455159599, -0.8782729455703504, -0.878272945633567, -0.8782729457070427, -0.8782729457924423, -0.8782729458917006, -0.8782729460070666, -0.8782729461411548, -0.8782729462970033, -0.8782729464781427, -0.8782729466886782, -0.8782729469333799, -0.8782729472177921, -0.8782729475483595, -0.8782729479325723, -0.8782729483791367, -0.87827294889817, -0.8782729495014334, -0.8782729502025964, -0.8782729510175455, -0.8782729519647471, -0.8782729530656623, -0.8782729543452376, -0.8782729558324655, -0.8782729575610445, -0.8782729595701417, -0.8782729619052807, -0.8782729646193725, -0.8782729677739148, -0.8782729714403853, -0.8782729757018609, -0.8782729806549012, -0.8782729864117362, -0.8782729931028079, -0.8782730008797283, -0.8782730099187137, -0.8782730204245771, -0.8782730326353699, -0.8782730468277773, -0.8782730633233867, -0.8782730824959741, -0.8782731047799779, -0.878273130680341, -0.8782731607839531, -0.8782731957729559, -0.8782732364401984, -0.8782732837072058, -0.878273338645071, -0.878273402498727, -0.8782734767151691, -0.8782735629762565, -0.8782736632368401, -0.8782737797690857, -0.8782739152139947, -0.8782740726412953, -0.8782742556190651, -0.8782744682946728, -0.8782747154888748, -0.878275002805213, -0.878275336757211, -0.8782757249162672, -0.8782761760836244, -0.8782767004903553, -0.8782773100299347, -0.8782780185287534, -0.8782788420607828, -0.8782797993136509, -0.8782809120145968, -0.8782822054261841, -0.8782837089233163, -0.8782854566650464, -0.8782874883769829, -0.8782898502627798, -0.8782925960664086, -0.8782957883107029, -0.8782994997421305, -0.878303815017139, -0.8783088326717678, -0.8783146674239218, -0.878321452866906, -0.8783293446239964, -0.8783385240473942, -0.8783492025615116, -0.8783616267709443, -0.8783760844787648, -0.8783929117922558, -0.8784125015327715, -0.8784353132164394, -0.8784618849362772, -0.8784928475584447, -0.8785289417520173, -0.8785710385114259, -0.8786201640156701, -0.8786775299156432, -0.8787445704749579, -0.8788229884460472, -0.8789148121943271, -0.8790224674666609, -0.8791488684540321, -0.8792975346034296, -0.8794727422741406, -0.8796797242623167, -0.8799249361749234, -0.8802164178578522, -0.8805642926991959, -0.8809814713995621, -0.881484666609643, -0.8820958937593821, -0.882844757394186, -0.8837720555468148, -0.8849356970615531, -0.8864209040068136, -0.888358908548758, -0.8909640408105035, -0.894615791072927, -0.9000722865086037, -0.9091840872323839, -0.9283910962816527, -1.0]'
