c = [1.0, 0.9283910962816528, 0.9091840872323843, 0.9000722865086042, 0.8946157910729277, 0.8909640408105043, 0.8883589085487583, 0.8864209040068142, 0.8849356970615534, 0.8837720555468156, 0.8828447573941867, 0.8820958937593826, 0.8814846666096436, 0.8809814713995628, 0.8805642926991969, 0.8802164178578532, 0.8799249361749247, 0.879679724262318, 0.8794727422741418, 0.8792975346034305, 0.8791488684540328, 0.879022467466662, 0.8789148121943284, 0.8788229884460479, 0.8787445704749592, 0.8786775299156444, 0.878620164015671, 0.8785710385114273, 0.8785289417520186, 0.8784928475584458, 0.8784618849362783, 0.8784353132164411, 0.8784125015327726, 0.8783929117922564, 0.8783760844787655, 0.8783616267709452, 0.8783492025615123, 0.8783385240473953, 0.8783293446239971, 0.8783214528669071, 0.8783146674239228, 0.8783088326717691, 0.8783038150171402, 0.8782994997421321, 0.878295788310704, 0.8782925960664101, 0.8782898502627808, 0.8782874883769842, 0.878285456665047, 0.878283708923317, 0.8782822054261854, 0.8782809120145977, 0.8782797993136519, 0.878278842060784, 0.8782780185287548, 0.8782773100299357, 0.8782767004903568, 0.8782761760836258, 0.8782757249162685, 0.8782753367572123, 0.8782750028052143, 0.8782747154888766, 0.8782744682946745, 0.8782742556190665, 0.8782740726412964, 0.8782739152139962, 0.8782737797690872, 0.8782736632368415, 0.8782735629762576, 0.8782734767151706, 0.8782734024987288, 0.8782733386450724, 0.8782732837072074, 0.8782732364401994, 0.8782731957729576, 0.8782731607839548, 0.8782731306803417, 0.8782731047799789, 0.8782730824959754, 0.8782730633233877, 0.8782730468277785, 0.8782730326353714, 0.8782730204245784, 0.8782730099187147, 0.8782730008797295, 0.8782729931028092, 0.878272986411737, 0.8782729806549024, 0.8782729757018621, 0.8782729714403864, 0.8782729677739163, 0.878272964619374, 0.8782729619052819, 0.878272959570143, 0.8782729575610452, 0.8782729558324662, 0.8782729543452387, 0.8782729530656637, 0.8782729519647483, 0.8782729510175471, 0.8782729502025975, 0.8782729495014346, 0.8782729488981714, 0.8782729483791382, 0.8782729479325742, 0.8782729475483609, 0.8782729472177933, 0.8782729469333806, 0.8782729466886792, 0.878272946478144, 0.878272946297004, 0.8782729461411557, 0.878272946007068, 0.8782729458917015, 0.8782729457924433, 0.8782729457070436, 0.8782729456335681, 0.8782729455703513, 0.8782729455159617, 0.8782729454691658, 0.8782729454289036, 0.8782729453942629, 0.8782729453644587, 0.8782729453388163, 0.8782729453167538, 0.8782729452977719, 0.8782729452814408, 0.8782729452673897, 0.8782729452553004, 0.8782729452448991, 0.8782729452359496, 0.8782729452282501, 0.8782729452216257, 0.8782729452159261, 0.8782729452110218, 0.8782729452068028, 0.8782729452031728, 0.87827294520005, 0.8782729451973623, 0.8782729451950507, 0.8782729451930616, 0.8782729451913504, 0.878272945189878, 0.8782729451886112, 0.8782729451875213, 0.8782729451865834, 0.8782729451857761, 0.8782729451850816, 0.8782729451844844, 0.8782729451839708, 0.8782729451835287, 0.8782729451831488, 0.8782729451828214, 0.8782729451825394, 0.8782729451822971, 0.8782729451820888, 0.8782729451819097, 0.8782729451817555, 0.8782729451816225, 0.8782729451815081, 0.8782729451814099, 0.8782729451813251, 0.8782729451812528, 0.8782729451811901, 0.8782729451811363, 0.8782729451810903, 0.87827294518105, 0.8782729451810157, 0.8782729451809869, 0.8782729451809616, 0.8782729451809383, 0.8782729451809103, 0.8782729451808413, 0.8782729451805192, 0.8782729451787091, 0.8782729451682019, 0.8782729451069132, 0.8782729447491561, 0.8782729426606141, 0.8782729304677718, 0.8782728592861826, 0.8782724437293283, 0.8782700177185421, 0.8782558548250986, 0.8781731761293422, 0.8776906372319743, 0.8748782790951454, 0.8586183675376825, 0.7688206975225235, 0.37698937041625197, -0.37698937041626607, -0.7688206975225274, -0.8586183675376831, -0.8748782790951456, -0.8776906372319744, -0.8781731761293419, -0.8782558548250985, -0.8782700177185426, -0.8782724437293288, -0.8782728592861829, -0.8782729304677721, -0.8782729426606144, -0.8782729447491566, -0.8782729451069139, -0.8782729451682023, -0.8782729451787095, -0.8782729451805196, -0.8782729451808416, -0.8782729451809107, -0.8782729451809385, -0.8782729451809624, -0.8782729451809876, -0.8782729451810164, -0.8782729451810504, -0.87827294518109, -0.8782729451811361, -0.87827294518119, -0.8782729451812525, -0.8782729451813257, -0.8782729451814101, -0.8782729451815083, -0.8782729451816225, -0.8782729451817556, -0.8782729451819095, -0.878272945182089, -0.8782729451822971, -0.8782729451825396, -0.8782729451828214, -0.8782729451831485, -0.8782729451835288, -0.8782729451839713, -0.8782729451844848, -0.878272945185082, -0.8782729451857766, -0.8782729451865832, -0.878272945187521, -0.8782729451886111, -0.8782729451898778, -0.8782729451913505, -0.8782729451930614, -0.878272945195051, -0.878272945197363, -0.8782729452000497, -0.8782729452031729, -0.8782729452068031, -0.8782729452110223, -0.8782729452159259, -0.8782729452216255, -0.8782729452282502, -0.8782729452359499, -0.8782729452448992, -0.8782729452553005, -0.8782729452673895, -0.8782729452814407, -0.8782729452977723, -0.878272945316754, -0.8782729453388163, -0.8782729453644587, -0.8782729453942628, -0.8782729454289033, -0.8782729454691655, -0.8782729455159616, -0.8782729455703515, -0.8782729456335682, -0.8782729457070441, -0.8782729457924436, -0.8782729458917017, -0.8782729460070678, -0.8782729461411561, -0.8782729462970041, -0.8782729464781435, -0.8782729466886787, -0.8782729469333809, -0.8782729472177931, -0.8782729475483607, -0.8782729479325736, -0.8782729483791377, -0.8782729488981715, -0.8782729495014349, -0.8782729502025975, -0.8782729510175469, -0.8782729519647485, -0.8782729530656637, -0.8782729543452384, -0.8782729558324663, -0.8782729575610454, -0.8782729595701431, -0.8782729619052823, -0.878272964619374, -0.8782729677739164, -0.8782729714403865, -0.8782729757018617, -0.8782729806549021, -0.8782729864117371, -0.8782729931028087, -0.8782730008797294, -0.8782730099187149, -0.8782730204245781, -0.8782730326353712, -0.878273046827779, -0.8782730633233875, -0.878273082495975, -0.8782731047799793, -0.8782731306803416, -0.8782731607839542, -0.8782731957729571, -0.8782732364401992, -0.878273283707207, -0.8782733386450723, -0.8782734024987283, -0.8782734767151701, -0.8782735629762577, -0.8782736632368414, -0.8782737797690872, -0.878273915213996, -0.8782740726412962, -0.8782742556190662, -0.8782744682946744, -0.8782747154888759, -0.8782750028052144, -0.8782753367572124, -0.8782757249162683, -0.878276176083626, -0.8782767004903566, -0.8782773100299359, -0.8782780185287549, -0.8782788420607845, -0.8782797993136524, -0.8782809120145982, -0.878282205426186, -0.8782837089233172, -0.8782854566650475, -0.878287488376984, -0.8782898502627805, -0.87829259606641, -0.8782957883107038, -0.8782994997421316, -0.8783038150171402, -0.8783088326717691, -0.8783146674239232, -0.878321452866907, -0.8783293446239975, -0.8783385240473951, -0.8783492025615123, -0.8783616267709453, -0.878376084478766, -0.8783929117922572, -0.878412501532773, -0.8784353132164407, -0.878461884936278, -0.8784928475584454, -0.8785289417520182, -0.8785710385114275, -0.8786201640156713, -0.8786775299156447, -0.8787445704749594, -0.878822988446048, -0.8789148121943281, -0.8790224674666617, -0.879148868454033, -0.879297534603431, -0.8794727422741415, -0.8796797242623178, -0.8799249361749246, -0.8802164178578532, -0.880564292699197, -0.880981471399563, -0.8814846666096439, -0.8820958937593831, -0.8828447573941866, -0.8837720555468154, -0.8849356970615536, -0.8864209040068141, -0.8883589085487581, -0.8909640408105036, -0.8946157910729273, -0.900072286508604, -0.9091840872323844, -0.9283910962816528, -1.0]'
