c = [1.0, 0.9283910962816533, 0.9091840872323845, 0.9000722865086044, 0.8946157910729277, 0.8909640408105045, 0.8883589085487585, 0.8864209040068145, 0.8849356970615538, 0.8837720555468159, 0.8828447573941876, 0.8820958937593835, 0.8814846666096442, 0.8809814713995637, 0.880564292699198, 0.8802164178578539, 0.8799249361749254, 0.8796797242623184, 0.8794727422741425, 0.879297534603432, 0.8791488684540341, 0.8790224674666626, 0.8789148121943294, 0.8788229884460492, 0.87874457047496, 0.8786775299156457, 0.8786201640156727, 0.8785710385114285, 0.8785289417520196, 0.8784928475584468, 0.8784618849362792, 0.8784353132164415, 0.8784125015327736, 0.8783929117922579, 0.8783760844787668, 0.8783616267709468, 0.8783492025615133, 0.8783385240473961, 0.8783293446239984, 0.8783214528669084, 0.8783146674239242, 0.8783088326717705, 0.8783038150171416, 0.8782994997421332, 0.878295788310705, 0.8782925960664112, 0.8782898502627814, 0.8782874883769851, 0.8782854566650483, 0.8782837089233181, 0.8782822054261864, 0.878280912014599, 0.8782797993136533, 0.8782788420607854, 0.8782780185287564, 0.8782773100299369, 0.8782767004903578, 0.8782761760836272, 0.8782757249162696, 0.8782753367572138, 0.8782750028052156, 0.8782747154888775, 0.8782744682946755, 0.8782742556190674, 0.8782740726412975, 0.8782739152139976, 0.8782737797690882, 0.8782736632368426, 0.878273562976259, 0.8782734767151716, 0.8782734024987294, 0.8782733386450734, 0.8782732837072087, 0.8782732364402006, 0.8782731957729584, 0.8782731607839556, 0.8782731306803433, 0.8782731047799804, 0.8782730824959766, 0.8782730633233892, 0.8782730468277802, 0.8782730326353724, 0.8782730204245791, 0.8782730099187164, 0.8782730008797308, 0.8782729931028105, 0.8782729864117387, 0.8782729806549037, 0.8782729757018634, 0.8782729714403877, 0.8782729677739173, 0.878272964619375, 0.8782729619052829, 0.878272959570144, 0.8782729575610467, 0.8782729558324678, 0.8782729543452399, 0.8782729530656652, 0.8782729519647492, 0.8782729510175478, 0.8782729502025988, 0.8782729495014362, 0.8782729488981725, 0.878272948379139, 0.8782729479325748, 0.8782729475483618, 0.8782729472177944, 0.8782729469333821, 0.8782729466886802, 0.8782729464781446, 0.8782729462970053, 0.8782729461411568, 0.8782729460070687, 0.8782729458917026, 0.8782729457924445, 0.8782729457070447, 0.8782729456335696, 0.8782729455703531, 0.8782729455159628, 0.8782729454691668, 0.8782729454289046, 0.878272945394264, 0.87827294536446, 0.8782729453388174, 0.8782729453167556, 0.8782729452977738, 0.878272945281442, 0.8782729452673907, 0.8782729452553011, 0.8782729452448998, 0.8782729452359511, 0.8782729452282515, 0.8782729452216266, 0.8782729452159269, 0.8782729452110233, 0.8782729452068044, 0.8782729452031739, 0.8782729452000507, 0.8782729451973637, 0.878272945195052, 0.8782729451930631, 0.8782729451913518, 0.8782729451898793, 0.8782729451886124, 0.878272945187522, 0.878272945186584, 0.8782729451857774, 0.8782729451850836, 0.8782729451844862, 0.8782729451839725, 0.8782729451835304, 0.8782729451831497, 0.8782729451828223, 0.8782729451825407, 0.8782729451822986, 0.8782729451820903, 0.8782729451819107, 0.8782729451817561, 0.8782729451816234, 0.8782729451815091, 0.8782729451814112, 0.8782729451813265, 0.8782729451812539, 0.8782729451811915, 0.8782729451811373, 0.8782729451810909, 0.8782729451810514, 0.8782729451810168, 0.8782729451809873, 0.8782729451809617, 0.8782729451809396, 0.8782729451809193, 0.8782729451808943, 0.8782729451808274, 0.8782729451805076, 0.8782729451786991, 0.8782729451681937, 0.8782729451069067, 0.8782729447491504, 0.8782729426606093, 0.8782729304677676, 0.8782728592861799, 0.8782724437293261, 0.8782700177185401, 0.8782558548250969, 0.8781731761293406, 0.8776906372319736, 0.8748782790951449, 0.8586183675376822, 0.7688206975225234, 0.37698937041625247, -0.37698937041626507, -0.7688206975225269, -0.8586183675376826, -0.8748782790951447, -0.8776906372319735, -0.8781731761293404, -0.8782558548250965, -0.8782700177185404, -0.878272443729326, -0.8782728592861798, -0.878272930467768, -0.8782729426606096, -0.878272944749151, -0.8782729451069069, -0.8782729451681939, -0.8782729451786995, -0.8782729451805075, -0.8782729451808281, -0.8782729451808947, -0.8782729451809195, -0.87827294518094, -0.8782729451809621, -0.8782729451809873, -0.878272945181017, -0.878272945181051, -0.8782729451810912, -0.8782729451811373, -0.8782729451811914, -0.8782729451812538, -0.8782729451813268, -0.8782729451814112, -0.8782729451815096, -0.8782729451816238, -0.8782729451817566, -0.8782729451819111, -0.8782729451820901, -0.8782729451822985, -0.8782729451825412, -0.8782729451828224, -0.8782729451831498, -0.8782729451835304, -0.8782729451839723, -0.8782729451844863, -0.8782729451850836, -0.8782729451857775, -0.8782729451865845, -0.878272945187522, -0.8782729451886122, -0.8782729451898793, -0.8782729451913515, -0.8782729451930625, -0.878272945195052, -0.878272945197364, -0.8782729452000508, -0.8782729452031739, -0.8782729452068041, -0.8782729452110234, -0.8782729452159274, -0.8782729452216269, -0.8782729452282513, -0.8782729452359508, -0.8782729452448998, -0.878272945255301, -0.8782729452673905, -0.8782729452814415, -0.8782729452977733, -0.8782729453167548, -0.8782729453388173, -0.8782729453644602, -0.8782729453942641, -0.8782729454289046, -0.8782729454691668, -0.8782729455159629, -0.878272945570353, -0.8782729456335696, -0.8782729457070455, -0.8782729457924446, -0.8782729458917026, -0.8782729460070687, -0.8782729461411573, -0.8782729462970051, -0.8782729464781447, -0.8782729466886804, -0.878272946933382, -0.8782729472177947, -0.878272947548362, -0.878272947932575, -0.878272948379139, -0.8782729488981729, -0.8782729495014363, -0.8782729502025988, -0.8782729510175481, -0.8782729519647492, -0.8782729530656652, -0.8782729543452402, -0.8782729558324678, -0.8782729575610468, -0.8782729595701441, -0.8782729619052829, -0.8782729646193749, -0.8782729677739173, -0.8782729714403873, -0.8782729757018629, -0.8782729806549037, -0.8782729864117381, -0.8782729931028103, -0.878273000879731, -0.8782730099187157, -0.878273020424579, -0.8782730326353726, -0.8782730468277798, -0.8782730633233886, -0.8782730824959766, -0.8782731047799803, -0.878273130680343, -0.8782731607839558, -0.8782731957729586, -0.8782732364402004, -0.8782732837072086, -0.8782733386450738, -0.8782734024987294, -0.8782734767151714, -0.8782735629762587, -0.8782736632368423, -0.8782737797690884, -0.8782739152139971, -0.8782740726412978, -0.8782742556190674, -0.8782744682946751, -0.8782747154888771, -0.8782750028052154, -0.8782753367572137, -0.8782757249162694, -0.8782761760836274, -0.878276700490358, -0.8782773100299371, -0.8782780185287564, -0.8782788420607854, -0.8782797993136535, -0.878280912014599, -0.8782822054261865, -0.8782837089233185, -0.8782854566650485, -0.8782874883769851, -0.8782898502627817, -0.8782925960664112, -0.8782957883107051, -0.8782994997421327, -0.8783038150171415, -0.8783088326717701, -0.8783146674239242, -0.8783214528669081, -0.8783293446239985, -0.8783385240473963, -0.8783492025615135, -0.8783616267709464, -0.8783760844787666, -0.8783929117922578, -0.8784125015327736, -0.8784353132164421, -0.8784618849362794, -0.878492847558447, -0.8785289417520197, -0.8785710385114283, -0.8786201640156722, -0.8786775299156455, -0.8787445704749602, -0.8788229884460494, -0.8789148121943291, -0.8790224674666629, -0.8791488684540344, -0.879297534603432, -0.8794727422741427, -0.8796797242623184, -0.8799249361749253, -0.8802164178578539, -0.8805642926991976, -0.8809814713995635, -0.8814846666096441, -0.8820958937593835, -0.8828447573941869, -0.8837720555468159, -0.8849356970615541, -0.8864209040068145, -0.888358908548759, -0.8909640408105041, -0.8946157910729277, -0.9000722865086042, -0.9091840872323848, -0.928391096281653, -1.0]'
