c = [1.0, 0.9283910962816535, 0.9091840872323845, 0.9000722865086046, 0.894615791072928, 0.8909640408105047, 0.8883589085487592, 0.8864209040068147, 0.8849356970615548, 0.8837720555468167, 0.882844757394188, 0.8820958937593841, 0.8814846666096451, 0.8809814713995645, 0.8805642926991984, 0.8802164178578544, 0.8799249361749258, 0.8796797242623196, 0.8794727422741435, 0.8792975346034322, 0.8791488684540347, 0.8790224674666637, 0.8789148121943298, 0.8788229884460502, 0.8787445704749615, 0.8786775299156466, 0.8786201640156733, 0.8785710385114294, 0.8785289417520203, 0.8784928475584474, 0.8784618849362801, 0.8784353132164429, 0.8784125015327751, 0.8783929117922593, 0.878376084478768, 0.8783616267709476, 0.8783492025615144, 0.8783385240473973, 0.8783293446239995, 0.8783214528669097, 0.8783146674239254, 0.8783088326717713, 0.8783038150171426, 0.8782994997421342, 0.8782957883107056, 0.8782925960664119, 0.8782898502627827, 0.878287488376986, 0.8782854566650491, 0.878283708923319, 0.8782822054261876, 0.8782809120146001, 0.8782797993136545, 0.8782788420607862, 0.8782780185287571, 0.8782773100299378, 0.8782767004903584, 0.8782761760836283, 0.8782757249162705, 0.8782753367572144, 0.8782750028052163, 0.8782747154888783, 0.8782744682946763, 0.8782742556190686, 0.8782740726412983, 0.8782739152139984, 0.8782737797690896, 0.8782736632368434, 0.8782735629762596, 0.8782734767151724, 0.8782734024987308, 0.8782733386450746, 0.878273283707209, 0.8782732364402012, 0.8782731957729598, 0.8782731607839567, 0.8782731306803438, 0.8782731047799817, 0.8782730824959779, 0.8782730633233898, 0.8782730468277808, 0.8782730326353737, 0.8782730204245803, 0.8782730099187173, 0.878273000879732, 0.8782729931028114, 0.8782729864117395, 0.8782729806549046, 0.878272975701864, 0.8782729714403884, 0.8782729677739178, 0.8782729646193757, 0.8782729619052841, 0.8782729595701453, 0.8782729575610477, 0.8782729558324688, 0.8782729543452407, 0.8782729530656657, 0.8782729519647505, 0.8782729510175493, 0.8782729502025999, 0.8782729495014372, 0.8782729488981734, 0.8782729483791398, 0.8782729479325758, 0.8782729475483632, 0.8782729472177954, 0.8782729469333829, 0.8782729466886814, 0.8782729464781458, 0.8782729462970061, 0.8782729461411578, 0.87827294600707, 0.8782729458917036, 0.8782729457924459, 0.8782729457070465, 0.8782729456335708, 0.8782729455703538, 0.8782729455159636, 0.8782729454691677, 0.8782729454289054, 0.8782729453942647, 0.8782729453644615, 0.8782729453388189, 0.8782729453167566, 0.8782729452977746, 0.8782729452814426, 0.8782729452673915, 0.8782729452553024, 0.8782729452449012, 0.8782729452359517, 0.8782729452282519, 0.8782729452216276, 0.8782729452159284, 0.8782729452110241, 0.8782729452068049, 0.878272945203175, 0.878272945200052, 0.8782729451973651, 0.8782729451950533, 0.8782729451930641, 0.8782729451913526, 0.8782729451898798, 0.8782729451886127, 0.8782729451875226, 0.8782729451865853, 0.8782729451857785, 0.8782729451850846, 0.8782729451844873, 0.878272945183973, 0.8782729451835309, 0.8782729451831505, 0.8782729451828233, 0.878272945182542, 0.8782729451822994, 0.8782729451820909, 0.8782729451819116, 0.8782729451817571, 0.8782729451816247, 0.8782729451815103, 0.8782729451814121, 0.8782729451813278, 0.8782729451812548, 0.878272945181192, 0.8782729451811385, 0.8782729451810921, 0.8782729451810521, 0.8782729451810177, 0.8782729451809882, 0.8782729451809629, 0.8782729451809412, 0.878272945180922, 0.8782729451809043, 0.8782729451808813, 0.8782729451808167, 0.8782729451804986, 0.8782729451786916, 0.878272945168187, 0.8782729451069007, 0.8782729447491462, 0.878272942660606, 0.8782729304677647, 0.8782728592861773, 0.8782724437293237, 0.8782700177185387, 0.8782558548250957, 0.8781731761293396, 0.8776906372319727, 0.8748782790951442, 0.8586183675376816, 0.7688206975225234, 0.37698937041625286, -0.37698937041626457, -0.7688206975225267, -0.8586183675376826, -0.874878279095144, -0.8776906372319729, -0.8781731761293396, -0.8782558548250956, -0.8782700177185389, -0.878272443729324, -0.8782728592861775, -0.878272930467765, -0.8782729426606058, -0.8782729447491461, -0.8782729451069009, -0.8782729451681877, -0.8782729451786919, -0.8782729451804984, -0.8782729451808167, -0.8782729451808814, -0.8782729451809042, -0.8782729451809221, -0.8782729451809409, -0.8782729451809632, -0.8782729451809882, -0.8782729451810181, -0.8782729451810523, -0.8782729451810923, -0.8782729451811385, -0.8782729451811925, -0.878272945181255, -0.8782729451813279, -0.8782729451814125, -0.8782729451815104, -0.8782729451816245, -0.8782729451817578, -0.8782729451819117, -0.8782729451820911, -0.8782729451822997, -0.8782729451825417, -0.8782729451828235, -0.8782729451831508, -0.878272945183531, -0.8782729451839734, -0.8782729451844867, -0.8782729451850845, -0.8782729451857789, -0.8782729451865854, -0.8782729451875229, -0.8782729451886131, -0.8782729451898801, -0.8782729451913523, -0.8782729451930636, -0.8782729451950532, -0.8782729451973652, -0.8782729452000526, -0.8782729452031758, -0.8782729452068054, -0.8782729452110245, -0.8782729452159284, -0.8782729452216275, -0.8782729452282523, -0.8782729452359516, -0.878272945244901, -0.8782729452553022, -0.8782729452673916, -0.8782729452814431, -0.8782729452977747, -0.8782729453167561, -0.8782729453388187, -0.8782729453644614, -0.8782729453942651, -0.8782729454289057, -0.8782729454691681, -0.8782729455159637, -0.8782729455703535, -0.8782729456335703, -0.8782729457070463, -0.8782729457924454, -0.8782729458917036, -0.8782729460070697, -0.878272946141158, -0.8782729462970064, -0.878272946478146, -0.8782729466886814, -0.8782729469333831, -0.8782729472177957, -0.878272947548363, -0.8782729479325757, -0.8782729483791398, -0.8782729488981732, -0.8782729495014373, -0.8782729502026, -0.8782729510175491, -0.8782729519647509, -0.8782729530656662, -0.8782729543452409, -0.8782729558324687, -0.8782729575610477, -0.8782729595701446, -0.8782729619052839, -0.8782729646193761, -0.8782729677739181, -0.8782729714403885, -0.8782729757018642, -0.8782729806549042, -0.878272986411739, -0.8782729931028114, -0.8782730008797316, -0.878273009918717, -0.8782730204245802, -0.8782730326353734, -0.8782730468277808, -0.8782730633233902, -0.8782730824959775, -0.8782731047799811, -0.8782731306803441, -0.8782731607839567, -0.8782731957729594, -0.8782732364402014, -0.8782732837072094, -0.8782733386450745, -0.8782734024987306, -0.8782734767151724, -0.8782735629762599, -0.8782736632368434, -0.878273779769089, -0.8782739152139981, -0.8782740726412986, -0.8782742556190687, -0.8782744682946764, -0.8782747154888786, -0.8782750028052169, -0.8782753367572148, -0.878275724916271, -0.8782761760836283, -0.8782767004903589, -0.8782773100299383, -0.878278018528757, -0.8782788420607865, -0.8782797993136542, -0.8782809120146, -0.8782822054261877, -0.8782837089233195, -0.8782854566650496, -0.8782874883769861, -0.878289850262783, -0.8782925960664122, -0.8782957883107062, -0.878299499742134, -0.8783038150171425, -0.8783088326717713, -0.8783146674239252, -0.878321452866909, -0.878329344623999, -0.8783385240473967, -0.878349202561514, -0.8783616267709476, -0.8783760844787678, -0.8783929117922589, -0.8784125015327746, -0.8784353132164426, -0.87846188493628, -0.8784928475584473, -0.8785289417520201, -0.8785710385114291, -0.8786201640156729, -0.8786775299156463, -0.8787445704749611, -0.8788229884460501, -0.87891481219433, -0.8790224674666635, -0.8791488684540351, -0.8792975346034326, -0.8794727422741433, -0.8796797242623191, -0.8799249361749257, -0.8802164178578546, -0.8805642926991981, -0.8809814713995643, -0.881484666609645, -0.8820958937593842, -0.882844757394188, -0.8837720555468165, -0.8849356970615545, -0.8864209040068146, -0.8883589085487592, -0.8909640408105047, -0.8946157910729283, -0.9000722865086045, -0.9091840872323846, -0.9283910962816532, -1.0]'
