c = [1.0, 0.9283910962816536, 0.9091840872323845, 0.9000722865086047, 0.8946157910729282, 0.8909640408105045, 0.8883589085487598, 0.8864209040068151, 0.884935697061555, 0.8837720555468168, 0.8828447573941884, 0.8820958937593847, 0.8814846666096455, 0.8809814713995646, 0.8805642926991987, 0.8802164178578552, 0.8799249361749265, 0.8796797242623197, 0.8794727422741441, 0.879297534603433, 0.8791488684540352, 0.8790224674666645, 0.878914812194331, 0.8788229884460508, 0.8787445704749619, 0.8786775299156472, 0.8786201640156739, 0.8785710385114297, 0.8785289417520207, 0.878492847558448, 0.8784618849362809, 0.8784353132164436, 0.8784125015327755, 0.8783929117922596, 0.8783760844787682, 0.8783616267709481, 0.878349202561515, 0.8783385240473979, 0.878329344624, 0.8783214528669101, 0.8783146674239257, 0.8783088326717717, 0.8783038150171426, 0.8782994997421343, 0.8782957883107065, 0.8782925960664123, 0.878289850262783, 0.8782874883769866, 0.8782854566650499, 0.8782837089233199, 0.8782822054261884, 0.8782809120146006, 0.8782797993136549, 0.878278842060787, 0.8782780185287576, 0.878277310029939, 0.8782767004903594, 0.8782761760836288, 0.8782757249162713, 0.8782753367572151, 0.8782750028052171, 0.8782747154888791, 0.8782744682946769, 0.8782742556190692, 0.8782740726412995, 0.878273915213999, 0.87827377976909, 0.8782736632368441, 0.8782735629762606, 0.8782734767151734, 0.878273402498731, 0.8782733386450748, 0.8782732837072103, 0.8782732364402024, 0.87827319577296, 0.8782731607839576, 0.8782731306803448, 0.878273104779982, 0.8782730824959781, 0.8782730633233908, 0.8782730468277816, 0.8782730326353744, 0.8782730204245812, 0.8782730099187179, 0.8782730008797326, 0.878272993102812, 0.8782729864117399, 0.8782729806549051, 0.8782729757018644, 0.8782729714403888, 0.8782729677739187, 0.8782729646193767, 0.8782729619052848, 0.8782729595701458, 0.8782729575610482, 0.8782729558324691, 0.8782729543452417, 0.8782729530656669, 0.8782729519647513, 0.8782729510175501, 0.8782729502026007, 0.8782729495014379, 0.8782729488981744, 0.8782729483791409, 0.8782729479325768, 0.8782729475483637, 0.8782729472177964, 0.8782729469333836, 0.8782729466886819, 0.8782729464781464, 0.8782729462970069, 0.8782729461411585, 0.8782729460070708, 0.8782729458917048, 0.8782729457924465, 0.8782729457070471, 0.8782729456335712, 0.8782729455703545, 0.8782729455159642, 0.8782729454691682, 0.8782729454289067, 0.8782729453942661, 0.8782729453644621, 0.8782729453388196, 0.878272945316757, 0.8782729452977751, 0.8782729452814438, 0.8782729452673926, 0.8782729452553029, 0.8782729452449014, 0.8782729452359525, 0.8782729452282532, 0.8782729452216281, 0.8782729452159287, 0.8782729452110248, 0.8782729452068059, 0.878272945203176, 0.8782729452000528, 0.8782729451973659, 0.878272945195054, 0.8782729451930644, 0.8782729451913527, 0.8782729451898803, 0.8782729451886138, 0.8782729451875236, 0.8782729451865863, 0.8782729451857793, 0.8782729451850849, 0.8782729451844877, 0.8782729451839738, 0.8782729451835317, 0.8782729451831514, 0.878272945182824, 0.8782729451825422, 0.8782729451822998, 0.8782729451820913, 0.8782729451819122, 0.8782729451817579, 0.8782729451816254, 0.8782729451815114, 0.8782729451814129, 0.878272945181328, 0.8782729451812556, 0.8782729451811928, 0.878272945181139, 0.8782729451810924, 0.8782729451810527, 0.8782729451810184, 0.878272945180989, 0.8782729451809635, 0.8782729451809418, 0.878272945180924, 0.8782729451809091, 0.8782729451808945, 0.878272945180873, 0.8782729451808093, 0.8782729451804923, 0.8782729451786869, 0.8782729451681832, 0.8782729451068972, 0.8782729447491431, 0.8782729426606031, 0.8782729304677628, 0.8782728592861757, 0.8782724437293223, 0.8782700177185375, 0.8782558548250949, 0.8781731761293388, 0.8776906372319724, 0.8748782790951438, 0.8586183675376817, 0.7688206975225232, 0.37698937041625263, -0.37698937041626496, -0.7688206975225267, -0.8586183675376822, -0.8748782790951438, -0.8776906372319726, -0.8781731761293391, -0.8782558548250948, -0.8782700177185379, -0.8782724437293227, -0.8782728592861755, -0.8782729304677624, -0.8782729426606035, -0.8782729447491432, -0.8782729451068974, -0.878272945168183, -0.8782729451786867, -0.8782729451804924, -0.8782729451808096, -0.8782729451808727, -0.8782729451808948, -0.8782729451809104, -0.8782729451809264, -0.8782729451809433, -0.8782729451809642, -0.8782729451809891, -0.8782729451810187, -0.8782729451810529, -0.878272945181093, -0.8782729451811395, -0.8782729451811928, -0.8782729451812555, -0.8782729451813287, -0.8782729451814127, -0.878272945181511, -0.8782729451816255, -0.8782729451817581, -0.8782729451819125, -0.878272945182092, -0.8782729451823003, -0.8782729451825427, -0.878272945182824, -0.8782729451831517, -0.878272945183532, -0.8782729451839739, -0.8782729451844875, -0.8782729451850849, -0.8782729451857793, -0.8782729451865858, -0.8782729451875236, -0.8782729451886139, -0.8782729451898807, -0.8782729451913533, -0.8782729451930648, -0.8782729451950537, -0.8782729451973659, -0.8782729452000528, -0.8782729452031758, -0.878272945206806, -0.8782729452110247, -0.8782729452159287, -0.8782729452216282, -0.8782729452282528, -0.8782729452359526, -0.8782729452449015, -0.878272945255303, -0.8782729452673925, -0.8782729452814438, -0.8782729452977752, -0.8782729453167569, -0.8782729453388194, -0.8782729453644618, -0.8782729453942654, -0.8782729454289059, -0.8782729454691685, -0.8782729455159641, -0.8782729455703542, -0.878272945633571, -0.8782729457070467, -0.8782729457924463, -0.8782729458917045, -0.8782729460070705, -0.8782729461411588, -0.8782729462970073, -0.8782729464781467, -0.8782729466886818, -0.8782729469333836, -0.8782729472177959, -0.8782729475483639, -0.8782729479325769, -0.8782729483791407, -0.8782729488981744, -0.8782729495014379, -0.8782729502026005, -0.8782729510175497, -0.8782729519647513, -0.8782729530656664, -0.8782729543452414, -0.8782729558324697, -0.8782729575610482, -0.8782729595701456, -0.8782729619052849, -0.8782729646193763, -0.8782729677739186, -0.8782729714403893, -0.8782729757018646, -0.8782729806549049, -0.8782729864117398, -0.8782729931028118, -0.8782730008797325, -0.8782730099187177, -0.878273020424581, -0.8782730326353739, -0.8782730468277817, -0.8782730633233907, -0.8782730824959782, -0.878273104779982, -0.8782731306803448, -0.8782731607839573, -0.8782731957729604, -0.8782732364402022, -0.8782732837072103, -0.8782733386450753, -0.878273402498731, -0.8782734767151732, -0.8782735629762607, -0.8782736632368443, -0.8782737797690899, -0.8782739152139991, -0.8782740726412996, -0.8782742556190694, -0.8782744682946776, -0.8782747154888791, -0.8782750028052174, -0.8782753367572153, -0.8782757249162713, -0.8782761760836291, -0.8782767004903593, -0.8782773100299388, -0.8782780185287579, -0.8782788420607872, -0.8782797993136551, -0.8782809120146008, -0.8782822054261886, -0.8782837089233202, -0.8782854566650503, -0.8782874883769868, -0.8782898502627836, -0.878292596066413, -0.8782957883107069, -0.8782994997421347, -0.8783038150171429, -0.8783088326717716, -0.8783146674239257, -0.8783214528669101, -0.878329344624, -0.8783385240473978, -0.8783492025615152, -0.878361626770948, -0.8783760844787682, -0.8783929117922595, -0.8784125015327754, -0.8784353132164434, -0.8784618849362804, -0.8784928475584481, -0.878528941752021, -0.8785710385114297, -0.8786201640156738, -0.878677529915647, -0.8787445704749619, -0.8788229884460508, -0.8789148121943307, -0.8790224674666642, -0.8791488684540352, -0.8792975346034332, -0.879472742274144, -0.87967972426232, -0.8799249361749267, -0.8802164178578553, -0.8805642926991992, -0.880981471399565, -0.8814846666096455, -0.8820958937593842, -0.8828447573941884, -0.8837720555468169, -0.884935697061555, -0.8864209040068151, -0.8883589085487593, -0.8909640408105046, -0.8946157910729284, -0.9000722865086046, -0.9091840872323848, -0.9283910962816533, -1.0]'
