c = [1.0, 0.9283910962816535, 0.9091840872323849, 0.9000722865086047, 0.8946157910729288, 0.8909640408105053, 0.88835890854876, 0.8864209040068156, 0.8849356970615557, 0.8837720555468178, 0.8828447573941888, 0.8820958937593849, 0.8814846666096459, 0.8809814713995657, 0.8805642926991996, 0.8802164178578553, 0.8799249361749273, 0.8796797242623204, 0.8794727422741445, 0.8792975346034341, 0.8791488684540365, 0.8790224674666652, 0.8789148121943318, 0.8788229884460518, 0.8787445704749627, 0.8786775299156477, 0.8786201640156746, 0.8785710385114307, 0.8785289417520219, 0.8784928475584495, 0.878461884936282, 0.8784353132164443, 0.8784125015327763, 0.8783929117922604, 0.8783760844787695, 0.8783616267709494, 0.8783492025615162, 0.8783385240473989, 0.8783293446240011, 0.878321452866911, 0.8783146674239263, 0.8783088326717725, 0.8783038150171437, 0.8782994997421352, 0.8782957883107073, 0.8782925960664134, 0.8782898502627844, 0.8782874883769878, 0.8782854566650513, 0.8782837089233209, 0.8782822054261892, 0.8782809120146016, 0.8782797993136556, 0.8782788420607883, 0.8782780185287589, 0.8782773100299396, 0.8782767004903602, 0.8782761760836297, 0.878275724916272, 0.8782753367572163, 0.8782750028052181, 0.8782747154888801, 0.8782744682946784, 0.8782742556190702, 0.8782740726413002, 0.8782739152139999, 0.8782737797690913, 0.8782736632368453, 0.8782735629762612, 0.878273476715174, 0.8782734024987323, 0.8782733386450761, 0.8782732837072108, 0.8782732364402033, 0.8782731957729615, 0.8782731607839582, 0.8782731306803455, 0.8782731047799833, 0.8782730824959791, 0.8782730633233916, 0.8782730468277826, 0.878273032635375, 0.8782730204245821, 0.8782730099187188, 0.8782730008797334, 0.8782729931028129, 0.8782729864117407, 0.8782729806549062, 0.8782729757018658, 0.8782729714403903, 0.8782729677739199, 0.8782729646193778, 0.8782729619052855, 0.8782729595701463, 0.8782729575610493, 0.8782729558324707, 0.8782729543452428, 0.8782729530656679, 0.878272951964752, 0.8782729510175507, 0.8782729502026017, 0.8782729495014391, 0.8782729488981752, 0.8782729483791417, 0.878272947932578, 0.8782729475483646, 0.878272947217797, 0.8782729469333844, 0.8782729466886829, 0.8782729464781476, 0.8782729462970084, 0.87827294614116, 0.878272946007072, 0.8782729458917056, 0.8782729457924471, 0.8782729457070477, 0.8782729456335717, 0.8782729455703551, 0.8782729455159656, 0.8782729454691698, 0.8782729454289074, 0.8782729453942666, 0.8782729453644624, 0.8782729453388197, 0.878272945316758, 0.8782729452977762, 0.8782729452814444, 0.8782729452673931, 0.8782729452553039, 0.8782729452449026, 0.8782729452359531, 0.8782729452282535, 0.8782729452216291, 0.8782729452159298, 0.8782729452110263, 0.8782729452068071, 0.8782729452031771, 0.8782729452000538, 0.8782729451973663, 0.8782729451950542, 0.878272945193065, 0.878272945191354, 0.8782729451898816, 0.8782729451886152, 0.8782729451875251, 0.8782729451865868, 0.8782729451857799, 0.8782729451850858, 0.8782729451844886, 0.8782729451839749, 0.8782729451835324, 0.878272945183152, 0.8782729451828247, 0.8782729451825431, 0.8782729451823011, 0.8782729451820926, 0.8782729451819133, 0.8782729451817594, 0.8782729451816261, 0.8782729451815119, 0.8782729451814139, 0.878272945181329, 0.8782729451812562, 0.8782729451811934, 0.8782729451811397, 0.8782729451810934, 0.8782729451810538, 0.8782729451810195, 0.8782729451809899, 0.8782729451809645, 0.8782729451809428, 0.8782729451809242, 0.8782729451809077, 0.8782729451808935, 0.87827294518088, 0.8782729451808611, 0.8782729451807993, 0.8782729451804836, 0.8782729451786792, 0.8782729451681767, 0.8782729451068924, 0.8782729447491391, 0.8782729426605994, 0.8782729304677596, 0.8782728592861732, 0.8782724437293202, 0.8782700177185361, 0.8782558548250935, 0.8781731761293379, 0.8776906372319716, 0.8748782790951434, 0.8586183675376817, 0.7688206975225229, 0.3769893704162514, -0.37698937041626557, -0.7688206975225269, -0.858618367537682, -0.8748782790951436, -0.8776906372319719, -0.8781731761293383, -0.8782558548250933, -0.8782700177185356, -0.8782724437293207, -0.878272859286173, -0.8782729304677592, -0.8782729426605993, -0.8782729447491384, -0.8782729451068919, -0.8782729451681767, -0.8782729451786787, -0.8782729451804837, -0.8782729451807989, -0.8782729451808607, -0.87827294518088, -0.8782729451808939, -0.8782729451809078, -0.8782729451809241, -0.8782729451809428, -0.8782729451809649, -0.8782729451809904, -0.8782729451810195, -0.8782729451810537, -0.878272945181094, -0.8782729451811402, -0.8782729451811937, -0.8782729451812565, -0.8782729451813291, -0.8782729451814137, -0.8782729451815121, -0.878272945181626, -0.8782729451817591, -0.8782729451819129, -0.8782729451820926, -0.8782729451823014, -0.8782729451825432, -0.8782729451828246, -0.878272945183152, -0.8782729451835327, -0.8782729451839746, -0.8782729451844884, -0.878272945185086, -0.8782729451857801, -0.8782729451865873, -0.878272945187525, -0.8782729451886148, -0.8782729451898815, -0.8782729451913539, -0.8782729451930649, -0.8782729451950544, -0.8782729451973661, -0.8782729452000536, -0.8782729452031768, -0.8782729452068069, -0.8782729452110263, -0.87827294521593, -0.8782729452216294, -0.878272945228254, -0.8782729452359539, -0.878272945244903, -0.8782729452553043, -0.8782729452673937, -0.8782729452814446, -0.8782729452977758, -0.8782729453167576, -0.8782729453388203, -0.8782729453644627, -0.8782729453942664, -0.8782729454289071, -0.8782729454691693, -0.8782729455159655, -0.8782729455703554, -0.8782729456335722, -0.8782729457070477, -0.8782729457924475, -0.8782729458917055, -0.8782729460070715, -0.8782729461411597, -0.8782729462970078, -0.8782729464781478, -0.8782729466886832, -0.8782729469333846, -0.8782729472177974, -0.8782729475483648, -0.8782729479325774, -0.8782729483791415, -0.8782729488981754, -0.8782729495014384, -0.8782729502026013, -0.878272951017551, -0.878272951964752, -0.8782729530656675, -0.8782729543452427, -0.8782729558324699, -0.878272957561049, -0.8782729595701468, -0.8782729619052856, -0.8782729646193773, -0.8782729677739196, -0.8782729714403901, -0.8782729757018656, -0.8782729806549062, -0.8782729864117409, -0.8782729931028128, -0.8782730008797337, -0.8782730099187189, -0.8782730204245819, -0.8782730326353749, -0.8782730468277825, -0.8782730633233916, -0.8782730824959795, -0.8782731047799829, -0.8782731306803456, -0.8782731607839583, -0.878273195772961, -0.8782732364402029, -0.878273283707211, -0.8782733386450762, -0.878273402498732, -0.8782734767151744, -0.8782735629762616, -0.8782736632368452, -0.8782737797690915, -0.8782739152140001, -0.8782740726413004, -0.8782742556190701, -0.8782744682946778, -0.87827471548888, -0.878275002805218, -0.878275336757216, -0.8782757249162721, -0.8782761760836298, -0.8782767004903604, -0.8782773100299396, -0.8782780185287589, -0.8782788420607882, -0.878279799313656, -0.8782809120146016, -0.8782822054261894, -0.8782837089233214, -0.8782854566650513, -0.8782874883769879, -0.8782898502627844, -0.8782925960664134, -0.8782957883107075, -0.8782994997421358, -0.878303815017144, -0.8783088326717728, -0.8783146674239268, -0.8783214528669108, -0.8783293446240008, -0.8783385240473984, -0.8783492025615158, -0.8783616267709493, -0.878376084478769, -0.8783929117922603, -0.8784125015327765, -0.8784353132164444, -0.8784618849362815, -0.8784928475584489, -0.8785289417520219, -0.8785710385114308, -0.8786201640156746, -0.8786775299156478, -0.8787445704749626, -0.8788229884460516, -0.8789148121943313, -0.879022467466665, -0.8791488684540363, -0.8792975346034342, -0.8794727422741452, -0.8796797242623206, -0.8799249361749272, -0.8802164178578554, -0.8805642926991996, -0.8809814713995653, -0.8814846666096459, -0.8820958937593849, -0.8828447573941883, -0.8837720555468171, -0.8849356970615552, -0.8864209040068153, -0.8883589085487595, -0.8909640408105051, -0.8946157910729285, -0.9000722865086049, -0.909184087232385, -0.9283910962816536, -1.0]'
