c = [1.0, 0.9283910962816533, 0.9091840872323853, 0.9000722865086048, 0.8946157910729287, 0.8909640408105052, 0.8883589085487602, 0.8864209040068161, 0.8849356970615558, 0.8837720555468176, 0.8828447573941889, 0.8820958937593855, 0.8814846666096462, 0.8809814713995654, 0.8805642926991998, 0.880216417857856, 0.8799249361749272, 0.8796797242623211, 0.8794727422741455, 0.8792975346034344, 0.8791488684540366, 0.8790224674666656, 0.878914812194332, 0.8788229884460517, 0.8787445704749628, 0.8786775299156482, 0.878620164015675, 0.8785710385114313, 0.8785289417520221, 0.8784928475584495, 0.878461884936282, 0.8784353132164447, 0.8784125015327766, 0.8783929117922611, 0.8783760844787699, 0.8783616267709495, 0.8783492025615163, 0.8783385240473992, 0.878329344624001, 0.8783214528669111, 0.8783146674239269, 0.8783088326717726, 0.8783038150171439, 0.8782994997421356, 0.878295788310708, 0.8782925960664139, 0.8782898502627849, 0.878287488376988, 0.8782854566650513, 0.8782837089233212, 0.8782822054261895, 0.8782809120146025, 0.8782797993136563, 0.8782788420607884, 0.8782780185287591, 0.87827731002994, 0.8782767004903607, 0.8782761760836303, 0.8782757249162725, 0.8782753367572168, 0.8782750028052189, 0.8782747154888805, 0.8782744682946786, 0.8782742556190705, 0.8782740726413008, 0.8782739152140006, 0.8782737797690912, 0.8782736632368452, 0.878273562976262, 0.8782734767151745, 0.8782734024987322, 0.8782733386450766, 0.8782732837072116, 0.8782732364402034, 0.8782731957729613, 0.8782731607839588, 0.8782731306803458, 0.8782731047799835, 0.8782730824959797, 0.8782730633233918, 0.8782730468277831, 0.8782730326353756, 0.8782730204245822, 0.8782730099187191, 0.8782730008797337, 0.878272993102813, 0.8782729864117413, 0.8782729806549064, 0.8782729757018661, 0.8782729714403906, 0.8782729677739199, 0.8782729646193778, 0.878272961905286, 0.8782729595701471, 0.8782729575610496, 0.8782729558324708, 0.8782729543452428, 0.8782729530656679, 0.8782729519647523, 0.8782729510175512, 0.8782729502026018, 0.878272949501439, 0.8782729488981756, 0.8782729483791417, 0.8782729479325778, 0.8782729475483648, 0.8782729472177973, 0.8782729469333846, 0.8782729466886836, 0.8782729464781481, 0.8782729462970086, 0.8782729461411602, 0.878272946007072, 0.8782729458917058, 0.8782729457924473, 0.8782729457070477, 0.8782729456335726, 0.8782729455703558, 0.8782729455159659, 0.8782729454691698, 0.8782729454289073, 0.8782729453942667, 0.8782729453644632, 0.8782729453388207, 0.8782729453167579, 0.8782729452977762, 0.878272945281445, 0.878272945267394, 0.8782729452553042, 0.8782729452449026, 0.8782729452359535, 0.8782729452282542, 0.8782729452216298, 0.8782729452159302, 0.8782729452110265, 0.8782729452068074, 0.8782729452031772, 0.8782729452000537, 0.8782729451973664, 0.8782729451950549, 0.8782729451930658, 0.8782729451913547, 0.8782729451898822, 0.8782729451886151, 0.8782729451875251, 0.8782729451865873, 0.8782729451857804, 0.8782729451850865, 0.8782729451844888, 0.878272945183975, 0.8782729451835328, 0.8782729451831522, 0.8782729451828252, 0.8782729451825435, 0.8782729451823015, 0.8782729451820933, 0.8782729451819137, 0.8782729451817591, 0.8782729451816267, 0.8782729451815123, 0.878272945181414, 0.8782729451813295, 0.8782729451812565, 0.878272945181194, 0.8782729451811404, 0.8782729451810939, 0.8782729451810538, 0.8782729451810197, 0.8782729451809902, 0.878272945180965, 0.8782729451809429, 0.8782729451809242, 0.8782729451809081, 0.8782729451808955, 0.8782729451808843, 0.8782729451808728, 0.8782729451808547, 0.878272945180794, 0.8782729451804792, 0.8782729451786756, 0.8782729451681733, 0.8782729451068896, 0.8782729447491365, 0.8782729426605974, 0.8782729304677582, 0.8782728592861718, 0.8782724437293195, 0.8782700177185352, 0.8782558548250929, 0.8781731761293378, 0.877690637231971, 0.874878279095143, 0.8586183675376813, 0.7688206975225228, 0.37698937041625147, -0.3769893704162654, -0.768820697522527, -0.8586183675376821, -0.8748782790951433, -0.8776906372319712, -0.8781731761293379, -0.878255854825093, -0.8782700177185351, -0.8782724437293193, -0.8782728592861718, -0.8782729304677579, -0.8782729426605976, -0.878272944749136, -0.8782729451068895, -0.8782729451681732, -0.8782729451786752, -0.878272945180479, -0.878272945180794, -0.8782729451808545, -0.878272945180873, -0.8782729451808851, -0.8782729451808969, -0.8782729451809098, -0.8782729451809246, -0.878272945180943, -0.8782729451809654, -0.8782729451809904, -0.87827294518102, -0.8782729451810545, -0.8782729451810941, -0.8782729451811406, -0.8782729451811945, -0.8782729451812569, -0.8782729451813298, -0.8782729451814137, -0.8782729451815127, -0.878272945181627, -0.8782729451817595, -0.8782729451819133, -0.878272945182093, -0.8782729451823016, -0.8782729451825435, -0.878272945182825, -0.8782729451831525, -0.8782729451835332, -0.8782729451839756, -0.8782729451844892, -0.8782729451850864, -0.8782729451857806, -0.8782729451865875, -0.8782729451875251, -0.8782729451886153, -0.8782729451898819, -0.8782729451913543, -0.8782729451930655, -0.8782729451950548, -0.8782729451973669, -0.8782729452000541, -0.8782729452031771, -0.8782729452068074, -0.8782729452110267, -0.8782729452159304, -0.8782729452216298, -0.8782729452282546, -0.8782729452359539, -0.8782729452449028, -0.8782729452553043, -0.878272945267394, -0.8782729452814448, -0.8782729452977761, -0.8782729453167583, -0.8782729453388205, -0.8782729453644633, -0.8782729453942669, -0.8782729454289075, -0.8782729454691697, -0.8782729455159659, -0.8782729455703557, -0.8782729456335723, -0.878272945707048, -0.8782729457924474, -0.878272945891706, -0.8782729460070722, -0.8782729461411601, -0.8782729462970087, -0.878272946478148, -0.8782729466886833, -0.8782729469333851, -0.8782729472177977, -0.878272947548365, -0.8782729479325779, -0.8782729483791423, -0.8782729488981755, -0.8782729495014391, -0.8782729502026021, -0.8782729510175509, -0.8782729519647522, -0.8782729530656681, -0.8782729543452429, -0.8782729558324706, -0.8782729575610497, -0.878272959570147, -0.8782729619052863, -0.8782729646193781, -0.8782729677739202, -0.8782729714403904, -0.8782729757018662, -0.8782729806549066, -0.8782729864117412, -0.8782729931028131, -0.8782730008797339, -0.8782730099187193, -0.8782730204245827, -0.8782730326353754, -0.8782730468277832, -0.8782730633233918, -0.8782730824959794, -0.8782731047799832, -0.8782731306803461, -0.8782731607839589, -0.8782731957729614, -0.8782732364402037, -0.8782732837072116, -0.8782733386450764, -0.8782734024987325, -0.8782734767151745, -0.8782735629762619, -0.8782736632368453, -0.878273779769091, -0.8782739152140007, -0.8782740726413004, -0.8782742556190702, -0.8782744682946784, -0.8782747154888806, -0.8782750028052186, -0.8782753367572163, -0.8782757249162726, -0.8782761760836301, -0.8782767004903607, -0.8782773100299399, -0.8782780185287591, -0.8782788420607885, -0.8782797993136563, -0.8782809120146019, -0.8782822054261895, -0.8782837089233212, -0.8782854566650514, -0.8782874883769886, -0.8782898502627849, -0.8782925960664143, -0.8782957883107081, -0.8782994997421358, -0.878303815017144, -0.8783088326717728, -0.8783146674239269, -0.8783214528669111, -0.878329344624001, -0.878338524047399, -0.8783492025615165, -0.8783616267709494, -0.8783760844787695, -0.8783929117922606, -0.8784125015327768, -0.8784353132164449, -0.8784618849362819, -0.8784928475584494, -0.8785289417520219, -0.878571038511431, -0.8786201640156748, -0.8786775299156482, -0.8787445704749629, -0.878822988446052, -0.8789148121943321, -0.8790224674666651, -0.8791488684540365, -0.879297534603434, -0.8794727422741452, -0.8796797242623209, -0.8799249361749274, -0.8802164178578555, -0.8805642926991993, -0.8809814713995652, -0.8814846666096458, -0.8820958937593849, -0.8828447573941887, -0.8837720555468175, -0.8849356970615555, -0.8864209040068157, -0.88835890854876, -0.8909640408105055, -0.8946157910729288, -0.9000722865086049, -0.9091840872323851, -0.9283910962816535, -1.0]'
