c = [1.0, 0.9283910962816535, 0.9091840872323853, 0.900072286508605, 0.8946157910729293, 0.8909640408105061, 0.8883589085487605, 0.886420904006816, 0.8849356970615556, 0.8837720555468183, 0.8828447573941893, 0.8820958937593854, 0.8814846666096467, 0.8809814713995661, 0.8805642926991999, 0.8802164178578566, 0.8799249361749283, 0.8796797242623215, 0.8794727422741458, 0.8792975346034347, 0.8791488684540368, 0.8790224674666655, 0.8789148121943321, 0.8788229884460522, 0.8787445704749635, 0.8786775299156491, 0.8786201640156757, 0.8785710385114316, 0.8785289417520227, 0.8784928475584503, 0.8784618849362827, 0.8784353132164459, 0.8784125015327777, 0.8783929117922619, 0.8783760844787705, 0.8783616267709502, 0.8783492025615167, 0.8783385240473995, 0.8783293446240019, 0.8783214528669117, 0.8783146674239275, 0.8783088326717737, 0.8783038150171453, 0.8782994997421367, 0.878295788310709, 0.8782925960664146, 0.8782898502627853, 0.8782874883769889, 0.878285456665052, 0.8782837089233223, 0.8782822054261904, 0.8782809120146029, 0.878279799313657, 0.8782788420607891, 0.8782780185287598, 0.8782773100299409, 0.8782767004903612, 0.878276176083631, 0.8782757249162737, 0.8782753367572174, 0.8782750028052194, 0.8782747154888811, 0.8782744682946795, 0.8782742556190715, 0.8782740726413012, 0.8782739152140008, 0.8782737797690923, 0.8782736632368462, 0.8782735629762621, 0.8782734767151755, 0.8782734024987334, 0.8782733386450771, 0.8782732837072118, 0.8782732364402044, 0.8782731957729621, 0.8782731607839597, 0.878273130680347, 0.8782731047799842, 0.8782730824959806, 0.8782730633233927, 0.8782730468277835, 0.8782730326353761, 0.8782730204245829, 0.8782730099187198, 0.8782730008797346, 0.8782729931028139, 0.878272986411742, 0.8782729806549073, 0.8782729757018665, 0.8782729714403908, 0.8782729677739209, 0.8782729646193789, 0.8782729619052869, 0.8782729595701477, 0.8782729575610504, 0.8782729558324712, 0.8782729543452436, 0.8782729530656687, 0.8782729519647527, 0.8782729510175515, 0.8782729502026027, 0.8782729495014396, 0.8782729488981759, 0.8782729483791424, 0.8782729479325785, 0.8782729475483655, 0.8782729472177984, 0.8782729469333861, 0.8782729466886844, 0.8782729464781487, 0.8782729462970089, 0.8782729461411607, 0.8782729460070726, 0.8782729458917063, 0.8782729457924486, 0.8782729457070492, 0.8782729456335734, 0.8782729455703565, 0.8782729455159662, 0.8782729454691703, 0.8782729454289084, 0.8782729453942678, 0.8782729453644635, 0.8782729453388212, 0.8782729453167589, 0.8782729452977773, 0.8782729452814453, 0.8782729452673941, 0.8782729452553049, 0.8782729452449035, 0.8782729452359547, 0.8782729452282553, 0.8782729452216306, 0.8782729452159309, 0.8782729452110266, 0.8782729452068074, 0.8782729452031774, 0.8782729452000545, 0.8782729451973675, 0.8782729451950558, 0.8782729451930669, 0.8782729451913551, 0.8782729451898826, 0.8782729451886157, 0.8782729451875257, 0.8782729451865883, 0.8782729451857811, 0.8782729451850868, 0.8782729451844895, 0.8782729451839756, 0.8782729451835339, 0.8782729451831534, 0.8782729451828263, 0.8782729451825448, 0.8782729451823023, 0.8782729451820935, 0.8782729451819146, 0.87827294518176, 0.8782729451816274, 0.8782729451815127, 0.8782729451814144, 0.87827294518133, 0.8782729451812574, 0.8782729451811947, 0.8782729451811409, 0.8782729451810944, 0.8782729451810548, 0.8782729451810206, 0.8782729451809907, 0.8782729451809653, 0.8782729451809436, 0.8782729451809254, 0.8782729451809091, 0.8782729451808949, 0.8782729451808832, 0.8782729451808724, 0.8782729451808623, 0.8782729451808458, 0.8782729451807861, 0.8782729451804726, 0.8782729451786698, 0.8782729451681685, 0.8782729451068856, 0.878272944749133, 0.8782729426605946, 0.8782729304677557, 0.8782728592861699, 0.8782724437293181, 0.8782700177185336, 0.8782558548250918, 0.8781731761293369, 0.8776906372319705, 0.8748782790951427, 0.8586183675376808, 0.7688206975225226, 0.37698937041625136, -0.3769893704162652, -0.7688206975225264, -0.8586183675376818, -0.874878279095143, -0.8776906372319706, -0.8781731761293368, -0.8782558548250918, -0.8782700177185335, -0.8782724437293178, -0.8782728592861695, -0.8782729304677558, -0.8782729426605947, -0.8782729447491331, -0.8782729451068854, -0.8782729451681689, -0.8782729451786694, -0.8782729451804725, -0.878272945180786, -0.8782729451808455, -0.8782729451808622, -0.8782729451808723, -0.8782729451808827, -0.8782729451808953, -0.8782729451809089, -0.878272945180925, -0.878272945180944, -0.8782729451809658, -0.8782729451809912, -0.878272945181021, -0.8782729451810548, -0.878272945181095, -0.8782729451811409, -0.878272945181195, -0.8782729451812579, -0.8782729451813303, -0.8782729451814147, -0.8782729451815132, -0.8782729451816275, -0.87827294518176, -0.8782729451819142, -0.8782729451820939, -0.8782729451823026, -0.8782729451825451, -0.8782729451828264, -0.8782729451831535, -0.8782729451835339, -0.8782729451839761, -0.8782729451844896, -0.8782729451850873, -0.8782729451857811, -0.8782729451865884, -0.8782729451875257, -0.8782729451886159, -0.878272945189883, -0.8782729451913553, -0.8782729451930665, -0.8782729451950559, -0.8782729451973678, -0.8782729452000548, -0.8782729452031779, -0.8782729452068082, -0.878272945211027, -0.8782729452159305, -0.87827294522163, -0.878272945228255, -0.8782729452359543, -0.8782729452449034, -0.8782729452553049, -0.8782729452673944, -0.8782729452814457, -0.878272945297777, -0.8782729453167589, -0.8782729453388213, -0.8782729453644641, -0.8782729453942677, -0.8782729454289082, -0.8782729454691703, -0.8782729455159662, -0.8782729455703568, -0.8782729456335734, -0.878272945707049, -0.8782729457924486, -0.8782729458917067, -0.8782729460070726, -0.8782729461411606, -0.8782729462970091, -0.8782729464781484, -0.8782729466886838, -0.8782729469333859, -0.8782729472177981, -0.8782729475483656, -0.8782729479325789, -0.8782729483791422, -0.878272948898176, -0.87827294950144, -0.8782729502026024, -0.8782729510175514, -0.8782729519647529, -0.8782729530656684, -0.8782729543452437, -0.8782729558324716, -0.8782729575610503, -0.8782729595701476, -0.878272961905287, -0.8782729646193788, -0.8782729677739208, -0.878272971440391, -0.8782729757018668, -0.8782729806549072, -0.8782729864117422, -0.8782729931028137, -0.8782730008797347, -0.87827300991872, -0.8782730204245831, -0.8782730326353763, -0.878273046827784, -0.8782730633233928, -0.8782730824959804, -0.8782731047799844, -0.8782731306803472, -0.8782731607839598, -0.8782731957729628, -0.8782732364402044, -0.8782732837072124, -0.8782733386450772, -0.8782734024987331, -0.8782734767151755, -0.8782735629762624, -0.878273663236846, -0.8782737797690922, -0.8782739152140012, -0.8782740726413013, -0.8782742556190709, -0.8782744682946791, -0.8782747154888811, -0.8782750028052192, -0.878275336757217, -0.8782757249162734, -0.8782761760836312, -0.8782767004903614, -0.8782773100299406, -0.8782780185287594, -0.8782788420607887, -0.8782797993136569, -0.878280912014603, -0.8782822054261905, -0.8782837089233222, -0.8782854566650522, -0.8782874883769887, -0.8782898502627854, -0.8782925960664146, -0.8782957883107085, -0.8782994997421367, -0.8783038150171448, -0.8783088326717738, -0.8783146674239279, -0.8783214528669122, -0.8783293446240021, -0.8783385240473996, -0.8783492025615173, -0.8783616267709502, -0.8783760844787702, -0.8783929117922614, -0.8784125015327772, -0.8784353132164454, -0.8784618849362826, -0.8784928475584501, -0.878528941752023, -0.8785710385114319, -0.878620164015676, -0.878677529915649, -0.8787445704749636, -0.8788229884460523, -0.8789148121943328, -0.879022467466666, -0.8791488684540374, -0.8792975346034346, -0.8794727422741456, -0.8796797242623212, -0.8799249361749278, -0.8802164178578561, -0.8805642926992, -0.8809814713995662, -0.8814846666096467, -0.8820958937593858, -0.8828447573941893, -0.8837720555468181, -0.8849356970615558, -0.8864209040068161, -0.8883589085487602, -0.8909640408105054, -0.8946157910729288, -0.9000722865086049, -0.9091840872323852, -0.9283910962816534, -1.0]'
