c = [1.0, 0.9283910962816536, 0.9091840872323858, 0.9000722865086056, 0.8946157910729291, 0.8909640408105057, 0.8883589085487603, 0.8864209040068164, 0.8849356970615562, 0.883772055546818, 0.8828447573941899, 0.8820958937593861, 0.8814846666096466, 0.8809814713995666, 0.8805642926992009, 0.8802164178578571, 0.8799249361749285, 0.8796797242623221, 0.8794727422741462, 0.8792975346034347, 0.8791488684540371, 0.8790224674666661, 0.8789148121943329, 0.878822988446053, 0.8787445704749638, 0.8786775299156493, 0.8786201640156759, 0.878571038511432, 0.8785289417520231, 0.8784928475584507, 0.8784618849362831, 0.8784353132164457, 0.8784125015327777, 0.8783929117922619, 0.8783760844787705, 0.8783616267709502, 0.8783492025615172, 0.8783385240473996, 0.8783293446240019, 0.8783214528669121, 0.878314667423928, 0.8783088326717742, 0.8783038150171456, 0.8782994997421367, 0.8782957883107089, 0.8782925960664147, 0.8782898502627856, 0.8782874883769896, 0.8782854566650525, 0.8782837089233224, 0.8782822054261907, 0.8782809120146032, 0.8782797993136572, 0.8782788420607897, 0.8782780185287602, 0.8782773100299416, 0.8782767004903623, 0.8782761760836315, 0.8782757249162739, 0.8782753367572176, 0.87827500280522, 0.8782747154888818, 0.8782744682946796, 0.8782742556190716, 0.878274072641302, 0.8782739152140018, 0.8782737797690924, 0.878273663236847, 0.8782735629762632, 0.8782734767151755, 0.8782734024987333, 0.8782733386450777, 0.8782732837072124, 0.878273236440205, 0.878273195772963, 0.87827316078396, 0.8782731306803474, 0.8782731047799848, 0.8782730824959807, 0.878273063323393, 0.8782730468277836, 0.8782730326353764, 0.8782730204245837, 0.8782730099187203, 0.8782730008797349, 0.8782729931028146, 0.8782729864117423, 0.8782729806549074, 0.8782729757018675, 0.8782729714403921, 0.8782729677739216, 0.8782729646193793, 0.8782729619052873, 0.8782729595701481, 0.878272957561051, 0.878272955832472, 0.8782729543452441, 0.878272953065669, 0.8782729519647537, 0.8782729510175521, 0.8782729502026029, 0.87827294950144, 0.8782729488981765, 0.8782729483791428, 0.8782729479325795, 0.8782729475483666, 0.8782729472177988, 0.8782729469333863, 0.8782729466886844, 0.878272946478149, 0.8782729462970092, 0.878272946141161, 0.8782729460070735, 0.8782729458917072, 0.8782729457924489, 0.8782729457070493, 0.8782729456335733, 0.8782729455703566, 0.878272945515967, 0.8782729454691711, 0.8782729454289087, 0.8782729453942678, 0.8782729453644641, 0.8782729453388217, 0.8782729453167591, 0.8782729452977772, 0.8782729452814458, 0.8782729452673949, 0.8782729452553056, 0.8782729452449043, 0.8782729452359553, 0.8782729452282555, 0.8782729452216307, 0.8782729452159309, 0.8782729452110271, 0.8782729452068083, 0.8782729452031783, 0.8782729452000555, 0.8782729451973683, 0.878272945195056, 0.878272945193067, 0.8782729451913555, 0.8782729451898831, 0.8782729451886165, 0.8782729451875262, 0.8782729451865884, 0.8782729451857814, 0.878272945185087, 0.8782729451844901, 0.878272945183976, 0.8782729451835342, 0.8782729451831539, 0.8782729451828263, 0.8782729451825444, 0.8782729451823027, 0.8782729451820939, 0.8782729451819146, 0.8782729451817602, 0.8782729451816276, 0.8782729451815134, 0.8782729451814153, 0.8782729451813305, 0.8782729451812576, 0.8782729451811951, 0.8782729451811413, 0.8782729451810952, 0.878272945181055, 0.878272945181021, 0.8782729451809913, 0.8782729451809665, 0.8782729451809447, 0.8782729451809256, 0.8782729451809096, 0.8782729451808956, 0.8782729451808838, 0.8782729451808736, 0.8782729451808641, 0.878272945180855, 0.8782729451808394, 0.8782729451807806, 0.8782729451804681, 0.8782729451786658, 0.8782729451681656, 0.8782729451068828, 0.8782729447491309, 0.8782729426605932, 0.8782729304677541, 0.8782728592861687, 0.878272443729317, 0.8782700177185331, 0.8782558548250914, 0.8781731761293363, 0.8776906372319702, 0.8748782790951424, 0.8586183675376811, 0.7688206975225238, 0.3769893704162552, -0.3769893704162619, -0.7688206975225254, -0.8586183675376813, -0.8748782790951425, -0.87769063723197, -0.8781731761293363, -0.8782558548250908, -0.8782700177185332, -0.8782724437293167, -0.8782728592861686, -0.8782729304677542, -0.8782729426605932, -0.8782729447491308, -0.878272945106883, -0.8782729451681655, -0.8782729451786659, -0.8782729451804683, -0.8782729451807806, -0.8782729451808388, -0.8782729451808549, -0.878272945180864, -0.8782729451808731, -0.8782729451808836, -0.8782729451808955, -0.8782729451809095, -0.8782729451809258, -0.8782729451809445, -0.8782729451809665, -0.8782729451809914, -0.8782729451810214, -0.8782729451810558, -0.8782729451810952, -0.8782729451811414, -0.8782729451811956, -0.8782729451812582, -0.8782729451813307, -0.8782729451814153, -0.8782729451815138, -0.878272945181628, -0.878272945181761, -0.8782729451819153, -0.8782729451820943, -0.8782729451823028, -0.878272945182545, -0.8782729451828263, -0.8782729451831538, -0.8782729451835339, -0.8782729451839764, -0.8782729451844903, -0.8782729451850875, -0.8782729451857819, -0.8782729451865887, -0.8782729451875264, -0.8782729451886164, -0.8782729451898834, -0.8782729451913557, -0.878272945193067, -0.8782729451950564, -0.8782729451973681, -0.8782729452000547, -0.8782729452031779, -0.8782729452068084, -0.8782729452110274, -0.878272945215931, -0.8782729452216307, -0.8782729452282555, -0.8782729452359552, -0.8782729452449041, -0.8782729452553054, -0.878272945267395, -0.8782729452814464, -0.8782729452977778, -0.8782729453167594, -0.8782729453388218, -0.8782729453644643, -0.8782729453942687, -0.878272945428909, -0.8782729454691711, -0.8782729455159672, -0.8782729455703572, -0.8782729456335736, -0.8782729457070492, -0.8782729457924487, -0.8782729458917066, -0.8782729460070731, -0.8782729461411615, -0.8782729462970092, -0.8782729464781491, -0.8782729466886848, -0.8782729469333859, -0.8782729472177984, -0.8782729475483666, -0.8782729479325792, -0.8782729483791429, -0.8782729488981768, -0.8782729495014404, -0.8782729502026031, -0.8782729510175524, -0.8782729519647535, -0.8782729530656689, -0.8782729543452443, -0.8782729558324719, -0.8782729575610506, -0.878272959570148, -0.8782729619052873, -0.878272964619379, -0.8782729677739215, -0.8782729714403913, -0.8782729757018674, -0.8782729806549077, -0.8782729864117421, -0.878272993102814, -0.8782730008797351, -0.8782730099187205, -0.8782730204245834, -0.8782730326353769, -0.8782730468277844, -0.8782730633233933, -0.8782730824959811, -0.8782731047799847, -0.8782731306803475, -0.8782731607839598, -0.8782731957729627, -0.8782732364402049, -0.8782732837072126, -0.8782733386450776, -0.8782734024987336, -0.8782734767151759, -0.8782735629762631, -0.8782736632368465, -0.8782737797690926, -0.8782739152140014, -0.8782740726413018, -0.8782742556190715, -0.8782744682946796, -0.8782747154888816, -0.8782750028052198, -0.8782753367572176, -0.8782757249162735, -0.8782761760836311, -0.8782767004903617, -0.8782773100299415, -0.8782780185287604, -0.8782788420607898, -0.8782797993136576, -0.8782809120146031, -0.8782822054261905, -0.8782837089233222, -0.8782854566650525, -0.8782874883769893, -0.8782898502627856, -0.8782925960664152, -0.8782957883107092, -0.8782994997421372, -0.8783038150171453, -0.8783088326717741, -0.8783146674239285, -0.8783214528669124, -0.8783293446240021, -0.8783385240473998, -0.8783492025615173, -0.8783616267709505, -0.8783760844787706, -0.878392911792262, -0.878412501532778, -0.8784353132164461, -0.8784618849362835, -0.8784928475584505, -0.8785289417520232, -0.878571038511432, -0.8786201640156762, -0.8786775299156493, -0.8787445704749641, -0.8788229884460528, -0.8789148121943327, -0.8790224674666661, -0.8791488684540372, -0.8792975346034347, -0.879472742274146, -0.8796797242623218, -0.8799249361749284, -0.880216417857857, -0.8805642926992006, -0.8809814713995666, -0.8814846666096469, -0.882095893759386, -0.8828447573941895, -0.8837720555468179, -0.884935697061556, -0.886420904006816, -0.8883589085487603, -0.8909640408105057, -0.8946157910729288, -0.900072286508605, -0.9091840872323854, -0.9283910962816536, 