c = [1.0, 0.9283910962816538, 0.9091840872323854, 0.9000722865086053, 0.8946157910729291, 0.8909640408105061, 0.8883589085487605, 0.8864209040068161, 0.8849356970615563, 0.8837720555468185, 0.8828447573941895, 0.8820958937593864, 0.8814846666096475, 0.880981471399567, 0.880564292699201, 0.8802164178578573, 0.8799249361749286, 0.8796797242623218, 0.8794727422741461, 0.8792975346034353, 0.8791488684540377, 0.8790224674666669, 0.8789148121943332, 0.8788229884460532, 0.878744570474964, 0.8786775299156496, 0.8786201640156766, 0.8785710385114327, 0.8785289417520238, 0.8784928475584509, 0.8784618849362835, 0.878435313216446, 0.8784125015327777, 0.878392911792262, 0.8783760844787709, 0.8783616267709505, 0.8783492025615174, 0.8783385240474001, 0.8783293446240025, 0.8783214528669124, 0.8783146674239286, 0.8783088326717741, 0.8783038150171456, 0.8782994997421371, 0.8782957883107091, 0.8782925960664156, 0.8782898502627863, 0.8782874883769897, 0.8782854566650529, 0.8782837089233225, 0.8782822054261908, 0.8782809120146036, 0.8782797993136574, 0.8782788420607898, 0.8782780185287605, 0.8782773100299412, 0.8782767004903618, 0.8782761760836313, 0.8782757249162743, 0.878275336757218, 0.8782750028052196, 0.8782747154888815, 0.87827446829468, 0.8782742556190717, 0.8782740726413018, 0.8782739152140019, 0.8782737797690928, 0.8782736632368465, 0.8782735629762629, 0.8782734767151761, 0.878273402498734, 0.8782733386450783, 0.8782732837072132, 0.8782732364402052, 0.8782731957729633, 0.8782731607839604, 0.8782731306803476, 0.8782731047799849, 0.8782730824959809, 0.8782730633233933, 0.8782730468277845, 0.8782730326353769, 0.878273020424584, 0.8782730099187207, 0.878273000879735, 0.8782729931028144, 0.8782729864117428, 0.8782729806549082, 0.8782729757018678, 0.8782729714403923, 0.8782729677739216, 0.8782729646193795, 0.8782729619052878, 0.8782729595701487, 0.878272957561051, 0.8782729558324718, 0.8782729543452444, 0.8782729530656692, 0.8782729519647535, 0.878272951017552, 0.878272950202603, 0.8782729495014402, 0.8782729488981773, 0.8782729483791438, 0.8782729479325797, 0.8782729475483666, 0.8782729472177988, 0.8782729469333863, 0.8782729466886845, 0.8782729464781489, 0.8782729462970099, 0.8782729461411617, 0.8782729460070735, 0.8782729458917073, 0.8782729457924486, 0.8782729457070492, 0.8782729456335739, 0.8782729455703574, 0.8782729455159668, 0.8782729454691707, 0.8782729454289089, 0.8782729453942686, 0.8782729453644642, 0.8782729453388218, 0.8782729453167596, 0.8782729452977781, 0.8782729452814467, 0.8782729452673954, 0.878272945255306, 0.8782729452449046, 0.878272945235955, 0.8782729452282553, 0.8782729452216308, 0.8782729452159316, 0.8782729452110277, 0.8782729452068089, 0.8782729452031788, 0.8782729452000555, 0.8782729451973683, 0.8782729451950563, 0.8782729451930673, 0.8782729451913561, 0.8782729451898834, 0.8782729451886165, 0.8782729451875264, 0.8782729451865886, 0.8782729451857821, 0.8782729451850876, 0.8782729451844906, 0.8782729451839769, 0.8782729451835345, 0.8782729451831539, 0.8782729451828271, 0.8782729451825452, 0.8782729451823029, 0.8782729451820943, 0.8782729451819149, 0.8782729451817607, 0.878272945181628, 0.8782729451815138, 0.8782729451814154, 0.8782729451813309, 0.8782729451812582, 0.8782729451811959, 0.8782729451811416, 0.8782729451810952, 0.8782729451810555, 0.8782729451810216, 0.8782729451809924, 0.8782729451809665, 0.8782729451809449, 0.8782729451809261, 0.87827294518091, 0.8782729451808963, 0.878272945180884, 0.8782729451808737, 0.8782729451808649, 0.8782729451808564, 0.8782729451808488, 0.878272945180834, 0.8782729451807763, 0.8782729451804642, 0.8782729451786626, 0.8782729451681629, 0.8782729451068803, 0.8782729447491286, 0.8782729426605912, 0.8782729304677526, 0.8782728592861674, 0.8782724437293158, 0.8782700177185322, 0.8782558548250904, 0.878173176129336, 0.8776906372319702, 0.8748782790951419, 0.8586183675376808, 0.768820697522524, 0.3769893704162571, -0.3769893704162599, -0.7688206975225247, -0.8586183675376812, -0.8748782790951422, -0.8776906372319703, -0.8781731761293359, -0.8782558548250907, -0.8782700177185324, -0.8782724437293165, -0.8782728592861675, -0.8782729304677531, -0.8782729426605914, -0.878272944749129, -0.8782729451068809, -0.8782729451681627, -0.8782729451786623, -0.8782729451804646, -0.8782729451807764, -0.8782729451808339, -0.878272945180849, -0.8782729451808569, -0.878272945180865, -0.8782729451808738, -0.878272945180884, -0.8782729451808962, -0.8782729451809096, -0.8782729451809264, -0.8782729451809452, -0.8782729451809667, -0.8782729451809916, -0.8782729451810215, -0.8782729451810559, -0.8782729451810956, -0.8782729451811419, -0.8782729451811959, -0.8782729451812586, -0.8782729451813316, -0.8782729451814161, -0.878272945181514, -0.8782729451816282, -0.878272945181761, -0.878272945181915, -0.8782729451820944, -0.8782729451823027, -0.8782729451825452, -0.8782729451828266, -0.878272945183154, -0.8782729451835347, -0.8782729451839768, -0.8782729451844905, -0.878272945185088, -0.8782729451857825, -0.878272945186589, -0.8782729451875267, -0.878272945188617, -0.8782729451898835, -0.8782729451913556, -0.878272945193067, -0.8782729451950566, -0.8782729451973682, -0.8782729452000552, -0.8782729452031786, -0.8782729452068087, -0.8782729452110279, -0.8782729452159314, -0.8782729452216311, -0.8782729452282558, -0.8782729452359557, -0.8782729452449046, -0.8782729452553057, -0.8782729452673952, -0.8782729452814464, -0.8782729452977783, -0.87827294531676, -0.8782729453388222, -0.8782729453644649, -0.8782729453942687, -0.8782729454289091, -0.8782729454691712, -0.8782729455159674, -0.8782729455703571, -0.8782729456335738, -0.87827294570705, -0.8782729457924491, -0.8782729458917072, -0.8782729460070738, -0.8782729461411612, -0.8782729462970095, -0.8782729464781495, -0.8782729466886847, -0.8782729469333862, -0.878272947217799, -0.8782729475483666, -0.8782729479325797, -0.8782729483791436, -0.878272948898177, -0.8782729495014404, -0.8782729502026034, -0.8782729510175528, -0.8782729519647537, -0.8782729530656693, -0.8782729543452442, -0.878272955832472, -0.8782729575610513, -0.8782729595701483, -0.8782729619052877, -0.8782729646193795, -0.8782729677739215, -0.878272971440392, -0.8782729757018677, -0.8782729806549083, -0.8782729864117429, -0.878272993102815, -0.8782730008797357, -0.8782730099187208, -0.8782730204245842, -0.8782730326353769, -0.8782730468277846, -0.8782730633233933, -0.8782730824959809, -0.8782731047799849, -0.8782731306803473, -0.8782731607839601, -0.8782731957729631, -0.8782732364402054, -0.878273283707213, -0.8782733386450777, -0.878273402498734, -0.8782734767151761, -0.878273562976263, -0.8782736632368467, -0.8782737797690929, -0.8782739152140022, -0.8782740726413023, -0.8782742556190718, -0.8782744682946798, -0.8782747154888817, -0.87827500280522, -0.8782753367572184, -0.8782757249162741, -0.8782761760836317, -0.8782767004903622, -0.8782773100299414, -0.8782780185287603, -0.8782788420607897, -0.8782797993136576, -0.8782809120146036, -0.878282205426191, -0.878283708923323, -0.8782854566650531, -0.8782874883769899, -0.8782898502627863, -0.8782925960664154, -0.8782957883107095, -0.8782994997421376, -0.8783038150171456, -0.8783088326717744, -0.8783146674239283, -0.8783214528669128, -0.8783293446240025, -0.8783385240474004, -0.8783492025615178, -0.8783616267709511, -0.8783760844787716, -0.8783929117922623, -0.8784125015327782, -0.878435313216446, -0.8784618849362837, -0.8784928475584508, -0.8785289417520237, -0.8785710385114324, -0.8786201640156761, -0.8786775299156492, -0.878744570474964, -0.8788229884460528, -0.878914812194333, -0.8790224674666667, -0.8791488684540376, -0.8792975346034354, -0.8794727422741464, -0.8796797242623223, -0.8799249361749285, -0.8802164178578568, -0.8805642926992008, -0.8809814713995665, -0.8814846666096471, -0.882095893759386, -0.8828447573941897, -0.8837720555468186, -0.884935697061556, -0.8864209040068165, -0.8883589085487605, -0.890964040810506, -0.8946157910729293, -0.9000722865086055, 