c = [1.0, 0.9283910962816535, 0.9091840872323854, 0.9000722865086056, 0.8946157910729293, 0.8909640408105058, 0.8883589085487608, 0.8864209040068164, 0.8849356970615561, 0.8837720555468187, 0.8828447573941902, 0.8820958937593865, 0.8814846666096474, 0.8809814713995671, 0.880564292699201, 0.880216417857857, 0.8799249361749285, 0.8796797242623221, 0.8794727422741464, 0.8792975346034357, 0.8791488684540378, 0.8790224674666668, 0.8789148121943332, 0.8788229884460533, 0.8787445704749643, 0.8786775299156501, 0.8786201640156767, 0.8785710385114326, 0.8785289417520237, 0.8784928475584511, 0.8784618849362834, 0.878435313216446, 0.8784125015327781, 0.878392911792262, 0.8783760844787709, 0.8783616267709509, 0.8783492025615179, 0.8783385240474005, 0.8783293446240031, 0.8783214528669125, 0.8783146674239287, 0.8783088326717744, 0.8783038150171457, 0.8782994997421377, 0.8782957883107095, 0.8782925960664156, 0.8782898502627864, 0.8782874883769897, 0.8782854566650529, 0.878283708923323, 0.8782822054261911, 0.8782809120146038, 0.878279799313658, 0.8782788420607901, 0.8782780185287606, 0.8782773100299415, 0.8782767004903624, 0.878276176083632, 0.8782757249162741, 0.8782753367572179, 0.8782750028052202, 0.8782747154888819, 0.8782744682946799, 0.8782742556190722, 0.8782740726413023, 0.8782739152140019, 0.8782737797690927, 0.8782736632368472, 0.8782735629762634, 0.8782734767151765, 0.8782734024987343, 0.8782733386450782, 0.8782732837072131, 0.8782732364402052, 0.8782731957729631, 0.8782731607839602, 0.8782731306803474, 0.8782731047799849, 0.8782730824959812, 0.8782730633233936, 0.8782730468277845, 0.8782730326353773, 0.8782730204245838, 0.8782730099187205, 0.8782730008797355, 0.8782729931028151, 0.8782729864117431, 0.8782729806549084, 0.8782729757018677, 0.8782729714403922, 0.8782729677739219, 0.8782729646193799, 0.8782729619052877, 0.8782729595701485, 0.8782729575610515, 0.8782729558324722, 0.8782729543452444, 0.8782729530656691, 0.8782729519647537, 0.8782729510175524, 0.8782729502026037, 0.878272949501441, 0.8782729488981774, 0.8782729483791437, 0.8782729479325796, 0.8782729475483667, 0.8782729472177988, 0.8782729469333863, 0.8782729466886852, 0.8782729464781498, 0.87827294629701, 0.8782729461411618, 0.8782729460070735, 0.8782729458917073, 0.8782729457924494, 0.87827294570705, 0.8782729456335739, 0.8782729455703572, 0.8782729455159671, 0.8782729454691713, 0.878272945428909, 0.8782729453942686, 0.8782729453644645, 0.8782729453388222, 0.8782729453167603, 0.8782729452977784, 0.8782729452814468, 0.8782729452673955, 0.878272945255306, 0.8782729452449042, 0.8782729452359551, 0.8782729452282558, 0.8782729452216314, 0.8782729452159319, 0.8782729452110283, 0.8782729452068087, 0.8782729452031788, 0.8782729452000555, 0.8782729451973685, 0.8782729451950568, 0.8782729451930674, 0.8782729451913559, 0.8782729451898835, 0.8782729451886165, 0.878272945187527, 0.878272945186589, 0.8782729451857824, 0.8782729451850884, 0.8782729451844907, 0.8782729451839766, 0.8782729451835349, 0.8782729451831541, 0.8782729451828268, 0.8782729451825453, 0.8782729451823028, 0.8782729451820943, 0.8782729451819153, 0.8782729451817608, 0.878272945181628, 0.8782729451815138, 0.8782729451814156, 0.8782729451813313, 0.8782729451812583, 0.8782729451811956, 0.8782729451811417, 0.8782729451810958, 0.8782729451810561, 0.8782729451810216, 0.8782729451809923, 0.8782729451809668, 0.8782729451809452, 0.8782729451809264, 0.87827294518091, 0.8782729451808962, 0.8782729451808844, 0.8782729451808736, 0.878272945180865, 0.8782729451808576, 0.8782729451808514, 0.8782729451808445, 0.8782729451808307, 0.8782729451807734, 0.8782729451804615, 0.8782729451786605, 0.878272945168161, 0.8782729451068788, 0.8782729447491274, 0.8782729426605901, 0.8782729304677518, 0.8782728592861667, 0.8782724437293152, 0.8782700177185319, 0.8782558548250898, 0.8781731761293354, 0.8776906372319698, 0.874878279095142, 0.8586183675376808, 0.7688206975225241, 0.3769893704162572, -0.37698937041626024, -0.7688206975225249, -0.8586183675376807, -0.8748782790951423, -0.8776906372319698, -0.878173176129336, -0.8782558548250902, -0.878270017718532, -0.8782724437293155, -0.878272859286167, -0.8782729304677523, -0.8782729426605903, -0.8782729447491276, -0.8782729451068795, -0.8782729451681611, -0.8782729451786605, -0.8782729451804622, -0.8782729451807737, -0.8782729451808308, -0.8782729451808451, -0.8782729451808522, -0.878272945180859, -0.8782729451808653, -0.8782729451808743, -0.8782729451808845, -0.8782729451808962, -0.8782729451809099, -0.8782729451809262, -0.8782729451809451, -0.8782729451809667, -0.8782729451809919, -0.8782729451810217, -0.8782729451810561, -0.8782729451810961, -0.8782729451811424, -0.8782729451811961, -0.8782729451812586, -0.8782729451813314, -0.8782729451814156, -0.8782729451815143, -0.8782729451816282, -0.878272945181761, -0.8782729451819152, -0.8782729451820948, -0.8782729451823034, -0.8782729451825453, -0.8782729451828267, -0.8782729451831545, -0.878272945183535, -0.8782729451839769, -0.8782729451844907, -0.8782729451850884, -0.8782729451857825, -0.8782729451865888, -0.8782729451875265, -0.878272945188617, -0.8782729451898835, -0.8782729451913558, -0.8782729451930673, -0.8782729451950567, -0.8782729451973686, -0.8782729452000555, -0.8782729452031789, -0.8782729452068091, -0.8782729452110283, -0.8782729452159318, -0.8782729452216312, -0.8782729452282559, -0.8782729452359554, -0.8782729452449052, -0.8782729452553062, -0.8782729452673955, -0.878272945281447, -0.8782729452977784, -0.87827294531676, -0.8782729453388222, -0.878272945364465, -0.8782729453942685, -0.8782729454289091, -0.8782729454691716, -0.8782729455159674, -0.8782729455703574, -0.8782729456335744, -0.8782729457070495, -0.878272945792449, -0.8782729458917077, -0.8782729460070736, -0.8782729461411616, -0.87827294629701, -0.8782729464781496, -0.8782729466886852, -0.8782729469333869, -0.8782729472177991, -0.8782729475483665, -0.8782729479325798, -0.8782729483791438, -0.8782729488981771, -0.8782729495014407, -0.8782729502026037, -0.8782729510175528, -0.8782729519647541, -0.8782729530656693, -0.8782729543452447, -0.8782729558324722, -0.8782729575610511, -0.8782729595701485, -0.8782729619052878, -0.8782729646193798, -0.8782729677739217, -0.8782729714403924, -0.8782729757018681, -0.8782729806549083, -0.8782729864117435, -0.878272993102815, -0.8782730008797358, -0.8782730099187208, -0.8782730204245842, -0.8782730326353774, -0.8782730468277846, -0.8782730633233935, -0.8782730824959815, -0.8782731047799853, -0.878273130680348, -0.8782731607839604, -0.8782731957729635, -0.8782732364402055, -0.8782732837072131, -0.8782733386450781, -0.8782734024987343, -0.8782734767151766, -0.8782735629762635, -0.878273663236847, -0.8782737797690928, -0.8782739152140019, -0.8782740726413021, -0.8782742556190725, -0.8782744682946801, -0.8782747154888821, -0.8782750028052201, -0.8782753367572181, -0.8782757249162741, -0.8782761760836317, -0.8782767004903622, -0.8782773100299419, -0.8782780185287604, -0.8782788420607901, -0.8782797993136583, -0.878280912014604, -0.8782822054261912, -0.878283708923323, -0.8782854566650533, -0.87828748837699, -0.8782898502627863, -0.8782925960664155, -0.8782957883107095, -0.8782994997421377, -0.8783038150171456, -0.8783088326717745, -0.8783146674239286, -0.878321452866913, -0.8783293446240031, -0.8783385240474004, -0.8783492025615182, -0.878361626770951, -0.8783760844787718, -0.8783929117922625, -0.8784125015327785, -0.8784353132164462, -0.8784618849362835, -0.8784928475584507, -0.8785289417520237, -0.8785710385114323, -0.8786201640156764, -0.8786775299156495, -0.8787445704749642, -0.8788229884460532, -0.8789148121943333, -0.8790224674666668, -0.8791488684540376, -0.8792975346034353, -0.8794727422741463, -0.879679724262322, -0.8799249361749286, -0.8802164178578569, -0.8805642926992009, -0.880981471399567, -0.8814846666096471, -0.8820958937593864, -0.8828447573941899, -0.8837720555468187, -0.8849356970615565, -0.8864209040068165, -0.8883589085487607, -0.8909640408105058, 