c = [1.0, 0.9283910962816537, 0.9091840872323854, 0.9000722865086054, 0.8946157910729294, 0.890964040810506, 0.8883589085487607, 0.8864209040068166, 0.8849356970615566, 0.8837720555468189, 0.8828447573941903, 0.8820958937593867, 0.8814846666096474, 0.8809814713995668, 0.8805642926992009, 0.8802164178578571, 0.8799249361749287, 0.8796797242623225, 0.8794727422741465, 0.8792975346034357, 0.8791488684540377, 0.879022467466667, 0.8789148121943334, 0.8788229884460537, 0.8787445704749648, 0.8786775299156501, 0.8786201640156768, 0.8785710385114329, 0.8785289417520236, 0.878492847558451, 0.8784618849362836, 0.8784353132164462, 0.8784125015327782, 0.8783929117922621, 0.8783760844787712, 0.8783616267709511, 0.8783492025615183, 0.8783385240474004, 0.8783293446240031, 0.8783214528669127, 0.8783146674239285, 0.8783088326717748, 0.878303815017146, 0.8782994997421376, 0.8782957883107098, 0.8782925960664156, 0.8782898502627864, 0.87828748837699, 0.878285456665053, 0.8782837089233231, 0.8782822054261915, 0.8782809120146039, 0.8782797993136582, 0.8782788420607901, 0.8782780185287611, 0.8782773100299419, 0.8782767004903623, 0.8782761760836318, 0.8782757249162745, 0.8782753367572184, 0.8782750028052202, 0.8782747154888825, 0.8782744682946805, 0.8782742556190722, 0.8782740726413023, 0.8782739152140024, 0.878273779769093, 0.8782736632368474, 0.8782735629762637, 0.8782734767151766, 0.8782734024987345, 0.8782733386450784, 0.8782732837072131, 0.8782732364402053, 0.8782731957729633, 0.8782731607839603, 0.8782731306803477, 0.8782731047799852, 0.8782730824959816, 0.8782730633233939, 0.8782730468277846, 0.8782730326353773, 0.8782730204245842, 0.8782730099187211, 0.8782730008797357, 0.8782729931028154, 0.8782729864117432, 0.8782729806549084, 0.878272975701868, 0.8782729714403925, 0.8782729677739222, 0.8782729646193799, 0.8782729619052883, 0.8782729595701488, 0.8782729575610514, 0.8782729558324724, 0.8782729543452445, 0.8782729530656694, 0.8782729519647543, 0.8782729510175531, 0.8782729502026039, 0.8782729495014412, 0.8782729488981774, 0.8782729483791439, 0.8782729479325798, 0.8782729475483667, 0.8782729472177995, 0.878272946933387, 0.8782729466886854, 0.87827294647815, 0.8782729462970101, 0.8782729461411618, 0.8782729460070738, 0.8782729458917079, 0.8782729457924493, 0.8782729457070498, 0.878272945633574, 0.8782729455703577, 0.8782729455159674, 0.8782729454691713, 0.8782729454289093, 0.8782729453942688, 0.8782729453644651, 0.8782729453388226, 0.8782729453167604, 0.8782729452977787, 0.8782729452814468, 0.8782729452673954, 0.878272945255306, 0.8782729452449047, 0.8782729452359556, 0.8782729452282564, 0.8782729452216318, 0.878272945215932, 0.8782729452110283, 0.8782729452068089, 0.878272945203179, 0.8782729452000559, 0.8782729451973688, 0.8782729451950569, 0.8782729451930676, 0.878272945191356, 0.8782729451898839, 0.8782729451886169, 0.8782729451875271, 0.8782729451865896, 0.8782729451857825, 0.8782729451850882, 0.878272945184491, 0.8782729451839769, 0.8782729451835348, 0.8782729451831542, 0.878272945182827, 0.8782729451825454, 0.8782729451823031, 0.8782729451820945, 0.8782729451819153, 0.8782729451817611, 0.8782729451816281, 0.8782729451815141, 0.8782729451814159, 0.8782729451813313, 0.8782729451812583, 0.8782729451811961, 0.8782729451811424, 0.8782729451810959, 0.8782729451810563, 0.8782729451810217, 0.8782729451809925, 0.8782729451809672, 0.8782729451809451, 0.8782729451809265, 0.8782729451809105, 0.8782729451808962, 0.8782729451808845, 0.878272945180874, 0.8782729451808652, 0.8782729451808584, 0.8782729451808539, 0.8782729451808485, 0.8782729451808416, 0.8782729451808282, 0.8782729451807714, 0.8782729451804598, 0.8782729451786591, 0.8782729451681597, 0.8782729451068778, 0.8782729447491268, 0.8782729426605894, 0.8782729304677515, 0.878272859286166, 0.8782724437293149, 0.8782700177185316, 0.8782558548250898, 0.8781731761293353, 0.8776906372319698, 0.874878279095142, 0.8586183675376812, 0.7688206975225238, 0.37698937041625696, -0.3769893704162602, -0.7688206975225245, -0.8586183675376811, -0.8748782790951419, -0.8776906372319698, -0.8781731761293355, -0.8782558548250902, -0.8782700177185319, -0.878272443729315, -0.8782728592861665, -0.8782729304677518, -0.8782729426605896, -0.8782729447491268, -0.8782729451068784, -0.87827294516816, -0.8782729451786592, -0.8782729451804604, -0.8782729451807716, -0.8782729451808285, -0.8782729451808419, -0.878272945180849, -0.8782729451808553, -0.878272945180861, -0.8782729451808661, -0.8782729451808743, -0.8782729451808846, -0.8782729451808964, -0.87827294518091, -0.8782729451809265, -0.8782729451809453, -0.8782729451809671, -0.8782729451809924, -0.878272945181022, -0.8782729451810564, -0.8782729451810962, -0.8782729451811424, -0.8782729451811965, -0.8782729451812586, -0.8782729451813315, -0.8782729451814161, -0.8782729451815143, -0.8782729451816288, -0.8782729451817612, -0.8782729451819155, -0.8782729451820951, -0.8782729451823037, -0.8782729451825456, -0.8782729451828272, -0.8782729451831548, -0.878272945183535, -0.8782729451839768, -0.8782729451844907, -0.8782729451850886, -0.8782729451857824, -0.878272945186589, -0.878272945187527, -0.878272945188617, -0.878272945189884, -0.8782729451913561, -0.8782729451930676, -0.8782729451950569, -0.8782729451973692, -0.8782729452000559, -0.878272945203179, -0.8782729452068092, -0.8782729452110283, -0.8782729452159324, -0.8782729452216318, -0.8782729452282562, -0.8782729452359561, -0.8782729452449051, -0.8782729452553064, -0.8782729452673955, -0.8782729452814471, -0.8782729452977784, -0.87827294531676, -0.8782729453388226, -0.8782729453644648, -0.8782729453942687, -0.8782729454289095, -0.8782729454691713, -0.8782729455159675, -0.8782729455703577, -0.8782729456335742, -0.8782729457070497, -0.8782729457924493, -0.8782729458917077, -0.8782729460070738, -0.8782729461411619, -0.87827294629701, -0.8782729464781497, -0.8782729466886853, -0.878272946933387, -0.8782729472177991, -0.8782729475483667, -0.8782729479325798, -0.8782729483791438, -0.8782729488981775, -0.8782729495014407, -0.8782729502026038, -0.878272951017553, -0.8782729519647541, -0.8782729530656697, -0.878272954345245, -0.8782729558324724, -0.8782729575610513, -0.878272959570149, -0.878272961905288, -0.8782729646193799, -0.8782729677739223, -0.8782729714403923, -0.8782729757018681, -0.8782729806549083, -0.8782729864117432, -0.8782729931028153, -0.8782730008797358, -0.878273009918721, -0.8782730204245843, -0.8782730326353775, -0.878273046827785, -0.8782730633233936, -0.8782730824959817, -0.8782731047799855, -0.8782731306803482, -0.8782731607839606, -0.8782731957729638, -0.8782732364402058, -0.8782732837072136, -0.8782733386450784, -0.8782734024987344, -0.8782734767151766, -0.8782735629762636, -0.8782736632368475, -0.8782737797690933, -0.8782739152140024, -0.8782740726413025, -0.8782742556190725, -0.8782744682946804, -0.8782747154888824, -0.8782750028052205, -0.8782753367572185, -0.8782757249162743, -0.8782761760836321, -0.8782767004903628, -0.8782773100299421, -0.878278018528761, -0.8782788420607902, -0.8782797993136584, -0.8782809120146042, -0.8782822054261914, -0.8782837089233231, -0.8782854566650533, -0.8782874883769901, -0.8782898502627864, -0.8782925960664156, -0.8782957883107099, -0.878299499742138, -0.8783038150171463, -0.8783088326717746, -0.8783146674239289, -0.878321452866913, -0.8783293446240034, -0.8783385240474006, -0.8783492025615183, -0.8783616267709512, -0.8783760844787715, -0.8783929117922624, -0.8784125015327783, -0.8784353132164462, -0.8784618849362836, -0.878492847558451, -0.8785289417520239, -0.8785710385114328, -0.8786201640156767, -0.87867752991565, -0.8787445704749643, -0.8788229884460533, -0.8789148121943333, -0.8790224674666667, -0.879148868454038, -0.8792975346034352, -0.8794727422741465, -0.8796797242623222, -0.8799249361749286, -0.8802164178578572, -0.8805642926992011, -0.8809814713995671, -0.8814846666096473, -0.8820958937593865, -0.8828447573941898, -0.8837720555468186, -0.8849356970615566, -0.8864209040068165, 