c = [1.0, 0.9283910962816535, 0.9091840872323856, 0.9000722865086055, 0.8946157910729292, 0.8909640408105063, 0.888358908548761, 0.8864209040068168, 0.8849356970615566, 0.883772055546819, 0.8828447573941902, 0.8820958937593865, 0.8814846666096473, 0.8809814713995671, 0.8805642926992012, 0.8802164178578575, 0.8799249361749291, 0.8796797242623227, 0.8794727422741467, 0.879297534603436, 0.8791488684540382, 0.8790224674666675, 0.8789148121943339, 0.8788229884460539, 0.878744570474965, 0.8786775299156504, 0.8786201640156769, 0.878571038511433, 0.878528941752024, 0.8784928475584513, 0.8784618849362839, 0.8784353132164465, 0.8784125015327785, 0.8783929117922625, 0.8783760844787719, 0.8783616267709513, 0.8783492025615185, 0.8783385240474008, 0.8783293446240031, 0.8783214528669134, 0.8783146674239289, 0.8783088326717751, 0.8783038150171463, 0.8782994997421378, 0.8782957883107099, 0.8782925960664161, 0.8782898502627865, 0.8782874883769901, 0.8782854566650535, 0.8782837089233233, 0.8782822054261917, 0.8782809120146041, 0.8782797993136584, 0.8782788420607905, 0.878278018528761, 0.8782773100299419, 0.8782767004903628, 0.8782761760836322, 0.8782757249162745, 0.8782753367572188, 0.8782750028052209, 0.8782747154888824, 0.8782744682946805, 0.8782742556190728, 0.8782740726413026, 0.8782739152140026, 0.8782737797690936, 0.8782736632368477, 0.8782735629762641, 0.8782734767151771, 0.8782734024987349, 0.8782733386450787, 0.8782732837072135, 0.8782732364402057, 0.8782731957729638, 0.8782731607839609, 0.8782731306803482, 0.8782731047799858, 0.8782730824959818, 0.878273063323394, 0.8782730468277851, 0.8782730326353779, 0.8782730204245847, 0.8782730099187216, 0.8782730008797361, 0.8782729931028156, 0.8782729864117436, 0.878272980654909, 0.8782729757018684, 0.8782729714403927, 0.8782729677739227, 0.8782729646193801, 0.8782729619052884, 0.878272959570149, 0.8782729575610517, 0.8782729558324726, 0.8782729543452452, 0.8782729530656702, 0.8782729519647547, 0.8782729510175533, 0.8782729502026041, 0.8782729495014413, 0.8782729488981776, 0.8782729483791439, 0.8782729479325805, 0.8782729475483673, 0.8782729472177998, 0.8782729469333874, 0.8782729466886855, 0.87827294647815, 0.8782729462970107, 0.8782729461411625, 0.878272946007074, 0.8782729458917079, 0.8782729457924497, 0.8782729457070503, 0.8782729456335743, 0.8782729455703577, 0.8782729455159676, 0.8782729454691718, 0.8782729454289099, 0.8782729453942691, 0.8782729453644653, 0.8782729453388228, 0.8782729453167606, 0.8782729452977786, 0.878272945281447, 0.878272945267396, 0.8782729452553064, 0.8782729452449053, 0.8782729452359562, 0.8782729452282566, 0.878272945221632, 0.8782729452159322, 0.8782729452110283, 0.8782729452068097, 0.8782729452031793, 0.878272945200056, 0.8782729451973689, 0.8782729451950569, 0.878272945193068, 0.8782729451913563, 0.8782729451898842, 0.8782729451886174, 0.8782729451875273, 0.8782729451865895, 0.878272945185783, 0.8782729451850885, 0.8782729451844912, 0.8782729451839771, 0.878272945183535, 0.8782729451831548, 0.8782729451828275, 0.8782729451825457, 0.8782729451823035, 0.878272945182095, 0.8782729451819157, 0.8782729451817615, 0.8782729451816284, 0.8782729451815144, 0.8782729451814161, 0.8782729451813319, 0.8782729451812591, 0.8782729451811964, 0.8782729451811427, 0.8782729451810962, 0.8782729451810565, 0.8782729451810223, 0.8782729451809925, 0.8782729451809672, 0.8782729451809453, 0.8782729451809262, 0.8782729451809105, 0.8782729451808965, 0.8782729451808846, 0.8782729451808743, 0.8782729451808656, 0.8782729451808591, 0.8782729451808544, 0.8782729451808499, 0.8782729451808446, 0.8782729451808384, 0.8782729451808253, 0.8782729451807688, 0.8782729451804578, 0.8782729451786573, 0.8782729451681583, 0.878272945106877, 0.8782729447491255, 0.8782729426605886, 0.8782729304677509, 0.8782728592861658, 0.8782724437293146, 0.8782700177185314, 0.8782558548250898, 0.8781731761293353, 0.8776906372319694, 0.874878279095142, 0.8586183675376807, 0.7688206975225239, 0.3769893704162573, -0.3769893704162601, -0.7688206975225247, -0.8586183675376808, -0.874878279095142, -0.8776906372319697, -0.8781731761293352, -0.8782558548250896, -0.8782700177185315, -0.8782724437293146, -0.8782728592861658, -0.8782729304677509, -0.8782729426605888, -0.8782729447491259, -0.8782729451068771, -0.8782729451681583, -0.8782729451786575, -0.8782729451804578, -0.8782729451807694, -0.8782729451808258, -0.8782729451808385, -0.8782729451808449, -0.8782729451808506, -0.8782729451808562, -0.8782729451808615, -0.8782729451808665, -0.8782729451808745, -0.8782729451808847, -0.8782729451808968, -0.8782729451809106, -0.8782729451809266, -0.8782729451809455, -0.8782729451809673, -0.8782729451809925, -0.8782729451810224, -0.8782729451810564, -0.8782729451810966, -0.8782729451811427, -0.8782729451811967, -0.8782729451812592, -0.8782729451813319, -0.8782729451814164, -0.8782729451815148, -0.8782729451816291, -0.8782729451817618, -0.878272945181916, -0.8782729451820955, -0.8782729451823038, -0.8782729451825457, -0.8782729451828272, -0.8782729451831551, -0.8782729451835352, -0.878272945183977, -0.8782729451844911, -0.8782729451850886, -0.8782729451857828, -0.8782729451865894, -0.8782729451875273, -0.8782729451886172, -0.8782729451898842, -0.8782729451913563, -0.8782729451930679, -0.878272945195057, -0.8782729451973691, -0.8782729452000564, -0.8782729452031794, -0.8782729452068093, -0.8782729452110286, -0.8782729452159325, -0.8782729452216319, -0.8782729452282564, -0.8782729452359562, -0.8782729452449051, -0.8782729452553064, -0.8782729452673963, -0.8782729452814471, -0.8782729452977788, -0.8782729453167606, -0.8782729453388225, -0.8782729453644651, -0.8782729453942693, -0.8782729454289097, -0.8782729454691716, -0.8782729455159678, -0.8782729455703577, -0.8782729456335746, -0.8782729457070502, -0.8782729457924496, -0.8782729458917077, -0.8782729460070743, -0.8782729461411621, -0.8782729462970102, -0.8782729464781499, -0.8782729466886856, -0.8782729469333872, -0.8782729472177997, -0.8782729475483669, -0.8782729479325802, -0.878272948379144, -0.8782729488981775, -0.8782729495014412, -0.8782729502026041, -0.8782729510175533, -0.8782729519647544, -0.8782729530656702, -0.8782729543452452, -0.8782729558324729, -0.8782729575610521, -0.8782729595701491, -0.8782729619052885, -0.8782729646193801, -0.8782729677739223, -0.8782729714403927, -0.8782729757018684, -0.8782729806549087, -0.8782729864117435, -0.8782729931028156, -0.8782730008797361, -0.8782730099187211, -0.8782730204245847, -0.8782730326353778, -0.8782730468277852, -0.8782730633233942, -0.878273082495982, -0.8782731047799859, -0.8782731306803483, -0.8782731607839609, -0.8782731957729639, -0.8782732364402058, -0.8782732837072137, -0.8782733386450788, -0.8782734024987346, -0.878273476715177, -0.878273562976264, -0.8782736632368475, -0.8782737797690934, -0.8782739152140026, -0.8782740726413026, -0.8782742556190727, -0.8782744682946805, -0.8782747154888826, -0.878275002805221, -0.8782753367572187, -0.8782757249162747, -0.8782761760836323, -0.8782767004903631, -0.8782773100299426, -0.8782780185287611, -0.8782788420607905, -0.8782797993136585, -0.8782809120146045, -0.8782822054261915, -0.8782837089233234, -0.8782854566650536, -0.8782874883769904, -0.8782898502627869, -0.878292596066416, -0.8782957883107101, -0.8782994997421378, -0.8783038150171465, -0.8783088326717751, -0.8783146674239293, -0.8783214528669132, -0.8783293446240034, -0.878338524047401, -0.8783492025615183, -0.8783616267709514, -0.8783760844787716, -0.8783929117922628, -0.8784125015327786, -0.8784353132164469, -0.8784618849362841, -0.8784928475584516, -0.8785289417520241, -0.878571038511433, -0.8786201640156769, -0.87867752991565, -0.8787445704749648, -0.8788229884460536, -0.8789148121943337, -0.8790224674666671, -0.8791488684540382, -0.8792975346034358, -0.8794727422741466, -0.8796797242623224, -0.8799249361749288, -0.8802164178578574, -0.880564292699201, -0.880981471399567, -0.8814846666096476, -0.8820958937593865, -0.8828447573941899, 