c = [1.0, 0.9283910962816537, 0.9091840872323852, 0.9000722865086058, 0.8946157910729298, 0.8909640408105065, 0.8883589085487612, 0.8864209040068171, 0.8849356970615567, 0.8837720555468186, 0.8828447573941899, 0.8820958937593867, 0.8814846666096477, 0.8809814713995676, 0.8805642926992014, 0.8802164178578579, 0.8799249361749291, 0.8796797242623229, 0.8794727422741471, 0.8792975346034365, 0.8791488684540386, 0.8790224674666675, 0.8789148121943339, 0.878822988446054, 0.8787445704749646, 0.8786775299156502, 0.878620164015677, 0.8785710385114328, 0.878528941752024, 0.8784928475584514, 0.8784618849362842, 0.8784353132164467, 0.8784125015327794, 0.8783929117922631, 0.878376084478772, 0.8783616267709515, 0.8783492025615186, 0.8783385240474015, 0.8783293446240039, 0.8783214528669134, 0.8783146674239294, 0.8783088326717754, 0.8783038150171468, 0.8782994997421385, 0.8782957883107103, 0.8782925960664166, 0.8782898502627875, 0.8782874883769908, 0.878285456665054, 0.8782837089233237, 0.8782822054261923, 0.8782809120146048, 0.8782797993136584, 0.8782788420607905, 0.8782780185287615, 0.8782773100299426, 0.878276700490363, 0.8782761760836331, 0.8782757249162754, 0.878275336757219, 0.8782750028052208, 0.8782747154888831, 0.8782744682946809, 0.8782742556190734, 0.8782740726413035, 0.8782739152140032, 0.8782737797690942, 0.8782736632368482, 0.8782735629762642, 0.8782734767151771, 0.8782734024987349, 0.8782733386450792, 0.8782732837072141, 0.8782732364402063, 0.8782731957729643, 0.8782731607839617, 0.8782731306803483, 0.8782731047799857, 0.8782730824959822, 0.8782730633233947, 0.8782730468277857, 0.8782730326353783, 0.8782730204245849, 0.8782730099187217, 0.8782730008797364, 0.878272993102816, 0.8782729864117439, 0.878272980654909, 0.8782729757018688, 0.8782729714403926, 0.8782729677739225, 0.8782729646193802, 0.8782729619052885, 0.8782729595701494, 0.8782729575610525, 0.8782729558324736, 0.8782729543452457, 0.8782729530656704, 0.8782729519647549, 0.8782729510175538, 0.8782729502026041, 0.8782729495014414, 0.8782729488981782, 0.8782729483791448, 0.8782729479325807, 0.8782729475483676, 0.8782729472177998, 0.8782729469333873, 0.878272946688686, 0.8782729464781507, 0.8782729462970104, 0.8782729461411622, 0.8782729460070744, 0.8782729458917085, 0.8782729457924499, 0.8782729457070505, 0.8782729456335748, 0.8782729455703584, 0.8782729455159686, 0.8782729454691727, 0.8782729454289105, 0.8782729453942699, 0.8782729453644657, 0.8782729453388228, 0.8782729453167606, 0.8782729452977791, 0.8782729452814476, 0.8782729452673967, 0.8782729452553073, 0.8782729452449055, 0.8782729452359563, 0.8782729452282567, 0.8782729452216322, 0.8782729452159329, 0.8782729452110287, 0.8782729452068094, 0.8782729452031794, 0.878272945200056, 0.8782729451973693, 0.8782729451950573, 0.8782729451930682, 0.8782729451913571, 0.8782729451898843, 0.8782729451886172, 0.8782729451875276, 0.8782729451865896, 0.8782729451857827, 0.8782729451850882, 0.8782729451844912, 0.8782729451839774, 0.8782729451835354, 0.8782729451831548, 0.8782729451828276, 0.8782729451825461, 0.878272945182304, 0.8782729451820958, 0.878272945181916, 0.8782729451817616, 0.8782729451816291, 0.8782729451815153, 0.8782729451814171, 0.8782729451813321, 0.8782729451812595, 0.8782729451811968, 0.8782729451811433, 0.878272945181097, 0.8782729451810568, 0.8782729451810225, 0.8782729451809932, 0.8782729451809673, 0.8782729451809457, 0.8782729451809268, 0.8782729451809105, 0.8782729451808967, 0.8782729451808848, 0.8782729451808747, 0.8782729451808654, 0.8782729451808581, 0.8782729451808515, 0.8782729451808458, 0.8782729451808411, 0.8782729451808364, 0.8782729451808312, 0.8782729451808191, 0.878272945180764, 0.878272945180454, 0.8782729451786534, 0.878272945168155, 0.8782729451068744, 0.8782729447491235, 0.878272942660587, 0.8782729304677493, 0.8782728592861646, 0.8782724437293139, 0.8782700177185303, 0.8782558548250893, 0.8781731761293347, 0.8776906372319693, 0.8748782790951414, 0.8586183675376807, 0.7688206975225236, 0.37698937041625613, -0.3769893704162609, -0.7688206975225249, -0.8586183675376807, -0.8748782790951414, -0.8776906372319693, -0.8781731761293347, -0.8782558548250888, -0.8782700177185303, -0.8782724437293133, -0.8782728592861645, -0.8782729304677491, -0.8782729426605866, -0.8782729447491235, -0.8782729451068737, -0.8782729451681554, -0.878272945178654, -0.8782729451804535, -0.8782729451807637, -0.8782729451808193, -0.8782729451808314, -0.8782729451808363, -0.8782729451808408, -0.8782729451808459, -0.8782729451808517, -0.8782729451808584, -0.8782729451808661, -0.8782729451808747, -0.8782729451808851, -0.878272945180897, -0.8782729451809107, -0.878272945180927, -0.8782729451809455, -0.8782729451809675, -0.8782729451809926, -0.8782729451810224, -0.8782729451810568, -0.8782729451810968, -0.8782729451811427, -0.8782729451811969, -0.8782729451812596, -0.8782729451813323, -0.8782729451814165, -0.8782729451815151, -0.8782729451816291, -0.8782729451817615, -0.8782729451819158, -0.8782729451820955, -0.8782729451823038, -0.878272945182546, -0.8782729451828277, -0.878272945183155, -0.8782729451835355, -0.8782729451839774, -0.8782729451844916, -0.8782729451850888, -0.8782729451857832, -0.8782729451865898, -0.8782729451875274, -0.8782729451886174, -0.8782729451898844, -0.8782729451913572, -0.8782729451930686, -0.8782729451950577, -0.8782729451973698, -0.8782729452000567, -0.8782729452031794, -0.8782729452068097, -0.8782729452110289, -0.8782729452159324, -0.8782729452216321, -0.878272945228257, -0.8782729452359563, -0.8782729452449054, -0.8782729452553071, -0.878272945267396, -0.8782729452814472, -0.8782729452977792, -0.8782729453167607, -0.8782729453388229, -0.8782729453644657, -0.8782729453942695, -0.8782729454289101, -0.8782729454691725, -0.8782729455159682, -0.8782729455703583, -0.8782729456335752, -0.878272945707051, -0.87827294579245, -0.8782729458917083, -0.8782729460070746, -0.8782729461411626, -0.8782729462970111, -0.8782729464781504, -0.878272946688686, -0.8782729469333875, -0.8782729472177999, -0.8782729475483675, -0.8782729479325806, -0.8782729483791449, -0.8782729488981781, -0.8782729495014422, -0.8782729502026049, -0.878272951017554, -0.8782729519647554, -0.8782729530656705, -0.8782729543452455, -0.8782729558324729, -0.8782729575610521, -0.8782729595701494, -0.8782729619052885, -0.8782729646193803, -0.8782729677739226, -0.8782729714403932, -0.8782729757018687, -0.8782729806549088, -0.8782729864117439, -0.8782729931028158, -0.8782730008797363, -0.8782730099187215, -0.8782730204245849, -0.8782730326353784, -0.8782730468277857, -0.8782730633233944, -0.8782730824959819, -0.8782731047799858, -0.8782731306803484, -0.8782731607839616, -0.8782731957729643, -0.8782732364402062, -0.8782732837072141, -0.8782733386450791, -0.878273402498735, -0.8782734767151772, -0.8782735629762645, -0.8782736632368482, -0.8782737797690936, -0.8782739152140032, -0.8782740726413036, -0.8782742556190734, -0.8782744682946811, -0.8782747154888828, -0.8782750028052212, -0.8782753367572192, -0.8782757249162749, -0.8782761760836326, -0.8782767004903631, -0.8782773100299427, -0.8782780185287614, -0.878278842060791, -0.8782797993136591, -0.878280912014605, -0.8782822054261927, -0.878283708923324, -0.8782854566650541, -0.8782874883769908, -0.8782898502627877, -0.8782925960664167, -0.8782957883107106, -0.8782994997421385, -0.8783038150171467, -0.8783088326717755, -0.8783146674239296, -0.8783214528669135, -0.8783293446240038, -0.8783385240474016, -0.878349202561519, -0.8783616267709521, -0.8783760844787724, -0.8783929117922633, -0.878412501532779, -0.8784353132164469, -0.8784618849362842, -0.8784928475584516, -0.8785289417520245, -0.8785710385114331, -0.8786201640156774, -0.8786775299156507, -0.878744570474965, -0.8788229884460541, -0.8789148121943342, -0.8790224674666677, -0.8791488684540388, -0.8792975346034363, -0.879472742274147, -0.8796797242623227, -0.8799249361749294, -0.8802164178578576, -0.8805642926992011, -0.8809814713995671, -0.881484666609648, 