c = [1.0, 0.928391096281654, 0.9091840872323859, 0.9000722865086057, 0.8946157910729295, 0.8909640408105064, 0.8883589085487611, 0.8864209040068166, 0.8849356970615566, 0.8837720555468189, 0.8828447573941905, 0.8820958937593871, 0.8814846666096481, 0.8809814713995675, 0.8805642926992016, 0.880216417857858, 0.8799249361749295, 0.8796797242623231, 0.8794727422741474, 0.8792975346034365, 0.8791488684540385, 0.8790224674666675, 0.8789148121943335, 0.8788229884460537, 0.878744570474965, 0.8786775299156502, 0.8786201640156771, 0.8785710385114331, 0.8785289417520245, 0.8784928475584517, 0.8784618849362846, 0.8784353132164469, 0.878412501532779, 0.878392911792263, 0.878376084478772, 0.8783616267709522, 0.8783492025615187, 0.8783385240474013, 0.8783293446240037, 0.8783214528669135, 0.8783146674239294, 0.8783088326717756, 0.8783038150171466, 0.8782994997421385, 0.8782957883107108, 0.8782925960664164, 0.8782898502627874, 0.8782874883769907, 0.8782854566650543, 0.8782837089233241, 0.878282205426192, 0.8782809120146045, 0.8782797993136588, 0.878278842060791, 0.8782780185287613, 0.8782773100299428, 0.8782767004903634, 0.8782761760836326, 0.8782757249162749, 0.8782753367572194, 0.878275002805221, 0.8782747154888833, 0.8782744682946813, 0.8782742556190731, 0.8782740726413035, 0.8782739152140032, 0.8782737797690939, 0.878273663236848, 0.878273562976264, 0.878273476715177, 0.8782734024987351, 0.8782733386450792, 0.8782732837072139, 0.8782732364402064, 0.8782731957729638, 0.8782731607839609, 0.8782731306803486, 0.8782731047799862, 0.8782730824959823, 0.8782730633233947, 0.8782730468277855, 0.8782730326353778, 0.8782730204245849, 0.8782730099187218, 0.8782730008797363, 0.8782729931028155, 0.8782729864117441, 0.8782729806549089, 0.8782729757018685, 0.8782729714403928, 0.8782729677739227, 0.8782729646193804, 0.8782729619052893, 0.8782729595701501, 0.8782729575610526, 0.8782729558324734, 0.8782729543452454, 0.8782729530656707, 0.878272951964755, 0.8782729510175536, 0.878272950202605, 0.8782729495014422, 0.8782729488981784, 0.8782729483791447, 0.8782729479325804, 0.8782729475483673, 0.8782729472178001, 0.8782729469333876, 0.8782729466886856, 0.87827294647815, 0.8782729462970106, 0.8782729461411628, 0.8782729460070742, 0.878272945891708, 0.8782729457924499, 0.8782729457070507, 0.8782729456335752, 0.8782729455703586, 0.8782729455159686, 0.8782729454691725, 0.8782729454289101, 0.8782729453942693, 0.8782729453644653, 0.8782729453388232, 0.878272945316761, 0.8782729452977794, 0.8782729452814478, 0.8782729452673961, 0.8782729452553069, 0.8782729452449055, 0.8782729452359566, 0.8782729452282572, 0.8782729452216322, 0.8782729452159324, 0.8782729452110285, 0.8782729452068093, 0.8782729452031798, 0.8782729452000566, 0.8782729451973695, 0.8782729451950577, 0.8782729451930683, 0.8782729451913568, 0.8782729451898847, 0.8782729451886174, 0.8782729451875276, 0.8782729451865896, 0.8782729451857828, 0.8782729451850888, 0.8782729451844916, 0.8782729451839776, 0.8782729451835356, 0.8782729451831551, 0.8782729451828278, 0.8782729451825464, 0.8782729451823037, 0.8782729451820952, 0.8782729451819159, 0.8782729451817624, 0.8782729451816296, 0.878272945181515, 0.8782729451814169, 0.8782729451813321, 0.8782729451812596, 0.8782729451811973, 0.8782729451811432, 0.8782729451810969, 0.878272945181057, 0.8782729451810223, 0.8782729451809932, 0.8782729451809678, 0.8782729451809458, 0.878272945180927, 0.8782729451809109, 0.8782729451808969, 0.8782729451808846, 0.8782729451808747, 0.8782729451808658, 0.8782729451808581, 0.8782729451808517, 0.8782729451808459, 0.878272945180841, 0.8782729451808369, 0.878272945180833, 0.8782729451808287, 0.8782729451808164, 0.8782729451807615, 0.8782729451804518, 0.8782729451786522, 0.8782729451681539, 0.8782729451068731, 0.8782729447491224, 0.8782729426605863, 0.8782729304677483, 0.8782728592861642, 0.878272443729313, 0.8782700177185302, 0.8782558548250886, 0.8781731761293347, 0.8776906372319687, 0.8748782790951416, 0.8586183675376801, 0.7688206975225226, 0.37698937041625363, -0.3769893704162632, -0.7688206975225257, -0.8586183675376806, -0.8748782790951414, -0.8776906372319692, -0.8781731761293347, -0.8782558548250889, -0.8782700177185304, -0.8782724437293131, -0.8782728592861642, -0.8782729304677483, -0.8782729426605862, -0.8782729447491228, -0.8782729451068729, -0.8782729451681535, -0.878272945178652, -0.8782729451804517, -0.8782729451807614, -0.8782729451808164, -0.8782729451808283, -0.8782729451808332, -0.8782729451808372, -0.8782729451808414, -0.878272945180846, -0.8782729451808517, -0.8782729451808582, -0.8782729451808655, -0.8782729451808746, -0.8782729451808846, -0.8782729451808969, -0.8782729451809108, -0.8782729451809269, -0.8782729451809461, -0.8782729451809678, -0.878272945180993, -0.8782729451810228, -0.8782729451810573, -0.8782729451810969, -0.8782729451811431, -0.8782729451811971, -0.8782729451812594, -0.8782729451813317, -0.8782729451814163, -0.8782729451815151, -0.8782729451816289, -0.8782729451817616, -0.878272945181916, -0.8782729451820955, -0.8782729451823041, -0.8782729451825462, -0.8782729451828278, -0.8782729451831551, -0.8782729451835359, -0.8782729451839778, -0.8782729451844915, -0.8782729451850888, -0.8782729451857829, -0.8782729451865903, -0.8782729451875281, -0.8782729451886178, -0.878272945189885, -0.8782729451913571, -0.8782729451930682, -0.8782729451950574, -0.8782729451973695, -0.8782729452000564, -0.8782729452031796, -0.8782729452068101, -0.8782729452110289, -0.8782729452159328, -0.8782729452216328, -0.8782729452282566, -0.8782729452359562, -0.878272945244906, -0.878272945255307, -0.8782729452673963, -0.8782729452814477, -0.8782729452977791, -0.878272945316761, -0.8782729453388235, -0.8782729453644657, -0.8782729453942696, -0.8782729454289104, -0.8782729454691727, -0.8782729455159684, -0.8782729455703583, -0.8782729456335752, -0.8782729457070507, -0.8782729457924503, -0.8782729458917081, -0.878272946007075, -0.8782729461411625, -0.8782729462970105, -0.8782729464781504, -0.8782729466886862, -0.8782729469333879, -0.8782729472178001, -0.878272947548368, -0.8782729479325809, -0.8782729483791447, -0.8782729488981786, -0.8782729495014415, -0.8782729502026045, -0.8782729510175535, -0.8782729519647547, -0.8782729530656707, -0.8782729543452454, -0.878272955832473, -0.8782729575610523, -0.8782729595701497, -0.8782729619052889, -0.8782729646193804, -0.8782729677739229, -0.8782729714403931, -0.8782729757018687, -0.8782729806549088, -0.8782729864117438, -0.878272993102816, -0.8782730008797365, -0.8782730099187217, -0.8782730204245849, -0.8782730326353779, -0.8782730468277854, -0.8782730633233948, -0.8782730824959826, -0.8782731047799863, -0.8782731306803488, -0.8782731607839612, -0.8782731957729641, -0.878273236440206, -0.8782732837072139, -0.8782733386450791, -0.8782734024987346, -0.8782734767151771, -0.8782735629762646, -0.8782736632368481, -0.8782737797690938, -0.8782739152140029, -0.8782740726413034, -0.8782742556190735, -0.8782744682946809, -0.8782747154888828, -0.8782750028052211, -0.8782753367572191, -0.8782757249162749, -0.8782761760836328, -0.8782767004903635, -0.878277310029943, -0.878278018528762, -0.8782788420607911, -0.8782797993136591, -0.8782809120146046, -0.8782822054261924, -0.878283708923324, -0.8782854566650542, -0.8782874883769908, -0.878289850262787, -0.8782925960664163, -0.8782957883107103, -0.8782994997421383, -0.8783038150171468, -0.8783088326717757, -0.8783146674239297, -0.8783214528669141, -0.8783293446240041, -0.8783385240474019, -0.878349202561519, -0.8783616267709519, -0.878376084478772, -0.878392911792263, -0.878412501532779, -0.878435313216447, -0.8784618849362846, -0.8784928475584519, -0.8785289417520243, -0.8785710385114335, -0.8786201640156776, -0.8786775299156506, -0.8787445704749653, -0.8788229884460542, -0.878914812194334, -0.8790224674666675, -0.8791488684540387, -0.8792975346034362, -0.879472742274147, -0.8796797242623228, -0.8799249361749295, -0.8802164178578576, -0.8805642926992016, -0.8809814713995677, 