c = [1.0, 0.928391096281654, 0.9091840872323859, 0.9000722865086058, 0.8946157910729294, 0.8909640408105061, 0.8883589085487609, 0.8864209040068168, 0.884935697061557, 0.8837720555468194, 0.8828447573941904, 0.882095893759387, 0.8814846666096477, 0.8809814713995676, 0.8805642926992016, 0.8802164178578581, 0.8799249361749296, 0.879679724262323, 0.8794727422741472, 0.8792975346034364, 0.8791488684540383, 0.8790224674666676, 0.8789148121943341, 0.878822988446054, 0.878744570474965, 0.8786775299156505, 0.8786201640156776, 0.8785710385114336, 0.8785289417520251, 0.8784928475584519, 0.8784618849362846, 0.8784353132164471, 0.8784125015327793, 0.8783929117922638, 0.8783760844787726, 0.8783616267709521, 0.878349202561519, 0.8783385240474019, 0.8783293446240041, 0.8783214528669142, 0.8783146674239296, 0.878308832671776, 0.8783038150171474, 0.8782994997421386, 0.8782957883107106, 0.8782925960664167, 0.8782898502627878, 0.878287488376991, 0.878285456665054, 0.8782837089233237, 0.8782822054261925, 0.8782809120146048, 0.8782797993136588, 0.8782788420607913, 0.878278018528762, 0.8782773100299426, 0.8782767004903631, 0.8782761760836332, 0.8782757249162753, 0.8782753367572196, 0.8782750028052217, 0.8782747154888835, 0.8782744682946815, 0.8782742556190735, 0.8782740726413034, 0.8782739152140031, 0.8782737797690939, 0.8782736632368482, 0.8782735629762648, 0.8782734767151776, 0.8782734024987354, 0.8782733386450796, 0.8782732837072141, 0.8782732364402063, 0.8782731957729645, 0.8782731607839619, 0.8782731306803492, 0.8782731047799865, 0.8782730824959825, 0.8782730633233948, 0.8782730468277858, 0.8782730326353786, 0.8782730204245852, 0.8782730099187219, 0.8782730008797369, 0.8782729931028159, 0.878272986411744, 0.878272980654909, 0.8782729757018687, 0.8782729714403931, 0.8782729677739233, 0.8782729646193812, 0.8782729619052891, 0.87827295957015, 0.8782729575610523, 0.8782729558324733, 0.8782729543452455, 0.8782729530656705, 0.8782729519647555, 0.8782729510175543, 0.8782729502026049, 0.878272949501442, 0.8782729488981781, 0.8782729483791445, 0.8782729479325809, 0.878272947548368, 0.8782729472178, 0.8782729469333874, 0.8782729466886862, 0.8782729464781509, 0.8782729462970107, 0.8782729461411625, 0.8782729460070746, 0.8782729458917086, 0.8782729457924506, 0.8782729457070513, 0.8782729456335755, 0.8782729455703587, 0.8782729455159682, 0.8782729454691721, 0.8782729454289101, 0.8782729453942699, 0.8782729453644662, 0.8782729453388237, 0.8782729453167615, 0.8782729452977794, 0.8782729452814478, 0.8782729452673964, 0.8782729452553072, 0.878272945244906, 0.8782729452359568, 0.8782729452282568, 0.8782729452216322, 0.8782729452159326, 0.878272945211029, 0.87827294520681, 0.8782729452031801, 0.878272945200057, 0.8782729451973698, 0.8782729451950575, 0.8782729451930688, 0.8782729451913571, 0.8782729451898847, 0.8782729451886176, 0.8782729451875277, 0.87827294518659, 0.8782729451857832, 0.878272945185089, 0.8782729451844916, 0.8782729451839778, 0.8782729451835358, 0.8782729451831557, 0.8782729451828281, 0.8782729451825464, 0.8782729451823044, 0.8782729451820963, 0.878272945181917, 0.8782729451817622, 0.8782729451816297, 0.8782729451815153, 0.8782729451814173, 0.8782729451813329, 0.8782729451812596, 0.8782729451811974, 0.8782729451811436, 0.8782729451810968, 0.8782729451810571, 0.8782729451810228, 0.8782729451809932, 0.878272945180968, 0.8782729451809461, 0.8782729451809275, 0.8782729451809109, 0.8782729451808973, 0.8782729451808853, 0.8782729451808747, 0.878272945180866, 0.8782729451808582, 0.8782729451808515, 0.8782729451808461, 0.8782729451808413, 0.8782729451808373, 0.8782729451808331, 0.8782729451808299, 0.878272945180826, 0.8782729451808147, 0.8782729451807598, 0.8782729451804505, 0.8782729451786508, 0.8782729451681531, 0.8782729451068721, 0.8782729447491219, 0.8782729426605853, 0.878272930467748, 0.8782728592861632, 0.8782724437293127, 0.8782700177185296, 0.8782558548250886, 0.8781731761293341, 0.8776906372319685, 0.8748782790951416, 0.8586183675376805, 0.7688206975225222, 0.37698937041625225, -0.37698937041626457, -0.7688206975225258, -0.8586183675376807, -0.8748782790951415, -0.877690637231969, -0.8781731761293344, -0.8782558548250888, -0.8782700177185295, -0.8782724437293129, -0.8782728592861637, -0.878272930467748, -0.8782729426605854, -0.8782729447491219, -0.8782729451068724, -0.8782729451681529, -0.8782729451786508, -0.8782729451804504, -0.8782729451807603, -0.878272945180815, -0.8782729451808264, -0.8782729451808303, -0.8782729451808335, -0.8782729451808372, -0.8782729451808412, -0.8782729451808463, -0.8782729451808516, -0.8782729451808586, -0.8782729451808661, -0.8782729451808748, -0.8782729451808854, -0.8782729451808973, -0.878272945180911, -0.8782729451809275, -0.8782729451809465, -0.8782729451809682, -0.8782729451809934, -0.8782729451810232, -0.8782729451810571, -0.8782729451810967, -0.8782729451811431, -0.8782729451811973, -0.8782729451812595, -0.8782729451813324, -0.8782729451814167, -0.8782729451815154, -0.8782729451816297, -0.8782729451817622, -0.8782729451819166, -0.8782729451820961, -0.8782729451823047, -0.8782729451825468, -0.8782729451828282, -0.8782729451831555, -0.8782729451835358, -0.8782729451839785, -0.8782729451844923, -0.8782729451850895, -0.8782729451857837, -0.8782729451865904, -0.8782729451875277, -0.8782729451886178, -0.878272945189885, -0.878272945191357, -0.8782729451930685, -0.878272945195058, -0.8782729451973696, -0.8782729452000569, -0.8782729452031803, -0.8782729452068097, -0.8782729452110288, -0.8782729452159332, -0.8782729452216325, -0.8782729452282568, -0.8782729452359569, -0.8782729452449058, -0.8782729452553074, -0.8782729452673967, -0.8782729452814478, -0.8782729452977792, -0.8782729453167613, -0.8782729453388236, -0.8782729453644659, -0.8782729453942697, -0.8782729454289104, -0.8782729454691725, -0.8782729455159686, -0.8782729455703584, -0.8782729456335755, -0.878272945707051, -0.8782729457924502, -0.8782729458917086, -0.878272946007075, -0.8782729461411629, -0.878272946297011, -0.8782729464781509, -0.8782729466886864, -0.8782729469333879, -0.8782729472178005, -0.8782729475483677, -0.8782729479325809, -0.8782729483791445, -0.878272948898178, -0.878272949501442, -0.8782729502026044, -0.8782729510175539, -0.8782729519647553, -0.8782729530656711, -0.878272954345246, -0.8782729558324734, -0.8782729575610527, -0.87827295957015, -0.878272961905289, -0.8782729646193808, -0.8782729677739232, -0.8782729714403936, -0.8782729757018691, -0.8782729806549092, -0.878272986411744, -0.8782729931028159, -0.8782730008797365, -0.8782730099187221, -0.8782730204245852, -0.8782730326353786, -0.8782730468277861, -0.8782730633233949, -0.8782730824959826, -0.8782731047799862, -0.8782731306803491, -0.8782731607839618, -0.8782731957729643, -0.8782732364402067, -0.8782732837072145, -0.8782733386450797, -0.8782734024987354, -0.8782734767151775, -0.8782735629762651, -0.8782736632368486, -0.8782737797690944, -0.8782739152140034, -0.8782740726413036, -0.8782742556190736, -0.8782744682946811, -0.8782747154888833, -0.8782750028052216, -0.8782753367572199, -0.8782757249162759, -0.8782761760836331, -0.8782767004903638, -0.8782773100299429, -0.8782780185287623, -0.8782788420607914, -0.8782797993136593, -0.8782809120146048, -0.8782822054261922, -0.8782837089233237, -0.8782854566650539, -0.8782874883769907, -0.8782898502627875, -0.8782925960664169, -0.8782957883107109, -0.8782994997421391, -0.8783038150171473, -0.8783088326717761, -0.8783146674239297, -0.878321452866914, -0.878329344624004, -0.8783385240474014, -0.8783492025615192, -0.8783616267709519, -0.8783760844787724, -0.8783929117922635, -0.878412501532779, -0.8784353132164474, -0.8784618849362846, -0.8784928475584521, -0.878528941752025, -0.8785710385114336, -0.8786201640156774, -0.8786775299156506, -0.8787445704749655, -0.8788229884460542, -0.8789148121943341, -0.8790224674666676, -0.8791488684540388, -0.8792975346034365, -0.8794727422741476, -0.8796797242623235, -0.8799249361749296, -0.8802164178578579, 