c = [1.0, 0.9283910962816538, 0.9091840872323855, 0.9000722865086054, 0.8946157910729293, 0.8909640408105063, 0.8883589085487611, 0.8864209040068174, 0.884935697061557, 0.8837720555468193, 0.8828447573941904, 0.8820958937593872, 0.881484666609648, 0.880981471399568, 0.880564292699202, 0.8802164178578581, 0.8799249361749295, 0.8796797242623231, 0.879472742274147, 0.8792975346034363, 0.8791488684540386, 0.8790224674666675, 0.8789148121943341, 0.8788229884460542, 0.8787445704749655, 0.8786775299156508, 0.878620164015678, 0.8785710385114335, 0.8785289417520247, 0.8784928475584519, 0.8784618849362845, 0.8784353132164475, 0.8784125015327795, 0.8783929117922635, 0.8783760844787724, 0.8783616267709521, 0.878349202561519, 0.8783385240474019, 0.878329344624004, 0.8783214528669142, 0.8783146674239303, 0.878308832671776, 0.8783038150171473, 0.8782994997421388, 0.8782957883107111, 0.8782925960664171, 0.8782898502627874, 0.8782874883769909, 0.8782854566650543, 0.8782837089233242, 0.8782822054261923, 0.8782809120146051, 0.8782797993136594, 0.8782788420607911, 0.8782780185287618, 0.878277310029943, 0.8782767004903635, 0.8782761760836334, 0.8782757249162759, 0.8782753367572198, 0.8782750028052219, 0.8782747154888836, 0.8782744682946815, 0.8782742556190735, 0.8782740726413033, 0.8782739152140032, 0.8782737797690944, 0.8782736632368486, 0.8782735629762649, 0.8782734767151779, 0.8782734024987353, 0.8782733386450793, 0.8782732837072145, 0.8782732364402068, 0.8782731957729648, 0.878273160783962, 0.8782731306803491, 0.8782731047799865, 0.8782730824959828, 0.8782730633233954, 0.878273046827786, 0.8782730326353785, 0.8782730204245857, 0.8782730099187219, 0.8782730008797367, 0.878272993102816, 0.8782729864117442, 0.8782729806549093, 0.8782729757018695, 0.8782729714403938, 0.8782729677739235, 0.8782729646193812, 0.878272961905289, 0.8782729595701498, 0.8782729575610524, 0.8782729558324734, 0.8782729543452462, 0.8782729530656714, 0.8782729519647556, 0.8782729510175542, 0.8782729502026045, 0.8782729495014417, 0.8782729488981788, 0.8782729483791453, 0.8782729479325807, 0.8782729475483677, 0.8782729472178004, 0.8782729469333882, 0.878272946688686, 0.8782729464781507, 0.8782729462970111, 0.878272946141163, 0.8782729460070753, 0.8782729458917091, 0.8782729457924509, 0.8782729457070515, 0.8782729456335754, 0.8782729455703584, 0.8782729455159684, 0.8782729454691728, 0.8782729454289107, 0.8782729453942705, 0.8782729453644665, 0.8782729453388236, 0.8782729453167614, 0.8782729452977796, 0.878272945281448, 0.878272945267397, 0.8782729452553073, 0.8782729452449057, 0.8782729452359567, 0.8782729452282569, 0.8782729452216327, 0.8782729452159329, 0.8782729452110292, 0.8782729452068103, 0.87827294520318, 0.8782729452000566, 0.8782729451973699, 0.8782729451950577, 0.8782729451930685, 0.8782729451913571, 0.8782729451898845, 0.8782729451886179, 0.8782729451875279, 0.87827294518659, 0.8782729451857831, 0.878272945185089, 0.878272945184492, 0.8782729451839782, 0.8782729451835356, 0.8782729451831552, 0.8782729451828282, 0.8782729451825472, 0.8782729451823048, 0.878272945182096, 0.8782729451819169, 0.8782729451817624, 0.8782729451816299, 0.8782729451815158, 0.8782729451814171, 0.8782729451813326, 0.8782729451812602, 0.8782729451811971, 0.8782729451811435, 0.8782729451810972, 0.8782729451810574, 0.8782729451810231, 0.8782729451809936, 0.8782729451809683, 0.8782729451809461, 0.8782729451809276, 0.8782729451809113, 0.8782729451808973, 0.8782729451808853, 0.8782729451808747, 0.878272945180866, 0.8782729451808585, 0.8782729451808521, 0.8782729451808465, 0.8782729451808412, 0.8782729451808372, 0.878272945180834, 0.8782729451808308, 0.8782729451808278, 0.8782729451808241, 0.878272945180813, 0.8782729451807587, 0.8782729451804488, 0.87827294517865, 0.8782729451681518, 0.8782729451068714, 0.8782729447491209, 0.8782729426605851, 0.8782729304677473, 0.8782728592861632, 0.8782724437293123, 0.8782700177185292, 0.8782558548250884, 0.8781731761293343, 0.8776906372319686, 0.8748782790951416, 0.8586183675376804, 0.7688206975225222, 0.3769893704162522, -0.3769893704162649, -0.7688206975225259, -0.8586183675376807, -0.8748782790951417, -0.8776906372319687, -0.8781731761293347, -0.8782558548250889, -0.8782700177185297, -0.8782724437293125, -0.8782728592861634, -0.8782729304677478, -0.8782729426605849, -0.8782729447491209, -0.8782729451068715, -0.8782729451681521, -0.8782729451786501, -0.8782729451804493, -0.8782729451807586, -0.8782729451808129, -0.8782729451808239, -0.8782729451808274, -0.8782729451808307, -0.8782729451808334, -0.8782729451808373, -0.8782729451808413, -0.8782729451808463, -0.8782729451808521, -0.8782729451808585, -0.8782729451808661, -0.8782729451808751, -0.8782729451808855, -0.8782729451808973, -0.8782729451809113, -0.8782729451809276, -0.8782729451809461, -0.8782729451809675, -0.8782729451809929, -0.8782729451810228, -0.878272945181057, -0.8782729451810968, -0.8782729451811433, -0.8782729451811971, -0.8782729451812599, -0.8782729451813324, -0.8782729451814172, -0.8782729451815154, -0.87827294518163, -0.8782729451817625, -0.8782729451819166, -0.878272945182096, -0.8782729451823046, -0.8782729451825472, -0.8782729451828288, -0.8782729451831559, -0.8782729451835364, -0.8782729451839786, -0.878272945184492, -0.8782729451850894, -0.8782729451857838, -0.8782729451865903, -0.8782729451875281, -0.8782729451886183, -0.8782729451898849, -0.8782729451913572, -0.878272945193069, -0.8782729451950576, -0.8782729451973695, -0.8782729452000572, -0.87827294520318, -0.8782729452068099, -0.8782729452110293, -0.878272945215933, -0.8782729452216329, -0.8782729452282575, -0.8782729452359568, -0.8782729452449058, -0.8782729452553076, -0.8782729452673971, -0.878272945281448, -0.8782729452977796, -0.8782729453167616, -0.8782729453388237, -0.8782729453644663, -0.8782729453942698, -0.8782729454289109, -0.8782729454691728, -0.8782729455159686, -0.8782729455703588, -0.8782729456335756, -0.8782729457070514, -0.8782729457924506, -0.8782729458917093, -0.8782729460070755, -0.8782729461411634, -0.8782729462970117, -0.8782729464781509, -0.8782729466886866, -0.8782729469333879, -0.8782729472178001, -0.878272947548368, -0.8782729479325807, -0.8782729483791447, -0.8782729488981785, -0.8782729495014423, -0.8782729502026051, -0.878272951017554, -0.8782729519647556, -0.878272953065671, -0.878272954345246, -0.8782729558324736, -0.8782729575610527, -0.8782729595701502, -0.8782729619052893, -0.8782729646193808, -0.8782729677739228, -0.8782729714403932, -0.8782729757018688, -0.8782729806549097, -0.8782729864117444, -0.8782729931028164, -0.8782730008797369, -0.8782730099187219, -0.8782730204245851, -0.8782730326353783, -0.878273046827786, -0.8782730633233948, -0.8782730824959823, -0.8782731047799863, -0.8782731306803491, -0.8782731607839618, -0.8782731957729643, -0.8782732364402062, -0.8782732837072145, -0.8782733386450797, -0.8782734024987354, -0.8782734767151775, -0.8782735629762647, -0.8782736632368485, -0.878273779769094, -0.8782739152140036, -0.8782740726413039, -0.8782742556190738, -0.8782744682946818, -0.8782747154888834, -0.8782750028052216, -0.8782753367572195, -0.8782757249162757, -0.8782761760836332, -0.8782767004903639, -0.8782773100299429, -0.8782780185287618, -0.8782788420607909, -0.8782797993136588, -0.8782809120146046, -0.8782822054261924, -0.8782837089233242, -0.8782854566650544, -0.8782874883769914, -0.878289850262788, -0.8782925960664174, -0.878295788310711, -0.8782994997421388, -0.8783038150171473, -0.8783088326717757, -0.8783146674239298, -0.8783214528669139, -0.8783293446240042, -0.8783385240474019, -0.8783492025615189, -0.8783616267709524, -0.8783760844787726, -0.878392911792264, -0.8784125015327796, -0.8784353132164476, -0.8784618849362846, -0.8784928475584521, -0.8785289417520252, -0.8785710385114338, -0.8786201640156777, -0.8786775299156507, -0.8787445704749656, -0.8788229884460544, -0.8789148121943346, -0.8790224674666683, -0.879148868454039, -0.8792975346034365, -0.8794727422741474, -0.8796797242623228, 