c = [1.0, 0.9283910962816535, 0.9091840872323853, 0.9000722865086056, 0.8946157910729295, 0.8909640408105065, 0.888358908548761, 0.8864209040068171, 0.8849356970615567, 0.8837720555468194, 0.8828447573941905, 0.8820958937593874, 0.8814846666096482, 0.8809814713995678, 0.8805642926992017, 0.8802164178578581, 0.8799249361749294, 0.8796797242623231, 0.8794727422741472, 0.8792975346034361, 0.8791488684540383, 0.8790224674666675, 0.8789148121943342, 0.8788229884460541, 0.8787445704749658, 0.8786775299156506, 0.8786201640156777, 0.8785710385114335, 0.8785289417520248, 0.8784928475584524, 0.8784618849362847, 0.8784353132164472, 0.8784125015327794, 0.8783929117922634, 0.8783760844787725, 0.8783616267709522, 0.878349202561519, 0.878338524047402, 0.8783293446240046, 0.8783214528669142, 0.8783146674239302, 0.878308832671776, 0.8783038150171476, 0.8782994997421393, 0.8782957883107109, 0.8782925960664167, 0.8782898502627879, 0.8782874883769912, 0.8782854566650544, 0.8782837089233246, 0.8782822054261931, 0.8782809120146051, 0.8782797993136591, 0.8782788420607917, 0.8782780185287622, 0.8782773100299435, 0.8782767004903642, 0.8782761760836335, 0.8782757249162759, 0.8782753367572198, 0.8782750028052215, 0.8782747154888834, 0.8782744682946814, 0.8782742556190735, 0.8782740726413037, 0.8782739152140037, 0.8782737797690946, 0.8782736632368487, 0.8782735629762647, 0.8782734767151774, 0.8782734024987356, 0.8782733386450797, 0.8782732837072146, 0.8782732364402067, 0.8782731957729646, 0.8782731607839617, 0.8782731306803492, 0.8782731047799867, 0.8782730824959826, 0.8782730633233948, 0.8782730468277862, 0.8782730326353784, 0.8782730204245853, 0.8782730099187218, 0.8782730008797367, 0.8782729931028159, 0.8782729864117447, 0.8782729806549098, 0.8782729757018692, 0.8782729714403935, 0.878272967773923, 0.878272964619381, 0.8782729619052889, 0.8782729595701496, 0.878272957561053, 0.8782729558324739, 0.878272954345246, 0.8782729530656711, 0.8782729519647553, 0.8782729510175541, 0.8782729502026053, 0.8782729495014425, 0.8782729488981785, 0.8782729483791446, 0.8782729479325809, 0.8782729475483684, 0.8782729472178002, 0.8782729469333878, 0.8782729466886863, 0.8782729464781511, 0.8782729462970116, 0.8782729461411635, 0.8782729460070754, 0.8782729458917092, 0.8782729457924506, 0.8782729457070508, 0.8782729456335752, 0.878272945570359, 0.8782729455159689, 0.8782729454691733, 0.8782729454289111, 0.8782729453942703, 0.8782729453644662, 0.8782729453388236, 0.8782729453167614, 0.8782729452977799, 0.878272945281448, 0.8782729452673965, 0.8782729452553072, 0.8782729452449057, 0.8782729452359568, 0.8782729452282572, 0.8782729452216328, 0.8782729452159335, 0.8782729452110293, 0.87827294520681, 0.8782729452031803, 0.8782729452000569, 0.8782729451973699, 0.8782729451950576, 0.8782729451930686, 0.8782729451913572, 0.878272945189885, 0.8782729451886179, 0.878272945187528, 0.8782729451865902, 0.8782729451857834, 0.8782729451850895, 0.878272945184492, 0.8782729451839779, 0.8782729451835357, 0.878272945183156, 0.8782729451828287, 0.8782729451825468, 0.8782729451823046, 0.878272945182096, 0.8782729451819169, 0.8782729451817628, 0.8782729451816297, 0.8782729451815157, 0.8782729451814174, 0.8782729451813325, 0.87827294518126, 0.8782729451811975, 0.8782729451811434, 0.8782729451810971, 0.8782729451810574, 0.8782729451810233, 0.8782729451809934, 0.8782729451809682, 0.8782729451809463, 0.8782729451809274, 0.8782729451809114, 0.8782729451808972, 0.8782729451808853, 0.8782729451808751, 0.8782729451808663, 0.878272945180859, 0.878272945180852, 0.8782729451808462, 0.8782729451808418, 0.8782729451808376, 0.878272945180834, 0.878272945180831, 0.8782729451808283, 0.8782729451808259, 0.878272945180822, 0.8782729451808117, 0.8782729451807572, 0.8782729451804477, 0.8782729451786484, 0.8782729451681511, 0.8782729451068705, 0.8782729447491207, 0.8782729426605842, 0.8782729304677469, 0.8782728592861628, 0.8782724437293122, 0.878270017718529, 0.8782558548250882, 0.8781731761293342, 0.8776906372319686, 0.8748782790951413, 0.8586183675376801, 0.768820697522522, 0.37698937041625236, -0.37698937041626435, -0.7688206975225255, -0.8586183675376811, -0.8748782790951417, -0.8776906372319687, -0.8781731761293339, -0.8782558548250881, -0.8782700177185294, -0.8782724437293122, -0.8782728592861627, -0.8782729304677472, -0.8782729426605846, -0.8782729447491209, -0.878272945106871, -0.8782729451681514, -0.8782729451786488, -0.8782729451804481, -0.8782729451807569, -0.8782729451808114, -0.878272945180822, -0.8782729451808259, -0.8782729451808282, -0.8782729451808309, -0.8782729451808342, -0.8782729451808378, -0.8782729451808416, -0.8782729451808465, -0.8782729451808524, -0.8782729451808589, -0.8782729451808665, -0.8782729451808755, -0.8782729451808854, -0.878272945180897, -0.8782729451809109, -0.8782729451809276, -0.878272945180946, -0.8782729451809677, -0.8782729451809933, -0.8782729451810232, -0.8782729451810575, -0.878272945181097, -0.8782729451811435, -0.8782729451811974, -0.8782729451812603, -0.8782729451813328, -0.8782729451814172, -0.8782729451815154, -0.8782729451816296, -0.8782729451817628, -0.8782729451819172, -0.8782729451820963, -0.8782729451823049, -0.8782729451825472, -0.8782729451828284, -0.8782729451831557, -0.8782729451835362, -0.878272945183978, -0.878272945184492, -0.8782729451850895, -0.8782729451857835, -0.8782729451865905, -0.8782729451875285, -0.878272945188618, -0.8782729451898849, -0.8782729451913577, -0.8782729451930689, -0.8782729451950579, -0.87827294519737, -0.878272945200057, -0.8782729452031804, -0.8782729452068105, -0.8782729452110296, -0.8782729452159331, -0.8782729452216331, -0.8782729452282576, -0.878272945235957, -0.8782729452449062, -0.8782729452553076, -0.878272945267397, -0.8782729452814484, -0.8782729452977794, -0.8782729453167616, -0.8782729453388237, -0.878272945364466, -0.87827294539427, -0.878272945428911, -0.878272945469173, -0.8782729455159687, -0.8782729455703592, -0.8782729456335759, -0.8782729457070513, -0.8782729457924509, -0.8782729458917087, -0.8782729460070752, -0.878272946141163, -0.8782729462970111, -0.8782729464781511, -0.8782729466886863, -0.8782729469333879, -0.8782729472178004, -0.8782729475483682, -0.8782729479325811, -0.8782729483791449, -0.8782729488981786, -0.8782729495014422, -0.8782729502026048, -0.878272951017554, -0.8782729519647554, -0.8782729530656711, -0.878272954345246, -0.8782729558324734, -0.8782729575610524, -0.8782729595701497, -0.8782729619052888, -0.8782729646193811, -0.8782729677739233, -0.8782729714403935, -0.8782729757018691, -0.8782729806549093, -0.8782729864117442, -0.8782729931028161, -0.8782730008797369, -0.8782730099187224, -0.8782730204245851, -0.8782730326353785, -0.8782730468277863, -0.8782730633233952, -0.8782730824959827, -0.8782731047799863, -0.8782731306803492, -0.8782731607839619, -0.8782731957729644, -0.8782732364402064, -0.8782732837072142, -0.8782733386450795, -0.8782734024987353, -0.8782734767151779, -0.878273562976265, -0.8782736632368489, -0.8782737797690948, -0.8782739152140036, -0.8782740726413037, -0.8782742556190736, -0.8782744682946818, -0.8782747154888836, -0.8782750028052219, -0.8782753367572197, -0.8782757249162756, -0.8782761760836331, -0.8782767004903638, -0.8782773100299429, -0.8782780185287622, -0.8782788420607918, -0.8782797993136595, -0.8782809120146053, -0.8782822054261928, -0.8782837089233247, -0.8782854566650546, -0.8782874883769912, -0.8782898502627878, -0.878292596066417, -0.8782957883107111, -0.8782994997421388, -0.8783038150171475, -0.8783088326717762, -0.8783146674239298, -0.8783214528669144, -0.8783293446240045, -0.8783385240474022, -0.8783492025615196, -0.8783616267709525, -0.8783760844787726, -0.8783929117922639, -0.8784125015327799, -0.8784353132164477, -0.8784618849362849, -0.8784928475584521, -0.8785289417520251, -0.878571038511434, -0.8786201640156781, -0.8786775299156516, -0.8787445704749657, -0.8788229884460547, -0.8789148121943346, -0.8790224674666678, -0.879148868454039, -0.8792975346034365, 