c = [1.0, 0.9283910962816538, 0.9091840872323858, 0.900072286508606, 0.8946157910729297, 0.8909640408105065, 0.8883589085487611, 0.8864209040068174, 0.8849356970615571, 0.8837720555468196, 0.8828447573941909, 0.8820958937593874, 0.8814846666096482, 0.8809814713995678, 0.8805642926992016, 0.880216417857858, 0.8799249361749295, 0.8796797242623229, 0.8794727422741472, 0.8792975346034363, 0.8791488684540388, 0.8790224674666679, 0.8789148121943349, 0.8788229884460542, 0.8787445704749655, 0.8786775299156507, 0.8786201640156778, 0.878571038511434, 0.8785289417520252, 0.8784928475584524, 0.8784618849362849, 0.8784353132164475, 0.8784125015327795, 0.8783929117922639, 0.8783760844787726, 0.8783616267709525, 0.8783492025615196, 0.8783385240474021, 0.8783293446240045, 0.8783214528669142, 0.8783146674239304, 0.8783088326717762, 0.8783038150171473, 0.8782994997421388, 0.8782957883107113, 0.8782925960664173, 0.8782898502627878, 0.8782874883769914, 0.8782854566650546, 0.8782837089233243, 0.8782822054261924, 0.8782809120146053, 0.8782797993136592, 0.8782788420607917, 0.8782780185287624, 0.8782773100299432, 0.8782767004903639, 0.8782761760836335, 0.8782757249162757, 0.8782753367572197, 0.8782750028052214, 0.8782747154888835, 0.8782744682946817, 0.8782742556190738, 0.8782740726413037, 0.8782739152140037, 0.8782737797690943, 0.8782736632368482, 0.8782735629762649, 0.8782734767151779, 0.8782734024987356, 0.8782733386450798, 0.8782732837072144, 0.8782732364402068, 0.8782731957729648, 0.8782731607839621, 0.8782731306803492, 0.8782731047799864, 0.8782730824959829, 0.8782730633233949, 0.8782730468277858, 0.8782730326353784, 0.8782730204245853, 0.8782730099187219, 0.8782730008797373, 0.8782729931028165, 0.8782729864117446, 0.8782729806549097, 0.878272975701869, 0.8782729714403934, 0.8782729677739232, 0.8782729646193808, 0.8782729619052895, 0.8782729595701505, 0.8782729575610531, 0.8782729558324739, 0.8782729543452459, 0.8782729530656709, 0.8782729519647559, 0.8782729510175543, 0.8782729502026047, 0.878272949501442, 0.8782729488981785, 0.8782729483791453, 0.8782729479325808, 0.878272947548368, 0.8782729472178004, 0.8782729469333882, 0.8782729466886867, 0.8782729464781515, 0.8782729462970118, 0.8782729461411636, 0.878272946007075, 0.8782729458917088, 0.8782729457924504, 0.8782729457070513, 0.8782729456335756, 0.8782729455703593, 0.8782729455159692, 0.8782729454691728, 0.8782729454289107, 0.87827294539427, 0.8782729453644663, 0.8782729453388239, 0.8782729453167615, 0.8782729452977794, 0.878272945281448, 0.8782729452673966, 0.8782729452553076, 0.8782729452449061, 0.8782729452359571, 0.8782729452282576, 0.8782729452216328, 0.8782729452159328, 0.8782729452110296, 0.8782729452068102, 0.8782729452031801, 0.8782729452000568, 0.8782729451973698, 0.8782729451950579, 0.8782729451930689, 0.8782729451913573, 0.8782729451898847, 0.878272945188618, 0.8782729451875281, 0.8782729451865904, 0.8782729451857834, 0.8782729451850891, 0.878272945184492, 0.8782729451839787, 0.8782729451835366, 0.8782729451831557, 0.8782729451828286, 0.878272945182547, 0.8782729451823048, 0.8782729451820964, 0.8782729451819168, 0.8782729451817626, 0.8782729451816301, 0.8782729451815156, 0.8782729451814174, 0.8782729451813328, 0.87827294518126, 0.8782729451811973, 0.8782729451811435, 0.8782729451810973, 0.8782729451810571, 0.8782729451810231, 0.8782729451809935, 0.8782729451809681, 0.8782729451809463, 0.8782729451809272, 0.8782729451809111, 0.8782729451808974, 0.8782729451808856, 0.8782729451808755, 0.878272945180866, 0.8782729451808585, 0.8782729451808522, 0.8782729451808465, 0.8782729451808416, 0.8782729451808376, 0.8782729451808338, 0.8782729451808311, 0.8782729451808281, 0.8782729451808261, 0.8782729451808235, 0.8782729451808203, 0.8782729451808096, 0.8782729451807559, 0.8782729451804469, 0.8782729451786481, 0.8782729451681502, 0.8782729451068697, 0.8782729447491202, 0.8782729426605843, 0.8782729304677466, 0.8782728592861626, 0.8782724437293121, 0.8782700177185291, 0.8782558548250882, 0.8781731761293341, 0.8776906372319684, 0.8748782790951414, 0.8586183675376801, 0.768820697522523, 0.3769893704162548, -0.3769893704162621, -0.768820697522525, -0.8586183675376804, -0.8748782790951415, -0.8776906372319688, -0.8781731761293341, -0.878255854825088, -0.8782700177185293, -0.8782724437293122, -0.878272859286163, -0.8782729304677473, -0.8782729426605843, -0.8782729447491202, -0.8782729451068702, -0.8782729451681501, -0.8782729451786478, -0.8782729451804466, -0.878272945180756, -0.8782729451808099, -0.8782729451808203, -0.8782729451808237, -0.878272945180826, -0.8782729451808281, -0.878272945180831, -0.8782729451808343, -0.8782729451808378, -0.8782729451808418, -0.878272945180847, -0.8782729451808521, -0.8782729451808584, -0.8782729451808661, -0.8782729451808754, -0.8782729451808854, -0.8782729451808974, -0.8782729451809113, -0.8782729451809276, -0.8782729451809466, -0.8782729451809682, -0.8782729451809935, -0.8782729451810233, -0.8782729451810578, -0.8782729451810974, -0.8782729451811435, -0.8782729451811975, -0.87827294518126, -0.8782729451813333, -0.8782729451814177, -0.8782729451815159, -0.8782729451816303, -0.8782729451817629, -0.8782729451819169, -0.8782729451820963, -0.8782729451823048, -0.8782729451825467, -0.8782729451828285, -0.878272945183156, -0.8782729451835363, -0.8782729451839784, -0.8782729451844926, -0.8782729451850894, -0.8782729451857835, -0.8782729451865909, -0.8782729451875284, -0.8782729451886183, -0.8782729451898853, -0.8782729451913576, -0.8782729451930693, -0.8782729451950584, -0.8782729451973702, -0.8782729452000573, -0.8782729452031808, -0.8782729452068107, -0.8782729452110294, -0.8782729452159332, -0.8782729452216329, -0.8782729452282575, -0.8782729452359573, -0.878272945244906, -0.8782729452553079, -0.8782729452673969, -0.878272945281448, -0.8782729452977797, -0.8782729453167617, -0.8782729453388239, -0.8782729453644663, -0.8782729453942705, -0.8782729454289111, -0.878272945469173, -0.8782729455159691, -0.8782729455703587, -0.8782729456335757, -0.8782729457070511, -0.8782729457924505, -0.878272945891709, -0.878272946007075, -0.878272946141163, -0.8782729462970115, -0.8782729464781512, -0.8782729466886866, -0.878272946933388, -0.8782729472178008, -0.8782729475483684, -0.8782729479325813, -0.878272948379145, -0.8782729488981789, -0.8782729495014426, -0.8782729502026053, -0.8782729510175542, -0.8782729519647554, -0.878272953065671, -0.8782729543452461, -0.8782729558324741, -0.878272957561053, -0.8782729595701505, -0.8782729619052895, -0.8782729646193813, -0.8782729677739233, -0.8782729714403936, -0.8782729757018692, -0.8782729806549099, -0.8782729864117443, -0.8782729931028166, -0.8782730008797373, -0.8782730099187226, -0.8782730204245857, -0.8782730326353786, -0.8782730468277863, -0.8782730633233954, -0.8782730824959827, -0.8782731047799867, -0.8782731306803492, -0.8782731607839621, -0.8782731957729646, -0.8782732364402067, -0.8782732837072148, -0.8782733386450801, -0.8782734024987361, -0.878273476715178, -0.8782735629762651, -0.8782736632368486, -0.8782737797690948, -0.8782739152140038, -0.8782740726413041, -0.8782742556190737, -0.8782744682946813, -0.8782747154888833, -0.8782750028052217, -0.8782753367572196, -0.8782757249162757, -0.8782761760836335, -0.878276700490364, -0.8782773100299436, -0.8782780185287623, -0.878278842060792, -0.8782797993136595, -0.8782809120146053, -0.878282205426193, -0.8782837089233244, -0.8782854566650546, -0.8782874883769912, -0.8782898502627882, -0.8782925960664174, -0.878295788310711, -0.8782994997421393, -0.8783038150171475, -0.8783088326717764, -0.8783146674239305, -0.8783214528669144, -0.8783293446240042, -0.8783385240474019, -0.8783492025615196, -0.8783616267709524, -0.8783760844787725, -0.8783929117922635, -0.8784125015327796, -0.8784353132164477, -0.8784618849362853, -0.8784928475584528, -0.8785289417520251, -0.8785710385114339, -0.8786201640156778, -0.8786775299156511, -0.8787445704749657, -0.8788229884460544, -0.8789148121943345, -0.8790224674666679, 