c = [1.0, 0.928391096281654, 0.9091840872323856, 0.9000722865086058, 0.8946157910729294, 0.8909640408105066, 0.8883589085487612, 0.8864209040068174, 0.8849356970615573, 0.8837720555468194, 0.8828447573941905, 0.8820958937593872, 0.8814846666096479, 0.8809814713995675, 0.8805642926992018, 0.8802164178578579, 0.8799249361749294, 0.8796797242623232, 0.8794727422741475, 0.8792975346034366, 0.8791488684540395, 0.8790224674666679, 0.8789148121943346, 0.8788229884460544, 0.8787445704749658, 0.8786775299156514, 0.8786201640156782, 0.8785710385114339, 0.878528941752025, 0.8784928475584523, 0.878461884936285, 0.8784353132164479, 0.8784125015327797, 0.8783929117922643, 0.8783760844787734, 0.8783616267709528, 0.8783492025615197, 0.8783385240474022, 0.8783293446240048, 0.8783214528669147, 0.8783146674239303, 0.878308832671776, 0.8783038150171477, 0.8782994997421391, 0.8782957883107108, 0.8782925960664173, 0.878289850262788, 0.8782874883769912, 0.8782854566650543, 0.8782837089233245, 0.8782822054261926, 0.8782809120146055, 0.8782797993136596, 0.8782788420607917, 0.8782780185287626, 0.8782773100299436, 0.8782767004903639, 0.8782761760836334, 0.8782757249162754, 0.8782753367572196, 0.8782750028052216, 0.8782747154888837, 0.8782744682946818, 0.878274255619074, 0.8782740726413036, 0.8782739152140033, 0.8782737797690946, 0.8782736632368491, 0.8782735629762652, 0.8782734767151781, 0.8782734024987358, 0.8782733386450798, 0.8782732837072148, 0.878273236440207, 0.8782731957729647, 0.8782731607839617, 0.8782731306803494, 0.8782731047799865, 0.8782730824959827, 0.8782730633233949, 0.8782730468277861, 0.8782730326353784, 0.8782730204245859, 0.8782730099187226, 0.878273000879737, 0.8782729931028165, 0.8782729864117443, 0.8782729806549097, 0.8782729757018691, 0.8782729714403935, 0.8782729677739238, 0.8782729646193816, 0.8782729619052896, 0.8782729595701504, 0.8782729575610527, 0.8782729558324737, 0.8782729543452463, 0.8782729530656714, 0.8782729519647554, 0.8782729510175541, 0.878272950202605, 0.8782729495014426, 0.8782729488981785, 0.8782729483791452, 0.878272947932581, 0.8782729475483685, 0.8782729472178009, 0.8782729469333886, 0.878272946688687, 0.8782729464781516, 0.8782729462970115, 0.878272946141163, 0.878272946007075, 0.8782729458917091, 0.878272945792451, 0.8782729457070518, 0.878272945633576, 0.8782729455703591, 0.8782729455159688, 0.8782729454691729, 0.8782729454289108, 0.8782729453942705, 0.8782729453644663, 0.8782729453388236, 0.8782729453167614, 0.8782729452977794, 0.8782729452814483, 0.8782729452673967, 0.8782729452553075, 0.8782729452449065, 0.8782729452359571, 0.8782729452282574, 0.8782729452216332, 0.8782729452159332, 0.8782729452110294, 0.8782729452068103, 0.8782729452031801, 0.8782729452000572, 0.8782729451973701, 0.8782729451950579, 0.878272945193069, 0.8782729451913575, 0.8782729451898851, 0.8782729451886183, 0.878272945187528, 0.8782729451865903, 0.8782729451857835, 0.8782729451850899, 0.8782729451844926, 0.8782729451839784, 0.8782729451835363, 0.8782729451831558, 0.8782729451828287, 0.8782729451825474, 0.8782729451823047, 0.8782729451820963, 0.8782729451819172, 0.8782729451817625, 0.8782729451816299, 0.8782729451815157, 0.8782729451814173, 0.8782729451813328, 0.8782729451812602, 0.8782729451811976, 0.8782729451811434, 0.8782729451810972, 0.8782729451810574, 0.8782729451810231, 0.8782729451809936, 0.8782729451809681, 0.8782729451809461, 0.8782729451809276, 0.8782729451809114, 0.8782729451808977, 0.8782729451808854, 0.8782729451808751, 0.8782729451808665, 0.8782729451808589, 0.8782729451808523, 0.8782729451808468, 0.8782729451808419, 0.878272945180838, 0.8782729451808338, 0.878272945180831, 0.8782729451808281, 0.8782729451808259, 0.8782729451808234, 0.878272945180822, 0.8782729451808189, 0.8782729451808087, 0.8782729451807546, 0.8782729451804456, 0.8782729451786473, 0.8782729451681499, 0.8782729451068692, 0.8782729447491198, 0.8782729426605838, 0.8782729304677465, 0.8782728592861624, 0.8782724437293117, 0.8782700177185288, 0.878255854825088, 0.8781731761293338, 0.8776906372319688, 0.874878279095141, 0.8586183675376798, 0.7688206975225228, 0.3769893704162542, -0.37698937041626274, -0.7688206975225251, -0.8586183675376805, -0.8748782790951412, -0.8776906372319687, -0.8781731761293343, -0.8782558548250883, -0.8782700177185294, -0.8782724437293119, -0.8782728592861625, -0.8782729304677467, -0.8782729426605835, -0.8782729447491197, -0.8782729451068694, -0.8782729451681499, -0.8782729451786471, -0.8782729451804461, -0.878272945180755, -0.8782729451808088, -0.8782729451808191, -0.8782729451808221, -0.8782729451808242, -0.8782729451808262, -0.8782729451808282, -0.878272945180831, -0.8782729451808339, -0.8782729451808372, -0.8782729451808414, -0.8782729451808469, -0.8782729451808521, -0.8782729451808586, -0.8782729451808664, -0.8782729451808754, -0.8782729451808857, -0.8782729451808975, -0.8782729451809115, -0.8782729451809278, -0.8782729451809467, -0.8782729451809684, -0.8782729451809936, -0.8782729451810231, -0.8782729451810573, -0.8782729451810977, -0.878272945181144, -0.8782729451811977, -0.8782729451812604, -0.878272945181333, -0.8782729451814173, -0.8782729451815156, -0.87827294518163, -0.8782729451817624, -0.8782729451819168, -0.8782729451820964, -0.8782729451823047, -0.878272945182547, -0.8782729451828288, -0.8782729451831556, -0.878272945183536, -0.8782729451839786, -0.8782729451844922, -0.8782729451850892, -0.8782729451857837, -0.8782729451865906, -0.8782729451875285, -0.8782729451886186, -0.8782729451898852, -0.8782729451913575, -0.8782729451930693, -0.8782729451950584, -0.87827294519737, -0.8782729452000572, -0.8782729452031804, -0.8782729452068104, -0.8782729452110297, -0.8782729452159331, -0.8782729452216331, -0.8782729452282575, -0.8782729452359569, -0.8782729452449062, -0.878272945255308, -0.8782729452673973, -0.8782729452814483, -0.87827294529778, -0.8782729453167618, -0.8782729453388237, -0.8782729453644665, -0.8782729453942699, -0.8782729454289108, -0.8782729454691727, -0.8782729455159687, -0.8782729455703592, -0.8782729456335755, -0.8782729457070512, -0.878272945792451, -0.8782729458917092, -0.8782729460070754, -0.8782729461411631, -0.8782729462970117, -0.8782729464781512, -0.8782729466886865, -0.8782729469333881, -0.8782729472178008, -0.8782729475483686, -0.8782729479325815, -0.8782729483791452, -0.8782729488981786, -0.8782729495014422, -0.8782729502026051, -0.8782729510175545, -0.8782729519647555, -0.8782729530656713, -0.8782729543452462, -0.8782729558324738, -0.8782729575610527, -0.8782729595701502, -0.8782729619052895, -0.8782729646193814, -0.8782729677739233, -0.8782729714403937, -0.8782729757018697, -0.87827298065491, -0.8782729864117444, -0.8782729931028164, -0.8782730008797374, -0.8782730099187226, -0.8782730204245854, -0.8782730326353786, -0.8782730468277861, -0.8782730633233952, -0.8782730824959826, -0.8782731047799868, -0.8782731306803495, -0.8782731607839624, -0.8782731957729654, -0.8782732364402069, -0.8782732837072147, -0.8782733386450797, -0.878273402498736, -0.8782734767151781, -0.8782735629762654, -0.8782736632368487, -0.8782737797690944, -0.8782739152140033, -0.8782740726413037, -0.8782742556190736, -0.8782744682946818, -0.8782747154888838, -0.8782750028052219, -0.87827533675722, -0.8782757249162761, -0.8782761760836337, -0.878276700490364, -0.8782773100299434, -0.8782780185287623, -0.8782788420607915, -0.8782797993136596, -0.8782809120146053, -0.8782822054261931, -0.8782837089233249, -0.8782854566650545, -0.8782874883769917, -0.878289850262788, -0.8782925960664173, -0.8782957883107113, -0.8782994997421392, -0.8783038150171474, -0.8783088326717761, -0.8783146674239304, -0.8783214528669144, -0.8783293446240042, -0.8783385240474022, -0.8783492025615196, -0.8783616267709525, -0.8783760844787729, -0.8783929117922645, -0.8784125015327798, -0.8784353132164479, -0.8784618849362852, -0.8784928475584525, -0.8785289417520251, -0.878571038511434, -0.878620164015678, -0.8786775299156512, -0.8787445704749658, -0.8788229884460547, 