c = [1.0, 0.9283910962816538, 0.9091840872323854, 0.9000722865086058, 0.8946157910729297, 0.8909640408105067, 0.8883589085487613, 0.8864209040068173, 0.884935697061557, 0.8837720555468194, 0.8828447573941904, 0.882095893759387, 0.8814846666096482, 0.8809814713995675, 0.8805642926992017, 0.8802164178578579, 0.8799249361749298, 0.8796797242623233, 0.879472742274148, 0.8792975346034365, 0.8791488684540391, 0.8790224674666678, 0.8789148121943346, 0.8788229884460551, 0.878744570474966, 0.8786775299156511, 0.878620164015678, 0.878571038511434, 0.878528941752025, 0.8784928475584526, 0.878461884936285, 0.878435313216448, 0.87841250153278, 0.8783929117922639, 0.8783760844787729, 0.8783616267709524, 0.8783492025615198, 0.8783385240474024, 0.8783293446240044, 0.8783214528669141, 0.8783146674239303, 0.8783088326717763, 0.8783038150171473, 0.8782994997421393, 0.8782957883107114, 0.8782925960664171, 0.8782898502627877, 0.8782874883769917, 0.8782854566650545, 0.8782837089233247, 0.8782822054261931, 0.8782809120146053, 0.8782797993136595, 0.8782788420607918, 0.8782780185287623, 0.8782773100299432, 0.8782767004903637, 0.8782761760836333, 0.878275724916276, 0.87827533675722, 0.878275002805222, 0.8782747154888839, 0.8782744682946815, 0.8782742556190735, 0.8782740726413039, 0.8782739152140039, 0.8782737797690947, 0.8782736632368489, 0.878273562976265, 0.8782734767151779, 0.8782734024987358, 0.87827333864508, 0.8782732837072145, 0.8782732364402065, 0.8782731957729648, 0.8782731607839618, 0.8782731306803491, 0.8782731047799863, 0.8782730824959828, 0.8782730633233949, 0.8782730468277865, 0.878273032635379, 0.8782730204245858, 0.8782730099187224, 0.8782730008797369, 0.8782729931028165, 0.8782729864117444, 0.8782729806549096, 0.8782729757018696, 0.8782729714403941, 0.8782729677739238, 0.8782729646193813, 0.8782729619052894, 0.8782729595701502, 0.8782729575610531, 0.8782729558324742, 0.878272954345246, 0.8782729530656712, 0.8782729519647556, 0.8782729510175548, 0.878272950202605, 0.8782729495014422, 0.8782729488981786, 0.8782729483791454, 0.8782729479325815, 0.8782729475483687, 0.878272947217801, 0.8782729469333885, 0.8782729466886865, 0.8782729464781508, 0.878272946297011, 0.8782729461411634, 0.8782729460070753, 0.8782729458917093, 0.8782729457924512, 0.8782729457070514, 0.8782729456335756, 0.878272945570359, 0.8782729455159689, 0.8782729454691732, 0.8782729454289107, 0.87827294539427, 0.878272945364466, 0.8782729453388234, 0.8782729453167617, 0.8782729452977796, 0.8782729452814482, 0.8782729452673973, 0.8782729452553076, 0.878272945244906, 0.8782729452359572, 0.8782729452282574, 0.8782729452216328, 0.8782729452159329, 0.8782729452110292, 0.8782729452068102, 0.8782729452031803, 0.878272945200057, 0.8782729451973699, 0.8782729451950579, 0.878272945193069, 0.8782729451913578, 0.878272945189885, 0.8782729451886181, 0.8782729451875282, 0.8782729451865908, 0.878272945185784, 0.8782729451850895, 0.8782729451844925, 0.8782729451839786, 0.8782729451835366, 0.8782729451831562, 0.8782729451828286, 0.8782729451825472, 0.8782729451823051, 0.8782729451820962, 0.8782729451819171, 0.8782729451817629, 0.8782729451816301, 0.8782729451815159, 0.8782729451814175, 0.8782729451813331, 0.87827294518126, 0.8782729451811976, 0.8782729451811436, 0.8782729451810971, 0.8782729451810574, 0.878272945181023, 0.8782729451809935, 0.8782729451809683, 0.8782729451809465, 0.878272945180928, 0.8782729451809113, 0.8782729451808974, 0.8782729451808857, 0.8782729451808753, 0.8782729451808665, 0.878272945180859, 0.8782729451808523, 0.878272945180847, 0.8782729451808416, 0.8782729451808379, 0.8782729451808339, 0.8782729451808311, 0.878272945180828, 0.8782729451808262, 0.878272945180824, 0.8782729451808224, 0.8782729451808203, 0.8782729451808176, 0.8782729451808078, 0.8782729451807542, 0.878272945180445, 0.8782729451786467, 0.8782729451681494, 0.8782729451068689, 0.8782729447491193, 0.8782729426605833, 0.8782729304677461, 0.878272859286162, 0.8782724437293113, 0.878270017718529, 0.8782558548250875, 0.8781731761293335, 0.8776906372319683, 0.8748782790951414, 0.8586183675376801, 0.7688206975225224, 0.3769893704162526, -0.37698937041626446, -0.7688206975225258, -0.858618367537681, -0.8748782790951416, -0.8776906372319688, -0.8781731761293339, -0.8782558548250877, -0.8782700177185288, -0.8782724437293113, -0.8782728592861619, -0.878272930467746, -0.8782729426605833, -0.8782729447491191, -0.8782729451068689, -0.8782729451681494, -0.8782729451786466, -0.8782729451804452, -0.8782729451807542, -0.8782729451808081, -0.878272945180818, -0.8782729451808207, -0.8782729451808227, -0.8782729451808239, -0.8782729451808255, -0.8782729451808281, -0.878272945180831, -0.8782729451808339, -0.8782729451808373, -0.8782729451808416, -0.8782729451808466, -0.8782729451808525, -0.8782729451808587, -0.8782729451808666, -0.8782729451808755, -0.8782729451808859, -0.8782729451808975, -0.8782729451809113, -0.8782729451809275, -0.8782729451809462, -0.8782729451809687, -0.878272945180994, -0.8782729451810233, -0.8782729451810578, -0.8782729451810974, -0.8782729451811436, -0.8782729451811976, -0.8782729451812604, -0.8782729451813326, -0.8782729451814173, -0.8782729451815159, -0.8782729451816298, -0.8782729451817625, -0.8782729451819172, -0.878272945182096, -0.8782729451823045, -0.8782729451825473, -0.8782729451828285, -0.8782729451831556, -0.8782729451835362, -0.8782729451839784, -0.8782729451844923, -0.8782729451850898, -0.8782729451857838, -0.8782729451865904, -0.8782729451875287, -0.8782729451886185, -0.8782729451898852, -0.8782729451913575, -0.878272945193069, -0.8782729451950582, -0.8782729451973704, -0.878272945200057, -0.8782729452031807, -0.8782729452068104, -0.8782729452110295, -0.8782729452159334, -0.8782729452216332, -0.8782729452282578, -0.8782729452359572, -0.8782729452449067, -0.878272945255308, -0.8782729452673971, -0.8782729452814485, -0.8782729452977794, -0.8782729453167615, -0.8782729453388233, -0.8782729453644661, -0.8782729453942703, -0.8782729454289108, -0.8782729454691729, -0.8782729455159689, -0.8782729455703593, -0.8782729456335759, -0.8782729457070512, -0.878272945792451, -0.8782729458917091, -0.8782729460070753, -0.8782729461411632, -0.8782729462970116, -0.8782729464781514, -0.8782729466886867, -0.8782729469333882, -0.8782729472178006, -0.8782729475483683, -0.8782729479325814, -0.8782729483791457, -0.878272948898179, -0.8782729495014429, -0.8782729502026054, -0.8782729510175544, -0.8782729519647555, -0.8782729530656711, -0.8782729543452461, -0.878272955832474, -0.8782729575610526, -0.8782729595701503, -0.8782729619052896, -0.8782729646193813, -0.8782729677739234, -0.8782729714403935, -0.8782729757018696, -0.8782729806549099, -0.8782729864117443, -0.8782729931028164, -0.878273000879737, -0.8782730099187225, -0.8782730204245853, -0.8782730326353787, -0.8782730468277863, -0.8782730633233954, -0.8782730824959833, -0.8782731047799868, -0.8782731306803495, -0.8782731607839618, -0.878273195772965, -0.8782732364402068, -0.8782732837072148, -0.8782733386450798, -0.8782734024987356, -0.8782734767151777, -0.8782735629762649, -0.8782736632368484, -0.8782737797690946, -0.878273915214004, -0.8782740726413043, -0.8782742556190742, -0.878274468294682, -0.878274715488884, -0.8782750028052219, -0.8782753367572198, -0.8782757249162759, -0.8782761760836334, -0.8782767004903641, -0.8782773100299431, -0.8782780185287624, -0.8782788420607918, -0.8782797993136593, -0.8782809120146055, -0.8782822054261931, -0.8782837089233249, -0.878285456665055, -0.8782874883769917, -0.878289850262788, -0.8782925960664173, -0.8782957883107114, -0.8782994997421392, -0.8783038150171475, -0.8783088326717764, -0.8783146674239305, -0.8783214528669148, -0.8783293446240048, -0.8783385240474026, -0.8783492025615197, -0.8783616267709529, -0.878376084478773, -0.8783929117922639, -0.8784125015327797, -0.8784353132164475, -0.8784618849362849, -0.8784928475584524, -0.8785289417520251, -0.878571038511434, -0.8786201640156781, -0.8786775299156512, -0.8787445704749658, 