c = [1.0, 0.928391096281654, 0.9091840872323856, 0.900072286508606, 0.8946157910729297, 0.8909640408105065, 0.8883589085487611, 0.8864209040068171, 0.8849356970615565, 0.883772055546819, 0.8828447573941905, 0.8820958937593868, 0.8814846666096477, 0.8809814713995674, 0.8805642926992018, 0.880216417857858, 0.8799249361749301, 0.8796797242623231, 0.8794727422741476, 0.8792975346034365, 0.879148868454039, 0.8790224674666683, 0.8789148121943349, 0.8788229884460547, 0.8787445704749658, 0.8786775299156513, 0.8786201640156782, 0.8785710385114344, 0.8785289417520251, 0.8784928475584528, 0.8784618849362857, 0.878435313216448, 0.8784125015327799, 0.8783929117922641, 0.8783760844787734, 0.8783616267709531, 0.8783492025615196, 0.8783385240474022, 0.8783293446240049, 0.8783214528669147, 0.8783146674239303, 0.8783088326717766, 0.8783038150171479, 0.8782994997421391, 0.8782957883107111, 0.8782925960664176, 0.8782898502627883, 0.8782874883769921, 0.8782854566650552, 0.878283708923325, 0.8782822054261934, 0.8782809120146058, 0.8782797993136598, 0.8782788420607919, 0.8782780185287622, 0.8782773100299434, 0.8782767004903642, 0.8782761760836336, 0.878275724916276, 0.8782753367572201, 0.8782750028052217, 0.8782747154888835, 0.8782744682946819, 0.8782742556190741, 0.8782740726413042, 0.8782739152140041, 0.8782737797690947, 0.8782736632368489, 0.8782735629762651, 0.8782734767151782, 0.878273402498736, 0.8782733386450798, 0.878273283707215, 0.8782732364402068, 0.8782731957729649, 0.878273160783962, 0.8782731306803493, 0.8782731047799865, 0.8782730824959833, 0.8782730633233957, 0.8782730468277865, 0.878273032635379, 0.8782730204245857, 0.8782730099187225, 0.8782730008797369, 0.8782729931028161, 0.8782729864117449, 0.8782729806549101, 0.8782729757018696, 0.8782729714403938, 0.8782729677739234, 0.8782729646193811, 0.8782729619052896, 0.8782729595701506, 0.8782729575610526, 0.8782729558324737, 0.878272954345246, 0.8782729530656713, 0.8782729519647553, 0.878272951017554, 0.8782729502026051, 0.8782729495014425, 0.8782729488981791, 0.8782729483791456, 0.8782729479325815, 0.8782729475483686, 0.8782729472178007, 0.8782729469333879, 0.8782729466886862, 0.8782729464781512, 0.8782729462970116, 0.8782729461411636, 0.8782729460070755, 0.8782729458917091, 0.8782729457924509, 0.8782729457070514, 0.8782729456335758, 0.8782729455703595, 0.878272945515969, 0.8782729454691729, 0.8782729454289109, 0.87827294539427, 0.8782729453644664, 0.8782729453388238, 0.8782729453167616, 0.8782729452977801, 0.8782729452814483, 0.8782729452673967, 0.8782729452553077, 0.8782729452449062, 0.8782729452359572, 0.8782729452282573, 0.8782729452216328, 0.8782729452159332, 0.8782729452110297, 0.8782729452068104, 0.8782729452031803, 0.8782729452000572, 0.8782729451973701, 0.8782729451950585, 0.8782729451930691, 0.8782729451913576, 0.8782729451898851, 0.8782729451886189, 0.878272945187529, 0.8782729451865907, 0.8782729451857841, 0.8782729451850897, 0.8782729451844927, 0.8782729451839789, 0.8782729451835365, 0.8782729451831561, 0.8782729451828291, 0.878272945182547, 0.878272945182305, 0.8782729451820966, 0.8782729451819171, 0.8782729451817628, 0.87827294518163, 0.878272945181516, 0.8782729451814174, 0.8782729451813328, 0.8782729451812603, 0.8782729451811975, 0.8782729451811438, 0.8782729451810972, 0.8782729451810574, 0.8782729451810233, 0.8782729451809939, 0.8782729451809688, 0.8782729451809463, 0.8782729451809276, 0.8782729451809117, 0.8782729451808979, 0.8782729451808858, 0.8782729451808757, 0.8782729451808665, 0.8782729451808593, 0.8782729451808523, 0.878272945180847, 0.8782729451808419, 0.8782729451808378, 0.8782729451808337, 0.878272945180831, 0.8782729451808282, 0.8782729451808261, 0.878272945180824, 0.8782729451808222, 0.878272945180821, 0.8782729451808197, 0.8782729451808166, 0.8782729451808069, 0.8782729451807534, 0.8782729451804444, 0.8782729451786461, 0.8782729451681488, 0.8782729451068686, 0.878272944749119, 0.8782729426605829, 0.8782729304677462, 0.8782728592861616, 0.8782724437293111, 0.8782700177185286, 0.878255854825088, 0.8781731761293338, 0.8776906372319682, 0.874878279095141, 0.8586183675376801, 0.7688206975225224, 0.3769893704162532, -0.3769893704162638, -0.7688206975225258, -0.8586183675376808, -0.8748782790951413, -0.8776906372319686, -0.8781731761293335, -0.8782558548250877, -0.8782700177185285, -0.8782724437293115, -0.8782728592861617, -0.8782729304677459, -0.8782729426605834, -0.878272944749119, -0.8782729451068688, -0.878272945168149, -0.8782729451786463, -0.8782729451804449, -0.8782729451807534, -0.8782729451808071, -0.8782729451808167, -0.8782729451808191, -0.8782729451808204, -0.8782729451808226, -0.8782729451808239, -0.8782729451808257, -0.8782729451808281, -0.878272945180831, -0.8782729451808342, -0.8782729451808374, -0.8782729451808416, -0.8782729451808468, -0.8782729451808526, -0.878272945180859, -0.8782729451808666, -0.8782729451808754, -0.8782729451808856, -0.878272945180898, -0.8782729451809118, -0.878272945180928, -0.878272945180947, -0.8782729451809687, -0.8782729451809937, -0.8782729451810234, -0.8782729451810578, -0.8782729451810973, -0.8782729451811436, -0.878272945181198, -0.8782729451812602, -0.878272945181333, -0.878272945181418, -0.8782729451815156, -0.8782729451816299, -0.878272945181763, -0.878272945181917, -0.8782729451820963, -0.878272945182305, -0.8782729451825472, -0.8782729451828288, -0.8782729451831562, -0.8782729451835365, -0.8782729451839784, -0.8782729451844927, -0.8782729451850899, -0.8782729451857838, -0.8782729451865907, -0.8782729451875285, -0.8782729451886188, -0.8782729451898855, -0.8782729451913576, -0.8782729451930694, -0.8782729451950584, -0.8782729451973701, -0.8782729452000573, -0.8782729452031808, -0.8782729452068108, -0.8782729452110295, -0.8782729452159338, -0.8782729452216332, -0.8782729452282575, -0.8782729452359574, -0.8782729452449061, -0.8782729452553076, -0.8782729452673967, -0.8782729452814481, -0.8782729452977799, -0.8782729453167615, -0.8782729453388236, -0.8782729453644663, -0.8782729453942706, -0.878272945428911, -0.8782729454691729, -0.8782729455159691, -0.8782729455703591, -0.8782729456335756, -0.8782729457070513, -0.878272945792451, -0.8782729458917093, -0.8782729460070753, -0.878272946141163, -0.8782729462970115, -0.8782729464781511, -0.8782729466886866, -0.8782729469333886, -0.8782729472178008, -0.8782729475483687, -0.8782729479325816, -0.8782729483791454, -0.8782729488981786, -0.8782729495014423, -0.8782729502026053, -0.8782729510175546, -0.8782729519647555, -0.8782729530656714, -0.8782729543452467, -0.8782729558324743, -0.8782729575610531, -0.8782729595701504, -0.8782729619052897, -0.8782729646193816, -0.8782729677739234, -0.8782729714403937, -0.8782729757018694, -0.8782729806549099, -0.8782729864117444, -0.8782729931028167, -0.8782730008797375, -0.8782730099187228, -0.8782730204245861, -0.8782730326353788, -0.8782730468277864, -0.8782730633233953, -0.8782730824959832, -0.8782731047799871, -0.8782731306803496, -0.8782731607839621, -0.8782731957729648, -0.8782732364402067, -0.8782732837072146, -0.8782733386450797, -0.878273402498736, -0.8782734767151782, -0.8782735629762652, -0.8782736632368492, -0.8782737797690952, -0.8782739152140041, -0.878274072641304, -0.8782742556190739, -0.8782744682946818, -0.8782747154888837, -0.8782750028052222, -0.8782753367572199, -0.8782757249162761, -0.8782761760836337, -0.8782767004903639, -0.8782773100299437, -0.8782780185287626, -0.8782788420607921, -0.8782797993136598, -0.8782809120146057, -0.8782822054261928, -0.8782837089233245, -0.8782854566650551, -0.8782874883769914, -0.8782898502627879, -0.8782925960664172, -0.8782957883107114, -0.8782994997421394, -0.8783038150171477, -0.8783088326717768, -0.8783146674239306, -0.8783214528669145, -0.8783293446240046, -0.8783385240474022, -0.8783492025615196, -0.8783616267709528, -0.8783760844787729, -0.878392911792264, -0.8784125015327798, -0.878435313216448, -0.8784618849362853, -0.8784928475584527, -0.8785289417520252, -0.8785710385114345, 