c = [1.0, 0.9283910962816541, 0.9091840872323858, 0.9000722865086059, 0.8946157910729297, 0.8909640408105066, 0.8883589085487609, 0.8864209040068168, 0.8849356970615568, 0.883772055546819, 0.8828447573941904, 0.8820958937593869, 0.881484666609648, 0.8809814713995677, 0.8805642926992021, 0.8802164178578581, 0.8799249361749301, 0.8796797242623232, 0.8794727422741475, 0.879297534603437, 0.8791488684540392, 0.8790224674666681, 0.8789148121943348, 0.8788229884460546, 0.8787445704749658, 0.8786775299156513, 0.878620164015678, 0.8785710385114341, 0.8785289417520256, 0.8784928475584528, 0.8784618849362855, 0.8784353132164479, 0.87841250153278, 0.8783929117922642, 0.878376084478773, 0.8783616267709526, 0.8783492025615197, 0.8783385240474022, 0.8783293446240045, 0.8783214528669148, 0.8783146674239306, 0.8783088326717764, 0.8783038150171476, 0.8782994997421392, 0.878295788310711, 0.8782925960664175, 0.8782898502627884, 0.8782874883769917, 0.878285456665055, 0.878283708923325, 0.8782822054261932, 0.8782809120146057, 0.8782797993136596, 0.8782788420607918, 0.8782780185287624, 0.8782773100299435, 0.8782767004903641, 0.8782761760836338, 0.8782757249162757, 0.8782753367572198, 0.8782750028052217, 0.8782747154888837, 0.8782744682946819, 0.878274255619074, 0.8782740726413041, 0.8782739152140039, 0.8782737797690949, 0.878273663236849, 0.8782735629762651, 0.8782734767151779, 0.8782734024987361, 0.8782733386450798, 0.8782732837072149, 0.8782732364402068, 0.8782731957729649, 0.8782731607839619, 0.8782731306803497, 0.8782731047799869, 0.8782730824959833, 0.8782730633233957, 0.8782730468277865, 0.878273032635379, 0.8782730204245857, 0.8782730099187223, 0.8782730008797373, 0.8782729931028166, 0.8782729864117449, 0.8782729806549099, 0.8782729757018692, 0.8782729714403936, 0.8782729677739236, 0.8782729646193815, 0.8782729619052895, 0.8782729595701503, 0.8782729575610528, 0.878272955832474, 0.878272954345246, 0.8782729530656711, 0.8782729519647555, 0.8782729510175544, 0.8782729502026053, 0.8782729495014427, 0.8782729488981792, 0.8782729483791458, 0.8782729479325815, 0.8782729475483683, 0.8782729472178007, 0.8782729469333884, 0.8782729466886866, 0.8782729464781516, 0.8782729462970119, 0.8782729461411636, 0.8782729460070755, 0.8782729458917092, 0.878272945792451, 0.8782729457070516, 0.8782729456335758, 0.8782729455703593, 0.8782729455159689, 0.8782729454691728, 0.8782729454289109, 0.8782729453942701, 0.8782729453644663, 0.878272945338824, 0.8782729453167616, 0.8782729452977797, 0.8782729452814484, 0.8782729452673966, 0.8782729452553075, 0.8782729452449058, 0.8782729452359568, 0.8782729452282574, 0.8782729452216329, 0.8782729452159334, 0.8782729452110295, 0.8782729452068104, 0.8782729452031803, 0.8782729452000573, 0.87827294519737, 0.878272945195058, 0.878272945193069, 0.8782729451913578, 0.8782729451898855, 0.8782729451886186, 0.8782729451875289, 0.8782729451865908, 0.8782729451857842, 0.8782729451850901, 0.8782729451844926, 0.8782729451839788, 0.8782729451835368, 0.878272945183156, 0.878272945182829, 0.8782729451825474, 0.8782729451823051, 0.8782729451820968, 0.8782729451819175, 0.878272945181763, 0.8782729451816301, 0.878272945181516, 0.8782729451814176, 0.878272945181333, 0.8782729451812604, 0.8782729451811977, 0.8782729451811437, 0.8782729451810974, 0.8782729451810575, 0.8782729451810234, 0.8782729451809937, 0.8782729451809683, 0.8782729451809466, 0.8782729451809278, 0.8782729451809116, 0.8782729451808978, 0.8782729451808858, 0.8782729451808756, 0.8782729451808665, 0.8782729451808592, 0.8782729451808524, 0.8782729451808469, 0.8782729451808415, 0.8782729451808375, 0.8782729451808338, 0.878272945180831, 0.8782729451808282, 0.8782729451808258, 0.8782729451808241, 0.8782729451808227, 0.8782729451808212, 0.8782729451808203, 0.8782729451808191, 0.8782729451808163, 0.8782729451808065, 0.8782729451807529, 0.8782729451804441, 0.8782729451786457, 0.8782729451681482, 0.8782729451068687, 0.8782729447491187, 0.8782729426605828, 0.878272930467746, 0.8782728592861618, 0.8782724437293115, 0.8782700177185286, 0.8782558548250878, 0.8781731761293339, 0.8776906372319682, 0.8748782790951409, 0.8586183675376798, 0.7688206975225224, 0.3769893704162531, -0.3769893704162639, -0.7688206975225257, -0.8586183675376806, -0.8748782790951414, -0.8776906372319684, -0.8781731761293338, -0.8782558548250877, -0.8782700177185286, -0.8782724437293116, -0.8782728592861619, -0.8782729304677459, -0.8782729426605832, -0.8782729447491191, -0.8782729451068687, -0.8782729451681488, -0.8782729451786462, -0.8782729451804444, -0.8782729451807528, -0.8782729451808062, -0.8782729451808164, -0.8782729451808187, -0.8782729451808201, -0.8782729451808217, -0.8782729451808231, -0.8782729451808243, -0.8782729451808259, -0.8782729451808283, -0.8782729451808311, -0.8782729451808343, -0.8782729451808378, -0.8782729451808418, -0.8782729451808469, -0.8782729451808525, -0.8782729451808594, -0.8782729451808668, -0.8782729451808755, -0.8782729451808858, -0.8782729451808979, -0.8782729451809117, -0.8782729451809279, -0.8782729451809468, -0.8782729451809683, -0.8782729451809937, -0.8782729451810236, -0.8782729451810577, -0.8782729451810973, -0.878272945181144, -0.8782729451811976, -0.8782729451812601, -0.8782729451813334, -0.8782729451814175, -0.8782729451815157, -0.8782729451816302, -0.8782729451817629, -0.8782729451819171, -0.8782729451820965, -0.878272945182305, -0.8782729451825471, -0.8782729451828288, -0.8782729451831561, -0.8782729451835364, -0.8782729451839785, -0.8782729451844924, -0.8782729451850897, -0.878272945185784, -0.8782729451865905, -0.8782729451875289, -0.8782729451886186, -0.8782729451898854, -0.8782729451913578, -0.8782729451930695, -0.8782729451950587, -0.8782729451973703, -0.8782729452000577, -0.8782729452031809, -0.8782729452068108, -0.87827294521103, -0.8782729452159336, -0.8782729452216333, -0.8782729452282576, -0.8782729452359571, -0.8782729452449064, -0.8782729452553076, -0.8782729452673969, -0.8782729452814483, -0.87827294529778, -0.8782729453167617, -0.8782729453388237, -0.8782729453644663, -0.8782729453942704, -0.8782729454289109, -0.8782729454691729, -0.8782729455159691, -0.8782729455703592, -0.8782729456335757, -0.8782729457070513, -0.8782729457924507, -0.8782729458917091, -0.8782729460070753, -0.8782729461411635, -0.8782729462970116, -0.8782729464781512, -0.8782729466886867, -0.8782729469333883, -0.8782729472178008, -0.8782729475483685, -0.8782729479325815, -0.8782729483791455, -0.8782729488981786, -0.8782729495014425, -0.8782729502026054, -0.8782729510175548, -0.8782729519647557, -0.8782729530656713, -0.8782729543452465, -0.8782729558324741, -0.8782729575610528, -0.8782729595701503, -0.8782729619052895, -0.8782729646193815, -0.8782729677739235, -0.8782729714403938, -0.8782729757018696, -0.8782729806549101, -0.8782729864117449, -0.8782729931028167, -0.8782730008797375, -0.8782730099187227, -0.8782730204245861, -0.8782730326353789, -0.8782730468277865, -0.8782730633233954, -0.878273082495983, -0.8782731047799869, -0.8782731306803495, -0.8782731607839619, -0.8782731957729649, -0.8782732364402069, -0.8782732837072148, -0.8782733386450801, -0.878273402498736, -0.8782734767151784, -0.8782735629762654, -0.8782736632368492, -0.878273779769095, -0.878273915214004, -0.8782740726413043, -0.8782742556190738, -0.8782744682946819, -0.878274715488884, -0.8782750028052219, -0.8782753367572201, -0.8782757249162763, -0.8782761760836337, -0.8782767004903641, -0.8782773100299437, -0.8782780185287624, -0.8782788420607919, -0.87827979931366, -0.8782809120146056, -0.8782822054261928, -0.8782837089233247, -0.878285456665055, -0.8782874883769917, -0.8782898502627883, -0.8782925960664175, -0.8782957883107115, -0.8782994997421394, -0.8783038150171478, -0.8783088326717766, -0.8783146674239306, -0.8783214528669145, -0.8783293446240046, -0.8783385240474024, -0.8783492025615197, -0.8783616267709529, -0.8783760844787729, -0.8783929117922641, -0.8784125015327798, -0.878435313216448, -0.8784618849362853, -0.8784928475584526, 