c = [1.0, 0.928391096281654, 0.9091840872323856, 0.9000722865086058, 0.8946157910729295, 0.8909640408105064, 0.8883589085487611, 0.886420904006817, 0.8849356970615567, 0.8837720555468191, 0.8828447573941905, 0.8820958937593869, 0.8814846666096483, 0.8809814713995676, 0.880564292699202, 0.8802164178578581, 0.87992493617493, 0.8796797242623235, 0.8794727422741477, 0.8792975346034368, 0.8791488684540393, 0.8790224674666682, 0.8789148121943349, 0.8788229884460549, 0.8787445704749659, 0.8786775299156515, 0.8786201640156784, 0.8785710385114343, 0.8785289417520254, 0.8784928475584528, 0.8784618849362856, 0.8784353132164483, 0.87841250153278, 0.8783929117922641, 0.8783760844787734, 0.8783616267709529, 0.8783492025615195, 0.8783385240474024, 0.8783293446240049, 0.8783214528669145, 0.8783146674239304, 0.8783088326717767, 0.8783038150171476, 0.8782994997421394, 0.8782957883107114, 0.8782925960664175, 0.8782898502627884, 0.8782874883769918, 0.878285456665055, 0.878283708923325, 0.8782822054261931, 0.8782809120146056, 0.8782797993136597, 0.8782788420607919, 0.8782780185287625, 0.8782773100299439, 0.878276700490364, 0.8782761760836336, 0.8782757249162761, 0.8782753367572201, 0.878275002805222, 0.878274715488884, 0.8782744682946819, 0.8782742556190739, 0.8782740726413043, 0.8782739152140041, 0.8782737797690949, 0.878273663236849, 0.8782735629762654, 0.8782734767151779, 0.878273402498736, 0.87827333864508, 0.8782732837072149, 0.8782732364402069, 0.8782731957729653, 0.8782731607839623, 0.8782731306803498, 0.8782731047799871, 0.8782730824959832, 0.8782730633233957, 0.8782730468277865, 0.8782730326353789, 0.8782730204245861, 0.8782730099187227, 0.8782730008797374, 0.8782729931028169, 0.8782729864117448, 0.87827298065491, 0.8782729757018696, 0.8782729714403941, 0.8782729677739236, 0.8782729646193814, 0.8782729619052895, 0.8782729595701506, 0.878272957561053, 0.8782729558324739, 0.8782729543452462, 0.8782729530656713, 0.878272951964756, 0.8782729510175546, 0.8782729502026055, 0.8782729495014429, 0.8782729488981792, 0.8782729483791455, 0.8782729479325814, 0.8782729475483685, 0.878272947217801, 0.8782729469333888, 0.878272946688687, 0.8782729464781515, 0.8782729462970119, 0.8782729461411635, 0.8782729460070756, 0.8782729458917097, 0.8782729457924511, 0.8782729457070517, 0.878272945633576, 0.8782729455703592, 0.8782729455159693, 0.8782729454691731, 0.8782729454289111, 0.8782729453942707, 0.8782729453644667, 0.8782729453388239, 0.8782729453167619, 0.8782729452977799, 0.8782729452814484, 0.8782729452673969, 0.8782729452553075, 0.8782729452449062, 0.8782729452359571, 0.8782729452282575, 0.878272945221633, 0.8782729452159334, 0.8782729452110296, 0.8782729452068107, 0.8782729452031804, 0.8782729452000572, 0.8782729451973702, 0.8782729451950586, 0.8782729451930694, 0.8782729451913578, 0.8782729451898855, 0.8782729451886185, 0.8782729451875287, 0.8782729451865909, 0.878272945185784, 0.87827294518509, 0.8782729451844928, 0.8782729451839786, 0.8782729451835366, 0.8782729451831562, 0.878272945182829, 0.8782729451825474, 0.8782729451823051, 0.8782729451820968, 0.8782729451819172, 0.8782729451817632, 0.8782729451816303, 0.878272945181516, 0.8782729451814177, 0.8782729451813331, 0.8782729451812603, 0.8782729451811979, 0.8782729451811438, 0.8782729451810978, 0.8782729451810575, 0.8782729451810234, 0.8782729451809942, 0.8782729451809687, 0.8782729451809467, 0.8782729451809279, 0.8782729451809118, 0.8782729451808982, 0.8782729451808857, 0.8782729451808757, 0.8782729451808666, 0.8782729451808593, 0.8782729451808522, 0.8782729451808469, 0.8782729451808418, 0.8782729451808378, 0.878272945180834, 0.8782729451808309, 0.8782729451808284, 0.8782729451808262, 0.8782729451808241, 0.8782729451808227, 0.8782729451808214, 0.8782729451808203, 0.8782729451808197, 0.8782729451808181, 0.8782729451808156, 0.8782729451808059, 0.8782729451807523, 0.878272945180444, 0.8782729451786452, 0.878272945168148, 0.8782729451068684, 0.8782729447491188, 0.8782729426605826, 0.8782729304677457, 0.8782728592861616, 0.8782724437293113, 0.8782700177185284, 0.8782558548250876, 0.8781731761293335, 0.877690637231968, 0.8748782790951409, 0.8586183675376797, 0.7688206975225222, 0.3769893704162528, -0.37698937041626385, -0.7688206975225254, -0.8586183675376808, -0.8748782790951413, -0.8776906372319685, -0.878173176129334, -0.8782558548250877, -0.8782700177185286, -0.8782724437293116, -0.878272859286162, -0.878272930467746, -0.878272942660583, -0.878272944749119, -0.8782729451068684, -0.8782729451681484, -0.8782729451786454, -0.8782729451804442, -0.8782729451807524, -0.8782729451808057, -0.8782729451808156, -0.8782729451808182, -0.8782729451808196, -0.8782729451808208, -0.8782729451808219, -0.8782729451808229, -0.8782729451808247, -0.878272945180826, -0.8782729451808283, -0.8782729451808311, -0.8782729451808341, -0.878272945180838, -0.878272945180842, -0.8782729451808469, -0.8782729451808527, -0.8782729451808592, -0.8782729451808667, -0.8782729451808755, -0.8782729451808859, -0.8782729451808977, -0.8782729451809118, -0.8782729451809281, -0.8782729451809467, -0.8782729451809685, -0.8782729451809943, -0.8782729451810234, -0.8782729451810577, -0.8782729451810978, -0.8782729451811438, -0.8782729451811976, -0.8782729451812604, -0.8782729451813333, -0.8782729451814177, -0.8782729451815161, -0.8782729451816302, -0.8782729451817629, -0.8782729451819175, -0.8782729451820969, -0.878272945182305, -0.8782729451825472, -0.8782729451828288, -0.8782729451831562, -0.8782729451835366, -0.8782729451839782, -0.8782729451844926, -0.8782729451850897, -0.8782729451857837, -0.8782729451865906, -0.8782729451875289, -0.8782729451886188, -0.8782729451898855, -0.8782729451913581, -0.8782729451930696, -0.8782729451950585, -0.8782729451973706, -0.8782729452000574, -0.8782729452031809, -0.8782729452068107, -0.8782729452110297, -0.8782729452159338, -0.8782729452216332, -0.8782729452282577, -0.8782729452359572, -0.8782729452449064, -0.8782729452553079, -0.8782729452673967, -0.8782729452814484, -0.87827294529778, -0.8782729453167617, -0.8782729453388237, -0.8782729453644664, -0.8782729453942705, -0.8782729454289109, -0.8782729454691728, -0.8782729455159689, -0.8782729455703591, -0.8782729456335757, -0.8782729457070516, -0.8782729457924509, -0.8782729458917092, -0.8782729460070755, -0.8782729461411635, -0.8782729462970118, -0.8782729464781514, -0.8782729466886867, -0.8782729469333886, -0.8782729472178008, -0.8782729475483687, -0.8782729479325819, -0.8782729483791456, -0.878272948898179, -0.8782729495014425, -0.8782729502026055, -0.8782729510175549, -0.8782729519647559, -0.8782729530656714, -0.8782729543452463, -0.8782729558324743, -0.8782729575610528, -0.8782729595701504, -0.8782729619052897, -0.8782729646193816, -0.8782729677739238, -0.8782729714403938, -0.8782729757018697, -0.8782729806549099, -0.8782729864117451, -0.8782729931028168, -0.8782730008797376, -0.8782730099187227, -0.878273020424586, -0.878273032635379, -0.8782730468277865, -0.8782730633233954, -0.8782730824959832, -0.878273104779987, -0.8782731306803496, -0.8782731607839624, -0.8782731957729651, -0.8782732364402073, -0.8782732837072151, -0.8782733386450802, -0.8782734024987362, -0.8782734767151783, -0.8782735629762657, -0.8782736632368491, -0.8782737797690952, -0.8782739152140041, -0.8782740726413041, -0.878274255619074, -0.8782744682946821, -0.878274715488884, -0.8782750028052221, -0.8782753367572201, -0.8782757249162761, -0.8782761760836336, -0.8782767004903643, -0.8782773100299436, -0.8782780185287625, -0.8782788420607919, -0.8782797993136601, -0.8782809120146058, -0.8782822054261932, -0.8782837089233252, -0.878285456665055, -0.8782874883769918, -0.8782898502627882, -0.8782925960664176, -0.8782957883107116, -0.8782994997421394, -0.8783038150171478, -0.8783088326717766, -0.8783146674239307, -0.8783214528669149, -0.8783293446240048, -0.8783385240474025, -0.8783492025615197, -0.8783616267709531, -0.878376084478773, -0.8783929117922642, -0.8784125015327802, -0.8784353132164481, -0.8784618849362853,