c = [1.0, 0.928391096281654, 0.9091840872323855, 0.9000722865086056, 0.8946157910729297, 0.8909640408105062, 0.8883589085487609, 0.8864209040068168, 0.884935697061557, 0.8837720555468194, 0.8828447573941913, 0.8820958937593871, 0.8814846666096482, 0.8809814713995678, 0.8805642926992021, 0.8802164178578588, 0.8799249361749302, 0.8796797242623235, 0.8794727422741478, 0.8792975346034367, 0.8791488684540391, 0.8790224674666685, 0.8789148121943348, 0.878822988446055, 0.8787445704749662, 0.8786775299156513, 0.8786201640156783, 0.878571038511434, 0.8785289417520256, 0.8784928475584528, 0.8784618849362851, 0.8784353132164475, 0.87841250153278, 0.878392911792264, 0.8783760844787729, 0.8783616267709531, 0.87834920256152, 0.8783385240474023, 0.8783293446240045, 0.8783214528669147, 0.8783146674239303, 0.8783088326717767, 0.878303815017148, 0.8782994997421395, 0.8782957883107118, 0.8782925960664176, 0.8782898502627883, 0.8782874883769918, 0.8782854566650548, 0.8782837089233247, 0.8782822054261932, 0.8782809120146059, 0.8782797993136598, 0.8782788420607922, 0.8782780185287623, 0.8782773100299434, 0.8782767004903643, 0.878276176083634, 0.8782757249162764, 0.8782753367572204, 0.8782750028052221, 0.8782747154888838, 0.8782744682946821, 0.8782742556190742, 0.8782740726413042, 0.878273915214004, 0.8782737797690953, 0.878273663236849, 0.8782735629762652, 0.878273476715178, 0.878273402498736, 0.8782733386450798, 0.8782732837072154, 0.8782732364402074, 0.8782731957729655, 0.8782731607839623, 0.8782731306803495, 0.878273104779987, 0.8782730824959829, 0.8782730633233953, 0.8782730468277868, 0.8782730326353795, 0.8782730204245862, 0.8782730099187227, 0.878273000879737, 0.8782729931028166, 0.878272986411745, 0.8782729806549103, 0.8782729757018695, 0.8782729714403937, 0.8782729677739236, 0.8782729646193816, 0.8782729619052896, 0.8782729595701503, 0.8782729575610532, 0.8782729558324742, 0.8782729543452467, 0.8782729530656717, 0.8782729519647562, 0.8782729510175549, 0.8782729502026053, 0.8782729495014424, 0.8782729488981788, 0.8782729483791457, 0.8782729479325816, 0.8782729475483689, 0.8782729472178014, 0.8782729469333886, 0.8782729466886869, 0.8782729464781514, 0.8782729462970118, 0.8782729461411638, 0.8782729460070754, 0.8782729458917091, 0.878272945792451, 0.8782729457070514, 0.878272945633576, 0.8782729455703593, 0.8782729455159692, 0.8782729454691736, 0.8782729454289112, 0.8782729453942704, 0.8782729453644668, 0.8782729453388239, 0.8782729453167616, 0.8782729452977796, 0.8782729452814482, 0.8782729452673969, 0.8782729452553079, 0.8782729452449063, 0.8782729452359572, 0.8782729452282576, 0.8782729452216331, 0.8782729452159337, 0.8782729452110295, 0.8782729452068105, 0.8782729452031804, 0.8782729452000578, 0.8782729451973708, 0.8782729451950584, 0.8782729451930695, 0.8782729451913579, 0.8782729451898857, 0.878272945188619, 0.8782729451875286, 0.8782729451865909, 0.8782729451857842, 0.8782729451850896, 0.8782729451844927, 0.8782729451839788, 0.8782729451835365, 0.8782729451831562, 0.8782729451828288, 0.8782729451825475, 0.8782729451823049, 0.8782729451820966, 0.8782729451819173, 0.878272945181763, 0.8782729451816302, 0.8782729451815159, 0.8782729451814177, 0.878272945181333, 0.8782729451812604, 0.8782729451811979, 0.8782729451811435, 0.8782729451810972, 0.8782729451810578, 0.8782729451810235, 0.8782729451809941, 0.8782729451809688, 0.8782729451809468, 0.8782729451809281, 0.8782729451809116, 0.878272945180898, 0.8782729451808858, 0.8782729451808756, 0.8782729451808663, 0.8782729451808591, 0.8782729451808524, 0.878272945180847, 0.8782729451808419, 0.8782729451808375, 0.8782729451808344, 0.8782729451808311, 0.8782729451808282, 0.8782729451808262, 0.8782729451808242, 0.8782729451808222, 0.8782729451808211, 0.8782729451808197, 0.8782729451808186, 0.8782729451808179, 0.8782729451808166, 0.8782729451808148, 0.8782729451808047, 0.8782729451807514, 0.8782729451804432, 0.878272945178645, 0.8782729451681476, 0.8782729451068677, 0.8782729447491183, 0.8782729426605826, 0.8782729304677452, 0.8782728592861611, 0.8782724437293106, 0.878270017718528, 0.8782558548250874, 0.8781731761293334, 0.877690637231968, 0.8748782790951412, 0.85861836753768, 0.7688206975225227, 0.37698937041625313, -0.37698937041626374, -0.7688206975225256, -0.858618367537681, -0.8748782790951414, -0.8776906372319684, -0.8781731761293339, -0.8782558548250878, -0.8782700177185286, -0.8782724437293113, -0.8782728592861618, -0.8782729304677456, -0.8782729426605822, -0.8782729447491179, -0.878272945106868, -0.8782729451681476, -0.8782729451786445, -0.8782729451804432, -0.8782729451807517, -0.878272945180805, -0.8782729451808144, -0.8782729451808168, -0.8782729451808179, -0.878272945180819, -0.87827294518082, -0.878272945180821, -0.8782729451808226, -0.8782729451808241, -0.8782729451808267, -0.8782729451808289, -0.8782729451808314, -0.8782729451808347, -0.8782729451808381, -0.878272945180842, -0.8782729451808468, -0.8782729451808526, -0.8782729451808589, -0.8782729451808664, -0.8782729451808756, -0.8782729451808857, -0.8782729451808978, -0.878272945180912, -0.8782729451809277, -0.8782729451809465, -0.8782729451809688, -0.878272945180994, -0.8782729451810233, -0.8782729451810578, -0.8782729451810976, -0.8782729451811441, -0.878272945181198, -0.8782729451812605, -0.8782729451813331, -0.8782729451814181, -0.8782729451815162, -0.8782729451816301, -0.8782729451817629, -0.8782729451819173, -0.8782729451820965, -0.8782729451823053, -0.8782729451825471, -0.878272945182829, -0.8782729451831561, -0.8782729451835364, -0.8782729451839785, -0.8782729451844926, -0.8782729451850899, -0.8782729451857838, -0.878272945186591, -0.8782729451875289, -0.8782729451886185, -0.8782729451898856, -0.8782729451913576, -0.8782729451930691, -0.878272945195058, -0.87827294519737, -0.8782729452000575, -0.8782729452031806, -0.8782729452068104, -0.8782729452110298, -0.8782729452159338, -0.8782729452216333, -0.8782729452282576, -0.8782729452359574, -0.8782729452449066, -0.878272945255308, -0.878272945267397, -0.8782729452814487, -0.8782729452977803, -0.8782729453167618, -0.8782729453388238, -0.8782729453644663, -0.8782729453942704, -0.878272945428911, -0.8782729454691737, -0.8782729455159692, -0.8782729455703595, -0.8782729456335762, -0.8782729457070515, -0.8782729457924509, -0.8782729458917091, -0.8782729460070756, -0.8782729461411637, -0.8782729462970116, -0.8782729464781514, -0.8782729466886873, -0.8782729469333886, -0.8782729472178009, -0.8782729475483685, -0.8782729479325818, -0.8782729483791458, -0.8782729488981789, -0.8782729495014426, -0.8782729502026055, -0.8782729510175548, -0.8782729519647556, -0.8782729530656717, -0.8782729543452468, -0.8782729558324746, -0.8782729575610536, -0.8782729595701505, -0.8782729619052898, -0.8782729646193814, -0.878272967773924, -0.8782729714403941, -0.8782729757018698, -0.87827298065491, -0.8782729864117448, -0.8782729931028166, -0.8782730008797374, -0.8782730099187226, -0.8782730204245859, -0.8782730326353791, -0.8782730468277866, -0.8782730633233957, -0.8782730824959833, -0.8782731047799873, -0.8782731306803497, -0.8782731607839622, -0.8782731957729651, -0.8782732364402072, -0.8782732837072151, -0.8782733386450801, -0.8782734024987361, -0.8782734767151783, -0.8782735629762651, -0.8782736632368492, -0.878273779769095, -0.8782739152140042, -0.8782740726413045, -0.8782742556190744, -0.878274468294682, -0.878274715488884, -0.8782750028052223, -0.8782753367572202, -0.8782757249162761, -0.8782761760836338, -0.8782767004903647, -0.8782773100299439, -0.878278018528763, -0.8782788420607925, -0.87827979931366, -0.8782809120146059, -0.8782822054261933, -0.8782837089233249, -0.878285456665055, -0.8782874883769917, -0.8782898502627883, -0.8782925960664175, -0.8782957883107115, -0.8782994997421396, -0.8783038150171479, -0.8783088326717766, -0.8783146674239305, -0.8783214528669151, -0.8783293446240049, -0.8783385240474026, -0.8783492025615202, -0.8783616267709532, -0.8783760844787731, -0.8783929117922642, -0.8784125015327799, 