c = [1.0, 0.9283910962816537, 0.9091840872323855, 0.9000722865086054, 0.8946157910729293, 0.8909640408105064, 0.8883589085487612, 0.8864209040068172, 0.8849356970615573, 0.8837720555468193, 0.8828447573941908, 0.882095893759387, 0.8814846666096482, 0.8809814713995683, 0.8805642926992022, 0.8802164178578584, 0.87992493617493, 0.8796797242623234, 0.8794727422741477, 0.879297534603437, 0.8791488684540391, 0.8790224674666683, 0.8789148121943352, 0.8788229884460549, 0.878744570474966, 0.8786775299156512, 0.8786201640156784, 0.8785710385114344, 0.8785289417520253, 0.8784928475584525, 0.8784618849362855, 0.878435313216448, 0.8784125015327798, 0.8783929117922642, 0.8783760844787734, 0.8783616267709528, 0.8783492025615196, 0.8783385240474026, 0.8783293446240048, 0.878321452866915, 0.8783146674239307, 0.8783088326717766, 0.8783038150171479, 0.8782994997421395, 0.8782957883107113, 0.8782925960664175, 0.878289850262788, 0.8782874883769916, 0.8782854566650552, 0.8782837089233251, 0.8782822054261932, 0.8782809120146059, 0.8782797993136596, 0.8782788420607917, 0.8782780185287626, 0.8782773100299439, 0.8782767004903645, 0.8782761760836341, 0.8782757249162763, 0.8782753367572201, 0.8782750028052223, 0.8782747154888843, 0.8782744682946821, 0.8782742556190741, 0.8782740726413046, 0.878273915214004, 0.878273779769095, 0.878273663236849, 0.8782735629762655, 0.8782734767151781, 0.8782734024987364, 0.8782733386450805, 0.8782732837072154, 0.8782732364402074, 0.8782731957729651, 0.8782731607839623, 0.8782731306803494, 0.8782731047799868, 0.8782730824959836, 0.8782730633233958, 0.8782730468277867, 0.878273032635379, 0.8782730204245857, 0.8782730099187226, 0.8782730008797376, 0.878272993102817, 0.8782729864117448, 0.8782729806549099, 0.8782729757018696, 0.8782729714403944, 0.8782729677739236, 0.8782729646193814, 0.8782729619052894, 0.8782729595701506, 0.8782729575610533, 0.8782729558324744, 0.8782729543452468, 0.8782729530656717, 0.8782729519647556, 0.8782729510175541, 0.878272950202605, 0.8782729495014426, 0.8782729488981791, 0.8782729483791458, 0.8782729479325818, 0.8782729475483687, 0.878272947217801, 0.8782729469333884, 0.8782729466886869, 0.8782729464781517, 0.8782729462970117, 0.8782729461411636, 0.8782729460070754, 0.8782729458917091, 0.8782729457924512, 0.8782729457070515, 0.8782729456335762, 0.8782729455703596, 0.8782729455159691, 0.878272945469173, 0.8782729454289112, 0.8782729453942705, 0.8782729453644665, 0.8782729453388237, 0.8782729453167613, 0.8782729452977797, 0.8782729452814483, 0.878272945267397, 0.8782729452553076, 0.8782729452449063, 0.8782729452359573, 0.8782729452282578, 0.8782729452216329, 0.8782729452159334, 0.8782729452110296, 0.878272945206811, 0.8782729452031811, 0.8782729452000574, 0.8782729451973705, 0.8782729451950585, 0.8782729451930694, 0.8782729451913582, 0.8782729451898854, 0.8782729451886186, 0.8782729451875289, 0.8782729451865906, 0.878272945185784, 0.8782729451850898, 0.8782729451844926, 0.8782729451839788, 0.8782729451835367, 0.8782729451831562, 0.8782729451828287, 0.8782729451825472, 0.8782729451823049, 0.8782729451820964, 0.8782729451819171, 0.8782729451817627, 0.8782729451816301, 0.8782729451815159, 0.8782729451814177, 0.8782729451813334, 0.8782729451812601, 0.8782729451811975, 0.878272945181144, 0.8782729451810976, 0.8782729451810577, 0.8782729451810235, 0.878272945180994, 0.8782729451809688, 0.8782729451809465, 0.8782729451809279, 0.8782729451809115, 0.8782729451808977, 0.8782729451808855, 0.8782729451808755, 0.8782729451808665, 0.878272945180859, 0.8782729451808522, 0.8782729451808464, 0.878272945180842, 0.878272945180838, 0.878272945180834, 0.8782729451808313, 0.8782729451808285, 0.8782729451808261, 0.8782729451808243, 0.8782729451808224, 0.8782729451808208, 0.8782729451808199, 0.8782729451808186, 0.8782729451808181, 0.8782729451808169, 0.8782729451808159, 0.878272945180814, 0.8782729451808046, 0.8782729451807513, 0.8782729451804427, 0.8782729451786446, 0.8782729451681477, 0.8782729451068677, 0.8782729447491179, 0.878272942660582, 0.878272930467745, 0.8782728592861613, 0.8782724437293107, 0.8782700177185281, 0.8782558548250875, 0.8781731761293335, 0.8776906372319684, 0.874878279095141, 0.8586183675376802, 0.7688206975225226, 0.37698937041625374, -0.3769893704162635, -0.7688206975225252, -0.8586183675376806, -0.8748782790951414, -0.8776906372319684, -0.8781731761293334, -0.8782558548250877, -0.8782700177185283, -0.8782724437293107, -0.8782728592861611, -0.8782729304677456, -0.8782729426605822, -0.8782729447491178, -0.8782729451068676, -0.8782729451681475, -0.8782729451786445, -0.8782729451804429, -0.8782729451807513, -0.8782729451808046, -0.8782729451808142, -0.8782729451808161, -0.8782729451808169, -0.8782729451808179, -0.8782729451808187, -0.8782729451808203, -0.8782729451808213, -0.8782729451808227, -0.8782729451808245, -0.8782729451808264, -0.8782729451808285, -0.8782729451808312, -0.8782729451808344, -0.8782729451808376, -0.8782729451808418, -0.8782729451808471, -0.8782729451808525, -0.8782729451808592, -0.8782729451808672, -0.8782729451808754, -0.8782729451808856, -0.8782729451808982, -0.8782729451809117, -0.8782729451809278, -0.8782729451809468, -0.8782729451809687, -0.8782729451809941, -0.8782729451810236, -0.8782729451810578, -0.8782729451810974, -0.8782729451811442, -0.878272945181198, -0.8782729451812604, -0.8782729451813333, -0.8782729451814179, -0.8782729451815161, -0.8782729451816303, -0.8782729451817628, -0.8782729451819175, -0.8782729451820966, -0.8782729451823048, -0.8782729451825471, -0.8782729451828291, -0.8782729451831562, -0.8782729451835364, -0.8782729451839788, -0.8782729451844928, -0.8782729451850897, -0.8782729451857844, -0.8782729451865906, -0.8782729451875287, -0.8782729451886182, -0.8782729451898853, -0.878272945191358, -0.878272945193069, -0.8782729451950582, -0.8782729451973703, -0.8782729452000576, -0.8782729452031808, -0.8782729452068105, -0.8782729452110299, -0.8782729452159337, -0.8782729452216332, -0.8782729452282576, -0.8782729452359573, -0.8782729452449066, -0.878272945255308, -0.878272945267397, -0.8782729452814482, -0.8782729452977797, -0.8782729453167616, -0.8782729453388244, -0.8782729453644668, -0.8782729453942707, -0.8782729454289111, -0.8782729454691731, -0.878272945515969, -0.8782729455703592, -0.8782729456335759, -0.8782729457070515, -0.8782729457924507, -0.8782729458917093, -0.8782729460070757, -0.8782729461411636, -0.8782729462970116, -0.8782729464781512, -0.878272946688687, -0.8782729469333886, -0.8782729472178008, -0.8782729475483685, -0.8782729479325816, -0.8782729483791457, -0.878272948898179, -0.8782729495014427, -0.8782729502026055, -0.878272951017555, -0.8782729519647563, -0.8782729530656714, -0.8782729543452465, -0.8782729558324741, -0.8782729575610534, -0.8782729595701507, -0.8782729619052898, -0.8782729646193815, -0.8782729677739236, -0.878272971440394, -0.8782729757018697, -0.8782729806549098, -0.8782729864117449, -0.8782729931028169, -0.8782730008797376, -0.8782730099187228, -0.8782730204245863, -0.8782730326353795, -0.8782730468277866, -0.8782730633233957, -0.8782730824959832, -0.8782731047799869, -0.8782731306803496, -0.8782731607839623, -0.8782731957729653, -0.8782732364402072, -0.8782732837072147, -0.8782733386450802, -0.8782734024987361, -0.8782734767151782, -0.8782735629762656, -0.8782736632368492, -0.8782737797690949, -0.8782739152140039, -0.8782740726413046, -0.878274255619074, -0.8782744682946819, -0.8782747154888838, -0.8782750028052223, -0.8782753367572204, -0.8782757249162764, -0.8782761760836343, -0.8782767004903643, -0.8782773100299436, -0.8782780185287624, -0.8782788420607917, -0.8782797993136596, -0.8782809120146055, -0.878282205426193, -0.8782837089233247, -0.8782854566650551, -0.8782874883769919, -0.8782898502627883, -0.8782925960664176, -0.8782957883107113, -0.8782994997421396, -0.8783038150171477, -0.8783088326717766, -0.8783146674239307, -0.8783214528669149, -0.8783293446240047, -0.8783385240474023, -0.8783492025615197, -0.8783616267709529, 