c = [1.0, 0.9283910962816536, 0.9091840872323855, 0.9000722865086056, 0.8946157910729297, 0.8909640408105065, 0.8883589085487615, 0.886420904006817, 0.8849356970615571, 0.8837720555468193, 0.8828447573941909, 0.8820958937593877, 0.8814846666096485, 0.8809814713995678, 0.8805642926992021, 0.8802164178578584, 0.8799249361749301, 0.8796797242623238, 0.8794727422741478, 0.879297534603437, 0.8791488684540396, 0.8790224674666683, 0.878914812194335, 0.8788229884460549, 0.8787445704749662, 0.8786775299156517, 0.8786201640156782, 0.8785710385114341, 0.8785289417520257, 0.8784928475584528, 0.8784618849362853, 0.8784353132164482, 0.8784125015327802, 0.878392911792264, 0.8783760844787727, 0.8783616267709528, 0.8783492025615197, 0.8783385240474028, 0.8783293446240051, 0.8783214528669149, 0.8783146674239308, 0.8783088326717767, 0.8783038150171479, 0.8782994997421395, 0.8782957883107113, 0.8782925960664176, 0.8782898502627886, 0.878287488376992, 0.8782854566650552, 0.8782837089233253, 0.8782822054261931, 0.8782809120146055, 0.8782797993136598, 0.8782788420607924, 0.8782780185287627, 0.8782773100299439, 0.8782767004903644, 0.8782761760836338, 0.8782757249162764, 0.8782753367572204, 0.8782750028052221, 0.8782747154888839, 0.8782744682946823, 0.8782742556190741, 0.8782740726413043, 0.8782739152140041, 0.878273779769095, 0.878273663236849, 0.8782735629762659, 0.8782734767151785, 0.8782734024987365, 0.8782733386450803, 0.878273283707215, 0.8782732364402072, 0.8782731957729653, 0.8782731607839622, 0.87827313068035, 0.8782731047799874, 0.8782730824959836, 0.8782730633233958, 0.8782730468277864, 0.8782730326353788, 0.8782730204245862, 0.8782730099187229, 0.8782730008797374, 0.8782729931028166, 0.8782729864117449, 0.8782729806549103, 0.8782729757018695, 0.8782729714403938, 0.8782729677739237, 0.8782729646193818, 0.8782729619052901, 0.8782729595701508, 0.8782729575610536, 0.8782729558324746, 0.8782729543452464, 0.8782729530656711, 0.8782729519647555, 0.8782729510175546, 0.8782729502026055, 0.8782729495014432, 0.8782729488981795, 0.8782729483791456, 0.8782729479325817, 0.8782729475483686, 0.878272947217801, 0.8782729469333888, 0.8782729466886869, 0.8782729464781515, 0.8782729462970117, 0.8782729461411634, 0.8782729460070755, 0.8782729458917092, 0.8782729457924511, 0.8782729457070517, 0.8782729456335757, 0.878272945570359, 0.8782729455159692, 0.8782729454691729, 0.8782729454289109, 0.8782729453942701, 0.8782729453644663, 0.8782729453388238, 0.8782729453167617, 0.8782729452977799, 0.8782729452814483, 0.8782729452673972, 0.8782729452553079, 0.8782729452449066, 0.8782729452359571, 0.8782729452282577, 0.878272945221633, 0.8782729452159341, 0.8782729452110302, 0.8782729452068108, 0.8782729452031809, 0.8782729452000576, 0.8782729451973706, 0.8782729451950589, 0.8782729451930694, 0.8782729451913581, 0.8782729451898859, 0.8782729451886184, 0.8782729451875287, 0.878272945186591, 0.8782729451857841, 0.87827294518509, 0.8782729451844926, 0.8782729451839788, 0.8782729451835364, 0.8782729451831562, 0.878272945182829, 0.8782729451825472, 0.878272945182305, 0.8782729451820964, 0.8782729451819171, 0.8782729451817629, 0.8782729451816302, 0.8782729451815162, 0.8782729451814175, 0.8782729451813329, 0.8782729451812605, 0.8782729451811978, 0.8782729451811438, 0.8782729451810979, 0.8782729451810577, 0.8782729451810237, 0.8782729451809939, 0.8782729451809689, 0.8782729451809467, 0.8782729451809279, 0.8782729451809115, 0.878272945180898, 0.8782729451808859, 0.8782729451808758, 0.8782729451808667, 0.8782729451808591, 0.878272945180853, 0.8782729451808473, 0.878272945180842, 0.878272945180838, 0.8782729451808345, 0.8782729451808312, 0.8782729451808287, 0.8782729451808262, 0.8782729451808241, 0.8782729451808228, 0.878272945180821, 0.8782729451808203, 0.8782729451808188, 0.8782729451808178, 0.878272945180817, 0.8782729451808167, 0.8782729451808154, 0.8782729451808133, 0.8782729451808042, 0.878272945180751, 0.8782729451804426, 0.8782729451786442, 0.8782729451681469, 0.8782729451068672, 0.8782729447491179, 0.8782729426605822, 0.8782729304677453, 0.8782728592861615, 0.8782724437293111, 0.8782700177185284, 0.8782558548250874, 0.8781731761293335, 0.8776906372319683, 0.8748782790951407, 0.8586183675376798, 0.7688206975225227, 0.37698937041625397, -0.37698937041626257, -0.7688206975225252, -0.8586183675376806, -0.8748782790951414, -0.8776906372319683, -0.8781731761293333, -0.8782558548250873, -0.8782700177185284, -0.8782724437293109, -0.8782728592861611, -0.8782729304677451, -0.8782729426605823, -0.878272944749118, -0.8782729451068676, -0.8782729451681475, -0.8782729451786445, -0.878272945180443, -0.8782729451807509, -0.878272945180804, -0.8782729451808137, -0.8782729451808156, -0.878272945180817, -0.8782729451808174, -0.8782729451808182, -0.8782729451808192, -0.8782729451808202, -0.8782729451808211, -0.8782729451808227, -0.8782729451808245, -0.8782729451808261, -0.8782729451808284, -0.8782729451808315, -0.8782729451808343, -0.878272945180838, -0.8782729451808424, -0.8782729451808468, -0.8782729451808523, -0.8782729451808594, -0.8782729451808666, -0.8782729451808755, -0.878272945180886, -0.8782729451808979, -0.878272945180912, -0.8782729451809284, -0.8782729451809469, -0.8782729451809688, -0.8782729451809945, -0.878272945181024, -0.878272945181058, -0.8782729451810978, -0.8782729451811441, -0.8782729451811981, -0.8782729451812609, -0.8782729451813331, -0.8782729451814181, -0.8782729451815161, -0.8782729451816301, -0.8782729451817629, -0.8782729451819175, -0.8782729451820969, -0.878272945182305, -0.8782729451825477, -0.8782729451828291, -0.8782729451831561, -0.8782729451835368, -0.8782729451839782, -0.8782729451844924, -0.8782729451850894, -0.8782729451857837, -0.8782729451865908, -0.8782729451875283, -0.8782729451886183, -0.8782729451898853, -0.8782729451913581, -0.8782729451930694, -0.8782729451950582, -0.8782729451973706, -0.8782729452000576, -0.8782729452031807, -0.8782729452068105, -0.8782729452110299, -0.8782729452159339, -0.8782729452216335, -0.8782729452282576, -0.8782729452359572, -0.8782729452449062, -0.8782729452553077, -0.8782729452673974, -0.8782729452814485, -0.8782729452977802, -0.8782729453167619, -0.878272945338824, -0.8782729453644667, -0.8782729453942706, -0.8782729454289112, -0.8782729454691736, -0.878272945515969, -0.8782729455703595, -0.8782729456335764, -0.8782729457070518, -0.8782729457924509, -0.8782729458917091, -0.8782729460070757, -0.8782729461411637, -0.8782729462970116, -0.8782729464781514, -0.8782729466886868, -0.8782729469333888, -0.8782729472178009, -0.8782729475483687, -0.8782729479325818, -0.8782729483791462, -0.8782729488981798, -0.8782729495014429, -0.8782729502026055, -0.8782729510175546, -0.8782729519647562, -0.8782729530656718, -0.8782729543452468, -0.8782729558324744, -0.8782729575610533, -0.8782729595701505, -0.8782729619052897, -0.8782729646193814, -0.8782729677739238, -0.8782729714403942, -0.8782729757018701, -0.8782729806549106, -0.8782729864117452, -0.8782729931028173, -0.8782730008797377, -0.8782730099187229, -0.8782730204245861, -0.878273032635379, -0.8782730468277867, -0.8782730633233956, -0.8782730824959836, -0.8782731047799873, -0.8782731306803497, -0.8782731607839624, -0.8782731957729654, -0.8782732364402075, -0.8782732837072155, -0.8782733386450804, -0.878273402498736, -0.8782734767151783, -0.8782735629762657, -0.8782736632368492, -0.8782737797690949, -0.878273915214004, -0.8782740726413044, -0.8782742556190742, -0.8782744682946825, -0.8782747154888846, -0.8782750028052222, -0.8782753367572201, -0.8782757249162763, -0.8782761760836338, -0.8782767004903641, -0.8782773100299436, -0.8782780185287625, -0.8782788420607919, -0.8782797993136596, -0.8782809120146059, -0.8782822054261932, -0.8782837089233249, -0.878285456665055, -0.878287488376992, -0.8782898502627883, -0.8782925960664177, -0.8782957883107118, -0.8782994997421397, -0.8783038150171477, -0.8783088326717765, -0.8783146674239303, -0.8783214528669147, -0.8783293446240046, -0.8783385240474022, 