c = [1.0, 0.9283910962816536, 0.9091840872323858, 0.9000722865086058, 0.89461579107293, 0.8909640408105063, 0.8883589085487614, 0.886420904006817, 0.884935697061557, 0.8837720555468198, 0.882844757394191, 0.8820958937593874, 0.8814846666096482, 0.8809814713995678, 0.8805642926992021, 0.8802164178578583, 0.8799249361749298, 0.8796797242623238, 0.8794727422741481, 0.8792975346034368, 0.8791488684540393, 0.8790224674666682, 0.878914812194335, 0.8788229884460551, 0.8787445704749658, 0.8786775299156512, 0.8786201640156783, 0.8785710385114344, 0.8785289417520253, 0.8784928475584529, 0.8784618849362856, 0.8784353132164479, 0.8784125015327797, 0.8783929117922642, 0.878376084478773, 0.8783616267709531, 0.87834920256152, 0.8783385240474025, 0.878329344624005, 0.8783214528669149, 0.8783146674239304, 0.8783088326717765, 0.8783038150171475, 0.8782994997421393, 0.8782957883107115, 0.8782925960664176, 0.8782898502627884, 0.878287488376992, 0.8782854566650546, 0.8782837089233245, 0.8782822054261932, 0.878280912014606, 0.8782797993136598, 0.8782788420607921, 0.8782780185287625, 0.8782773100299436, 0.8782767004903643, 0.8782761760836341, 0.8782757249162763, 0.87827533675722, 0.8782750028052223, 0.8782747154888837, 0.8782744682946818, 0.8782742556190737, 0.8782740726413039, 0.8782739152140037, 0.8782737797690952, 0.8782736632368492, 0.8782735629762655, 0.8782734767151782, 0.8782734024987359, 0.8782733386450798, 0.8782732837072146, 0.8782732364402068, 0.8782731957729655, 0.8782731607839627, 0.87827313068035, 0.8782731047799872, 0.878273082495983, 0.8782730633233954, 0.8782730468277867, 0.8782730326353794, 0.8782730204245858, 0.8782730099187223, 0.8782730008797373, 0.878272993102817, 0.8782729864117447, 0.8782729806549098, 0.8782729757018696, 0.8782729714403941, 0.878272967773924, 0.8782729646193819, 0.8782729619052899, 0.8782729595701507, 0.878272957561053, 0.8782729558324737, 0.8782729543452461, 0.8782729530656714, 0.878272951964756, 0.878272951017555, 0.8782729502026058, 0.8782729495014425, 0.8782729488981789, 0.8782729483791454, 0.8782729479325814, 0.8782729475483686, 0.8782729472178006, 0.8782729469333881, 0.8782729466886864, 0.878272946478151, 0.8782729462970116, 0.8782729461411634, 0.8782729460070754, 0.8782729458917095, 0.8782729457924507, 0.8782729457070512, 0.8782729456335759, 0.8782729455703591, 0.8782729455159689, 0.8782729454691728, 0.8782729454289107, 0.8782729453942703, 0.8782729453644664, 0.8782729453388238, 0.8782729453167615, 0.8782729452977798, 0.8782729452814484, 0.8782729452673974, 0.8782729452553076, 0.8782729452449064, 0.8782729452359572, 0.8782729452282582, 0.8782729452216337, 0.8782729452159337, 0.87827294521103, 0.8782729452068108, 0.8782729452031811, 0.878272945200058, 0.8782729451973705, 0.8782729451950586, 0.8782729451930695, 0.8782729451913577, 0.8782729451898854, 0.8782729451886186, 0.8782729451875285, 0.8782729451865907, 0.8782729451857841, 0.87827294518509, 0.8782729451844924, 0.8782729451839787, 0.8782729451835366, 0.8782729451831561, 0.878272945182829, 0.8782729451825472, 0.8782729451823048, 0.8782729451820964, 0.8782729451819172, 0.878272945181763, 0.8782729451816299, 0.8782729451815159, 0.8782729451814179, 0.8782729451813333, 0.8782729451812604, 0.8782729451811979, 0.8782729451811438, 0.8782729451810978, 0.8782729451810576, 0.8782729451810237, 0.878272945180994, 0.8782729451809685, 0.8782729451809466, 0.8782729451809279, 0.8782729451809116, 0.8782729451808979, 0.8782729451808857, 0.8782729451808754, 0.878272945180867, 0.8782729451808595, 0.8782729451808525, 0.878272945180847, 0.8782729451808421, 0.8782729451808378, 0.8782729451808343, 0.8782729451808312, 0.8782729451808283, 0.8782729451808263, 0.8782729451808241, 0.8782729451808228, 0.878272945180821, 0.8782729451808196, 0.8782729451808188, 0.8782729451808181, 0.8782729451808171, 0.8782729451808163, 0.8782729451808159, 0.8782729451808152, 0.8782729451808128, 0.8782729451808035, 0.8782729451807502, 0.8782729451804421, 0.8782729451786438, 0.878272945168147, 0.8782729451068674, 0.8782729447491179, 0.8782729426605822, 0.8782729304677455, 0.8782728592861614, 0.878272443729311, 0.8782700177185282, 0.8782558548250872, 0.8781731761293334, 0.8776906372319683, 0.8748782790951407, 0.8586183675376798, 0.7688206975225235, 0.3769893704162575, -0.3769893704162589, -0.768820697522524, -0.8586183675376798, -0.8748782790951408, -0.8776906372319684, -0.8781731761293333, -0.878255854825087, -0.8782700177185281, -0.878272443729311, -0.8782728592861615, -0.8782729304677452, -0.8782729426605822, -0.8782729447491179, -0.8782729451068677, -0.8782729451681472, -0.8782729451786441, -0.8782729451804422, -0.8782729451807504, -0.8782729451808038, -0.8782729451808133, -0.8782729451808152, -0.8782729451808162, -0.8782729451808166, -0.8782729451808169, -0.8782729451808176, -0.8782729451808188, -0.8782729451808196, -0.8782729451808209, -0.8782729451808228, -0.8782729451808241, -0.8782729451808261, -0.8782729451808287, -0.8782729451808308, -0.878272945180834, -0.8782729451808381, -0.8782729451808419, -0.8782729451808466, -0.8782729451808524, -0.8782729451808592, -0.878272945180867, -0.8782729451808758, -0.878272945180886, -0.8782729451808977, -0.8782729451809119, -0.8782729451809281, -0.8782729451809467, -0.8782729451809685, -0.8782729451809941, -0.8782729451810236, -0.878272945181058, -0.8782729451810974, -0.8782729451811441, -0.8782729451811978, -0.8782729451812602, -0.878272945181333, -0.878272945181418, -0.8782729451815163, -0.8782729451816302, -0.8782729451817634, -0.8782729451819175, -0.8782729451820965, -0.8782729451823053, -0.8782729451825471, -0.878272945182829, -0.8782729451831558, -0.8782729451835363, -0.8782729451839786, -0.8782729451844923, -0.8782729451850897, -0.878272945185784, -0.8782729451865908, -0.8782729451875287, -0.8782729451886182, -0.8782729451898854, -0.8782729451913579, -0.8782729451930692, -0.8782729451950582, -0.8782729451973704, -0.8782729452000577, -0.8782729452031808, -0.8782729452068104, -0.8782729452110296, -0.8782729452159334, -0.8782729452216332, -0.8782729452282583, -0.8782729452359574, -0.8782729452449066, -0.878272945255308, -0.8782729452673971, -0.8782729452814484, -0.8782729452977799, -0.8782729453167618, -0.8782729453388242, -0.8782729453644664, -0.8782729453942707, -0.8782729454289114, -0.8782729454691736, -0.8782729455159691, -0.8782729455703592, -0.8782729456335763, -0.8782729457070518, -0.878272945792451, -0.8782729458917092, -0.8782729460070754, -0.8782729461411637, -0.8782729462970117, -0.8782729464781516, -0.8782729466886872, -0.8782729469333889, -0.8782729472178014, -0.8782729475483686, -0.8782729479325818, -0.8782729483791455, -0.8782729488981793, -0.8782729495014429, -0.8782729502026057, -0.8782729510175545, -0.8782729519647557, -0.8782729530656712, -0.8782729543452462, -0.878272955832474, -0.8782729575610531, -0.8782729595701507, -0.8782729619052898, -0.8782729646193818, -0.8782729677739242, -0.8782729714403944, -0.8782729757018698, -0.87827298065491, -0.878272986411745, -0.8782729931028167, -0.8782730008797374, -0.8782730099187226, -0.878273020424586, -0.8782730326353791, -0.8782730468277862, -0.8782730633233955, -0.8782730824959831, -0.878273104779987, -0.8782731306803496, -0.8782731607839622, -0.8782731957729649, -0.878273236440207, -0.8782732837072151, -0.87827333864508, -0.878273402498736, -0.8782734767151782, -0.8782735629762656, -0.8782736632368492, -0.8782737797690953, -0.8782739152140044, -0.8782740726413043, -0.878274255619074, -0.878274468294682, -0.8782747154888839, -0.8782750028052221, -0.8782753367572199, -0.8782757249162759, -0.8782761760836335, -0.8782767004903641, -0.8782773100299438, -0.8782780185287625, -0.8782788420607921, -0.8782797993136597, -0.8782809120146058, -0.8782822054261931, -0.878283708923325, -0.8782854566650553, -0.878287488376992, -0.8782898502627883, -0.8782925960664175, -0.8782957883107112, -0.8782994997421395, -0.8783038150171478, -0.8783088326717762, -0.8783146674239306, -0.8783214528669147, -0.8783293446240049, 