c = [1.0, 0.9283910962816537, 0.909184087232386, 0.9000722865086056, 0.8946157910729298, 0.8909640408105064, 0.8883589085487612, 0.8864209040068174, 0.8849356970615572, 0.8837720555468194, 0.8828447573941909, 0.8820958937593874, 0.8814846666096483, 0.8809814713995682, 0.880564292699202, 0.8802164178578585, 0.8799249361749303, 0.8796797242623237, 0.8794727422741478, 0.8792975346034367, 0.8791488684540394, 0.8790224674666683, 0.8789148121943349, 0.8788229884460548, 0.8787445704749661, 0.8786775299156514, 0.8786201640156781, 0.8785710385114345, 0.8785289417520256, 0.8784928475584527, 0.8784618849362853, 0.8784353132164482, 0.8784125015327799, 0.8783929117922644, 0.8783760844787735, 0.8783616267709532, 0.8783492025615202, 0.8783385240474029, 0.878329344624005, 0.8783214528669149, 0.8783146674239304, 0.8783088326717765, 0.8783038150171479, 0.8782994997421395, 0.8782957883107115, 0.8782925960664179, 0.8782898502627882, 0.8782874883769916, 0.878285456665055, 0.8782837089233252, 0.8782822054261934, 0.8782809120146059, 0.8782797993136598, 0.878278842060792, 0.8782780185287629, 0.8782773100299439, 0.8782767004903644, 0.8782761760836337, 0.8782757249162764, 0.87827533675722, 0.878275002805222, 0.8782747154888837, 0.878274468294682, 0.8782742556190738, 0.8782740726413045, 0.8782739152140043, 0.8782737797690953, 0.8782736632368492, 0.8782735629762655, 0.8782734767151782, 0.8782734024987361, 0.87827333864508, 0.8782732837072154, 0.8782732364402076, 0.8782731957729656, 0.8782731607839626, 0.8782731306803495, 0.878273104779987, 0.8782730824959835, 0.8782730633233958, 0.8782730468277865, 0.8782730326353788, 0.8782730204245861, 0.8782730099187231, 0.8782730008797374, 0.8782729931028168, 0.8782729864117449, 0.8782729806549102, 0.87827297570187, 0.8782729714403945, 0.8782729677739243, 0.878272964619382, 0.8782729619052898, 0.8782729595701503, 0.878272957561053, 0.8782729558324742, 0.8782729543452465, 0.8782729530656719, 0.8782729519647562, 0.8782729510175548, 0.8782729502026054, 0.8782729495014425, 0.8782729488981791, 0.8782729483791457, 0.8782729479325814, 0.8782729475483683, 0.8782729472178006, 0.8782729469333881, 0.8782729466886867, 0.8782729464781511, 0.8782729462970117, 0.8782729461411637, 0.8782729460070754, 0.878272945891709, 0.8782729457924511, 0.8782729457070513, 0.8782729456335758, 0.8782729455703588, 0.8782729455159688, 0.8782729454691729, 0.878272945428911, 0.8782729453942703, 0.8782729453644663, 0.8782729453388236, 0.8782729453167615, 0.8782729452977801, 0.8782729452814483, 0.878272945267397, 0.8782729452553077, 0.8782729452449068, 0.8782729452359577, 0.8782729452282578, 0.8782729452216336, 0.8782729452159337, 0.8782729452110302, 0.878272945206811, 0.8782729452031808, 0.8782729452000576, 0.8782729451973708, 0.8782729451950584, 0.8782729451930695, 0.878272945191358, 0.8782729451898854, 0.8782729451886186, 0.8782729451875287, 0.8782729451865909, 0.878272945185784, 0.87827294518509, 0.8782729451844927, 0.8782729451839787, 0.8782729451835368, 0.8782729451831562, 0.8782729451828288, 0.8782729451825474, 0.8782729451823051, 0.8782729451820969, 0.8782729451819171, 0.8782729451817628, 0.8782729451816303, 0.878272945181516, 0.8782729451814179, 0.8782729451813334, 0.8782729451812605, 0.8782729451811981, 0.8782729451811438, 0.8782729451810979, 0.8782729451810578, 0.8782729451810236, 0.8782729451809939, 0.8782729451809687, 0.8782729451809466, 0.878272945180928, 0.8782729451809117, 0.8782729451808977, 0.8782729451808859, 0.8782729451808758, 0.8782729451808666, 0.8782729451808594, 0.8782729451808527, 0.878272945180847, 0.8782729451808422, 0.878272945180838, 0.8782729451808341, 0.8782729451808312, 0.8782729451808283, 0.8782729451808268, 0.8782729451808242, 0.8782729451808224, 0.8782729451808212, 0.8782729451808202, 0.8782729451808189, 0.8782729451808179, 0.8782729451808172, 0.8782729451808167, 0.8782729451808159, 0.8782729451808152, 0.8782729451808146, 0.8782729451808126, 0.8782729451808033, 0.8782729451807503, 0.8782729451804421, 0.8782729451786442, 0.878272945168147, 0.8782729451068676, 0.8782729447491177, 0.8782729426605823, 0.8782729304677453, 0.8782728592861611, 0.8782724437293108, 0.8782700177185283, 0.8782558548250872, 0.8781731761293332, 0.8776906372319679, 0.8748782790951408, 0.8586183675376798, 0.7688206975225236, 0.376989370416257, -0.3769893704162597, -0.7688206975225242, -0.8586183675376801, -0.8748782790951407, -0.8776906372319679, -0.8781731761293334, -0.8782558548250875, -0.8782700177185282, -0.8782724437293108, -0.8782728592861614, -0.8782729304677456, -0.8782729426605821, -0.8782729447491177, -0.8782729451068673, -0.878272945168147, -0.8782729451786442, -0.8782729451804424, -0.8782729451807506, -0.8782729451808038, -0.8782729451808132, -0.8782729451808149, -0.8782729451808156, -0.8782729451808162, -0.8782729451808163, -0.8782729451808171, -0.8782729451808182, -0.8782729451808188, -0.8782729451808199, -0.8782729451808216, -0.8782729451808224, -0.8782729451808242, -0.8782729451808265, -0.8782729451808285, -0.8782729451808312, -0.8782729451808345, -0.8782729451808381, -0.8782729451808424, -0.8782729451808472, -0.8782729451808529, -0.8782729451808591, -0.8782729451808671, -0.8782729451808758, -0.8782729451808858, -0.8782729451808979, -0.878272945180912, -0.8782729451809281, -0.8782729451809471, -0.8782729451809684, -0.8782729451809943, -0.8782729451810236, -0.8782729451810578, -0.8782729451810978, -0.8782729451811444, -0.8782729451811981, -0.8782729451812605, -0.8782729451813337, -0.8782729451814183, -0.8782729451815162, -0.8782729451816307, -0.878272945181763, -0.8782729451819173, -0.8782729451820965, -0.8782729451823049, -0.8782729451825474, -0.8782729451828288, -0.8782729451831561, -0.8782729451835367, -0.878272945183979, -0.8782729451844928, -0.8782729451850897, -0.8782729451857842, -0.8782729451865909, -0.8782729451875286, -0.8782729451886183, -0.8782729451898856, -0.8782729451913582, -0.8782729451930694, -0.8782729451950582, -0.8782729451973702, -0.8782729452000574, -0.8782729452031804, -0.8782729452068111, -0.8782729452110298, -0.8782729452159338, -0.8782729452216332, -0.8782729452282577, -0.8782729452359572, -0.8782729452449064, -0.8782729452553077, -0.8782729452673974, -0.8782729452814482, -0.87827294529778, -0.8782729453167621, -0.8782729453388242, -0.8782729453644665, -0.8782729453942705, -0.8782729454289113, -0.8782729454691736, -0.878272945515969, -0.8782729455703593, -0.878272945633576, -0.8782729457070519, -0.8782729457924511, -0.8782729458917095, -0.8782729460070757, -0.8782729461411638, -0.878272946297012, -0.8782729464781514, -0.878272946688687, -0.8782729469333888, -0.8782729472178015, -0.878272947548369, -0.878272947932582, -0.8782729483791457, -0.8782729488981792, -0.8782729495014426, -0.8782729502026055, -0.8782729510175545, -0.878272951964756, -0.8782729530656714, -0.8782729543452464, -0.8782729558324743, -0.8782729575610534, -0.8782729595701508, -0.8782729619052899, -0.8782729646193816, -0.8782729677739238, -0.8782729714403941, -0.8782729757018699, -0.8782729806549101, -0.8782729864117451, -0.878272993102817, -0.8782730008797371, -0.8782730099187228, -0.878273020424586, -0.8782730326353793, -0.8782730468277867, -0.8782730633233956, -0.8782730824959831, -0.878273104779987, -0.8782731306803498, -0.8782731607839624, -0.878273195772965, -0.8782732364402072, -0.8782732837072154, -0.8782733386450804, -0.8782734024987364, -0.8782734767151786, -0.8782735629762655, -0.8782736632368493, -0.8782737797690949, -0.878273915214004, -0.8782740726413042, -0.878274255619074, -0.878274468294682, -0.878274715488884, -0.8782750028052223, -0.8782753367572204, -0.8782757249162763, -0.8782761760836338, -0.8782767004903642, -0.878277310029944, -0.8782780185287627, -0.8782788420607921, -0.8782797993136602, -0.878280912014606, -0.8782822054261932, -0.8782837089233251, -0.878285456665055, -0.8782874883769919, -0.8782898502627883, -0.8782925960664174, -0.8782957883107118, -0.8782994997421394, -0.8783038150171479, -0.8783088326717763, -0.8783146674239305, 