c = [1.0, 0.9283910962816536, 0.9091840872323856, 0.9000722865086055, 0.8946157910729295, 0.8909640408105066, 0.8883589085487613, 0.886420904006817, 0.8849356970615571, 0.8837720555468194, 0.8828447573941908, 0.8820958937593875, 0.8814846666096481, 0.8809814713995681, 0.8805642926992024, 0.8802164178578583, 0.87992493617493, 0.8796797242623234, 0.8794727422741481, 0.8792975346034371, 0.879148868454039, 0.8790224674666679, 0.878914812194335, 0.8788229884460548, 0.8787445704749658, 0.8786775299156516, 0.8786201640156786, 0.8785710385114343, 0.8785289417520252, 0.878492847558453, 0.8784618849362854, 0.8784353132164485, 0.8784125015327804, 0.8783929117922644, 0.8783760844787735, 0.8783616267709531, 0.8783492025615198, 0.8783385240474025, 0.8783293446240046, 0.8783214528669147, 0.8783146674239307, 0.878308832671777, 0.878303815017148, 0.8782994997421399, 0.8782957883107115, 0.8782925960664174, 0.8782898502627886, 0.8782874883769921, 0.8782854566650554, 0.8782837089233253, 0.8782822054261934, 0.8782809120146059, 0.8782797993136603, 0.8782788420607924, 0.8782780185287629, 0.8782773100299437, 0.8782767004903648, 0.8782761760836338, 0.8782757249162761, 0.8782753367572201, 0.8782750028052223, 0.878274715488884, 0.8782744682946825, 0.8782742556190746, 0.8782740726413045, 0.8782739152140041, 0.8782737797690949, 0.8782736632368492, 0.8782735629762652, 0.8782734767151781, 0.8782734024987364, 0.8782733386450805, 0.8782732837072152, 0.8782732364402074, 0.8782731957729649, 0.8782731607839622, 0.8782731306803498, 0.8782731047799873, 0.8782730824959831, 0.8782730633233953, 0.8782730468277864, 0.8782730326353794, 0.8782730204245857, 0.8782730099187225, 0.8782730008797373, 0.8782729931028168, 0.8782729864117452, 0.8782729806549106, 0.87827297570187, 0.8782729714403946, 0.8782729677739238, 0.8782729646193813, 0.8782729619052895, 0.8782729595701506, 0.8782729575610534, 0.8782729558324747, 0.8782729543452469, 0.8782729530656717, 0.8782729519647561, 0.8782729510175548, 0.8782729502026057, 0.8782729495014432, 0.8782729488981791, 0.8782729483791455, 0.8782729479325815, 0.8782729475483685, 0.8782729472178011, 0.8782729469333885, 0.8782729466886869, 0.8782729464781517, 0.8782729462970119, 0.8782729461411636, 0.8782729460070758, 0.8782729458917095, 0.8782729457924511, 0.8782729457070515, 0.8782729456335758, 0.8782729455703593, 0.8782729455159692, 0.8782729454691732, 0.878272945428911, 0.8782729453942705, 0.8782729453644664, 0.878272945338824, 0.8782729453167617, 0.8782729452977798, 0.8782729452814483, 0.8782729452673975, 0.8782729452553082, 0.8782729452449066, 0.8782729452359576, 0.8782729452282579, 0.8782729452216335, 0.878272945215934, 0.8782729452110299, 0.878272945206811, 0.878272945203181, 0.8782729452000575, 0.8782729451973708, 0.8782729451950586, 0.8782729451930694, 0.8782729451913581, 0.8782729451898856, 0.878272945188619, 0.8782729451875286, 0.8782729451865912, 0.8782729451857842, 0.8782729451850898, 0.8782729451844927, 0.8782729451839787, 0.8782729451835365, 0.8782729451831562, 0.8782729451828292, 0.8782729451825478, 0.8782729451823049, 0.8782729451820966, 0.8782729451819176, 0.8782729451817632, 0.8782729451816305, 0.8782729451815163, 0.8782729451814179, 0.8782729451813337, 0.8782729451812605, 0.8782729451811981, 0.878272945181144, 0.8782729451810979, 0.8782729451810577, 0.8782729451810237, 0.878272945180994, 0.8782729451809685, 0.8782729451809467, 0.8782729451809278, 0.878272945180912, 0.8782729451808982, 0.8782729451808858, 0.8782729451808757, 0.878272945180867, 0.8782729451808591, 0.8782729451808526, 0.878272945180847, 0.878272945180842, 0.8782729451808381, 0.8782729451808341, 0.8782729451808315, 0.8782729451808284, 0.878272945180826, 0.8782729451808243, 0.8782729451808229, 0.8782729451808211, 0.8782729451808199, 0.878272945180819, 0.8782729451808183, 0.8782729451808171, 0.8782729451808162, 0.8782729451808156, 0.8782729451808151, 0.8782729451808148, 0.8782729451808141, 0.8782729451808124, 0.8782729451808033, 0.87827294518075, 0.8782729451804422, 0.8782729451786437, 0.878272945168147, 0.8782729451068672, 0.8782729447491173, 0.8782729426605819, 0.8782729304677451, 0.878272859286161, 0.8782724437293107, 0.8782700177185282, 0.8782558548250873, 0.8781731761293332, 0.8776906372319683, 0.8748782790951414, 0.8586183675376803, 0.7688206975225227, 0.37698937041625424, -0.3769893704162627, -0.7688206975225249, -0.8586183675376804, -0.8748782790951412, -0.877690637231968, -0.8781731761293334, -0.8782558548250872, -0.8782700177185284, -0.8782724437293108, -0.878272859286161, -0.8782729304677449, -0.8782729426605819, -0.8782729447491179, -0.8782729451068674, -0.878272945168147, -0.8782729451786441, -0.8782729451804421, -0.87827294518075, -0.8782729451808032, -0.8782729451808126, -0.8782729451808141, -0.8782729451808149, -0.8782729451808158, -0.878272945180816, -0.8782729451808168, -0.8782729451808176, -0.878272945180818, -0.8782729451808189, -0.8782729451808204, -0.8782729451808213, -0.8782729451808228, -0.8782729451808247, -0.8782729451808264, -0.878272945180829, -0.8782729451808317, -0.8782729451808347, -0.8782729451808381, -0.8782729451808426, -0.8782729451808473, -0.8782729451808527, -0.8782729451808592, -0.878272945180867, -0.878272945180876, -0.8782729451808865, -0.8782729451808979, -0.8782729451809123, -0.8782729451809282, -0.8782729451809469, -0.8782729451809689, -0.8782729451809945, -0.8782729451810241, -0.878272945181058, -0.8782729451810982, -0.8782729451811445, -0.8782729451811981, -0.878272945181261, -0.8782729451813331, -0.8782729451814179, -0.8782729451815158, -0.87827294518163, -0.878272945181763, -0.878272945181917, -0.8782729451820964, -0.8782729451823053, -0.8782729451825477, -0.8782729451828291, -0.8782729451831561, -0.8782729451835367, -0.8782729451839788, -0.8782729451844926, -0.8782729451850896, -0.878272945185784, -0.8782729451865912, -0.8782729451875287, -0.8782729451886185, -0.8782729451898851, -0.8782729451913577, -0.8782729451930693, -0.8782729451950589, -0.8782729451973706, -0.8782729452000578, -0.8782729452031809, -0.8782729452068107, -0.8782729452110297, -0.8782729452159338, -0.8782729452216336, -0.8782729452282582, -0.8782729452359574, -0.8782729452449067, -0.8782729452553084, -0.8782729452673976, -0.8782729452814487, -0.87827294529778, -0.878272945316762, -0.8782729453388244, -0.8782729453644665, -0.8782729453942706, -0.8782729454289112, -0.8782729454691734, -0.8782729455159691, -0.8782729455703595, -0.8782729456335765, -0.8782729457070523, -0.8782729457924516, -0.8782729458917095, -0.8782729460070758, -0.8782729461411637, -0.8782729462970122, -0.8782729464781517, -0.8782729466886874, -0.8782729469333886, -0.8782729472178009, -0.8782729475483685, -0.8782729479325817, -0.8782729483791455, -0.8782729488981792, -0.8782729495014431, -0.8782729502026058, -0.8782729510175551, -0.8782729519647562, -0.878272953065672, -0.8782729543452467, -0.8782729558324742, -0.8782729575610534, -0.8782729595701507, -0.8782729619052897, -0.8782729646193815, -0.878272967773924, -0.8782729714403944, -0.8782729757018698, -0.8782729806549107, -0.8782729864117452, -0.8782729931028171, -0.8782730008797378, -0.878273009918723, -0.878273020424586, -0.8782730326353791, -0.8782730468277868, -0.8782730633233955, -0.8782730824959831, -0.878273104779987, -0.8782731306803498, -0.8782731607839627, -0.8782731957729657, -0.8782732364402078, -0.8782732837072152, -0.8782733386450802, -0.878273402498736, -0.8782734767151783, -0.8782735629762656, -0.8782736632368493, -0.878273779769095, -0.878273915214004, -0.8782740726413043, -0.8782742556190741, -0.8782744682946821, -0.8782747154888839, -0.878275002805222, -0.8782753367572204, -0.8782757249162761, -0.878276176083634, -0.8782767004903645, -0.8782773100299438, -0.8782780185287626, -0.878278842060792, -0.8782797993136597, -0.8782809120146059, -0.8782822054261932, -0.8782837089233249, -0.8782854566650552, -0.8782874883769919, -0.8782898502627885, -0.8782925960664175, -0.8782957883107114, -0.8782994997421395, -0.8783038150171477, 