c = [1.0, 0.9283910962816536, 0.9091840872323856, 0.9000722865086062, 0.8946157910729298, 0.8909640408105065, 0.8883589085487613, 0.8864209040068172, 0.8849356970615572, 0.8837720555468196, 0.8828447573941907, 0.8820958937593874, 0.8814846666096489, 0.880981471399568, 0.8805642926992023, 0.8802164178578584, 0.8799249361749305, 0.879679724262324, 0.8794727422741477, 0.8792975346034367, 0.8791488684540395, 0.8790224674666685, 0.8789148121943348, 0.8788229884460551, 0.8787445704749663, 0.8786775299156513, 0.878620164015678, 0.8785710385114345, 0.8785289417520253, 0.8784928475584531, 0.8784618849362859, 0.8784353132164483, 0.8784125015327804, 0.8783929117922645, 0.8783760844787734, 0.8783616267709529, 0.8783492025615196, 0.8783385240474024, 0.8783293446240051, 0.878321452866915, 0.8783146674239307, 0.878308832671777, 0.8783038150171478, 0.8782994997421393, 0.8782957883107116, 0.878292596066418, 0.8782898502627887, 0.8782874883769921, 0.8782854566650551, 0.8782837089233251, 0.8782822054261935, 0.8782809120146061, 0.8782797993136598, 0.8782788420607921, 0.8782780185287629, 0.8782773100299437, 0.8782767004903643, 0.8782761760836336, 0.8782757249162761, 0.8782753367572201, 0.8782750028052225, 0.8782747154888846, 0.8782744682946826, 0.8782742556190744, 0.8782740726413042, 0.8782739152140042, 0.8782737797690948, 0.8782736632368489, 0.8782735629762658, 0.8782734767151787, 0.8782734024987365, 0.8782733386450803, 0.8782732837072149, 0.878273236440207, 0.8782731957729655, 0.8782731607839627, 0.8782731306803494, 0.8782731047799868, 0.8782730824959831, 0.8782730633233957, 0.8782730468277863, 0.8782730326353788, 0.8782730204245857, 0.8782730099187226, 0.8782730008797376, 0.8782729931028171, 0.8782729864117451, 0.8782729806549104, 0.8782729757018696, 0.8782729714403936, 0.8782729677739234, 0.8782729646193816, 0.8782729619052898, 0.878272959570151, 0.8782729575610535, 0.8782729558324744, 0.8782729543452467, 0.8782729530656714, 0.878272951964756, 0.878272951017555, 0.8782729502026054, 0.8782729495014425, 0.878272948898179, 0.8782729483791454, 0.8782729479325817, 0.8782729475483685, 0.8782729472178011, 0.8782729469333889, 0.8782729466886869, 0.8782729464781514, 0.878272946297012, 0.8782729461411636, 0.8782729460070755, 0.8782729458917091, 0.8782729457924511, 0.8782729457070515, 0.878272945633576, 0.8782729455703592, 0.878272945515969, 0.8782729454691732, 0.8782729454289111, 0.8782729453942709, 0.8782729453644665, 0.8782729453388238, 0.8782729453167617, 0.8782729452977805, 0.878272945281449, 0.8782729452673974, 0.8782729452553082, 0.8782729452449066, 0.8782729452359578, 0.8782729452282582, 0.8782729452216335, 0.8782729452159339, 0.8782729452110303, 0.8782729452068108, 0.8782729452031811, 0.8782729452000578, 0.8782729451973705, 0.8782729451950586, 0.8782729451930696, 0.8782729451913582, 0.8782729451898855, 0.8782729451886189, 0.8782729451875291, 0.878272945186591, 0.8782729451857842, 0.8782729451850898, 0.8782729451844925, 0.8782729451839787, 0.8782729451835366, 0.8782729451831564, 0.8782729451828286, 0.8782729451825472, 0.8782729451823051, 0.8782729451820968, 0.8782729451819173, 0.8782729451817631, 0.8782729451816305, 0.8782729451815164, 0.8782729451814177, 0.8782729451813334, 0.8782729451812605, 0.878272945181198, 0.8782729451811437, 0.8782729451810979, 0.8782729451810577, 0.8782729451810237, 0.8782729451809939, 0.8782729451809685, 0.878272945180947, 0.8782729451809284, 0.8782729451809117, 0.878272945180898, 0.878272945180886, 0.8782729451808754, 0.8782729451808667, 0.8782729451808589, 0.8782729451808523, 0.8782729451808469, 0.8782729451808419, 0.8782729451808381, 0.8782729451808342, 0.878272945180831, 0.8782729451808288, 0.8782729451808268, 0.8782729451808244, 0.8782729451808228, 0.8782729451808216, 0.8782729451808202, 0.878272945180819, 0.8782729451808179, 0.8782729451808169, 0.8782729451808162, 0.878272945180816, 0.8782729451808152, 0.8782729451808148, 0.8782729451808147, 0.8782729451808139, 0.8782729451808123, 0.8782729451808028, 0.87827294518075, 0.8782729451804419, 0.8782729451786435, 0.8782729451681467, 0.8782729451068673, 0.8782729447491174, 0.8782729426605816, 0.8782729304677448, 0.878272859286161, 0.8782724437293106, 0.8782700177185282, 0.8782558548250877, 0.8781731761293338, 0.877690637231968, 0.8748782790951413, 0.8586183675376804, 0.7688206975225229, 0.37698937041625513, -0.3769893704162621, -0.7688206975225248, -0.8586183675376804, -0.8748782790951413, -0.8776906372319685, -0.8781731761293335, -0.8782558548250872, -0.8782700177185281, -0.8782724437293107, -0.8782728592861614, -0.8782729304677453, -0.8782729426605821, -0.8782729447491178, -0.8782729451068672, -0.8782729451681468, -0.8782729451786435, -0.878272945180442, -0.8782729451807497, -0.8782729451808027, -0.8782729451808126, -0.8782729451808141, -0.8782729451808147, -0.8782729451808154, -0.8782729451808153, -0.8782729451808159, -0.878272945180817, -0.8782729451808174, -0.878272945180818, -0.8782729451808192, -0.8782729451808201, -0.8782729451808216, -0.8782729451808231, -0.8782729451808248, -0.8782729451808264, -0.8782729451808291, -0.8782729451808317, -0.8782729451808345, -0.878272945180838, -0.8782729451808423, -0.8782729451808473, -0.8782729451808531, -0.8782729451808591, -0.8782729451808671, -0.8782729451808758, -0.8782729451808858, -0.8782729451808978, -0.8782729451809119, -0.8782729451809285, -0.8782729451809468, -0.8782729451809691, -0.8782729451809943, -0.8782729451810235, -0.8782729451810583, -0.8782729451810974, -0.8782729451811441, -0.8782729451811977, -0.8782729451812604, -0.8782729451813334, -0.8782729451814177, -0.878272945181516, -0.8782729451816305, -0.8782729451817634, -0.8782729451819175, -0.8782729451820965, -0.8782729451823053, -0.8782729451825474, -0.8782729451828288, -0.878272945183156, -0.8782729451835366, -0.8782729451839789, -0.8782729451844927, -0.8782729451850897, -0.8782729451857839, -0.8782729451865907, -0.8782729451875289, -0.8782729451886192, -0.8782729451898856, -0.8782729451913583, -0.8782729451930695, -0.8782729451950586, -0.8782729451973705, -0.8782729452000577, -0.878272945203181, -0.8782729452068111, -0.8782729452110298, -0.8782729452159338, -0.8782729452216339, -0.8782729452282583, -0.8782729452359577, -0.8782729452449066, -0.8782729452553085, -0.8782729452673976, -0.8782729452814486, -0.8782729452977803, -0.8782729453167621, -0.8782729453388245, -0.8782729453644667, -0.8782729453942709, -0.8782729454289115, -0.8782729454691738, -0.8782729455159697, -0.8782729455703595, -0.8782729456335762, -0.8782729457070516, -0.8782729457924514, -0.8782729458917095, -0.8782729460070757, -0.8782729461411636, -0.8782729462970117, -0.8782729464781512, -0.8782729466886867, -0.8782729469333882, -0.878272947217801, -0.8782729475483687, -0.8782729479325818, -0.8782729483791459, -0.8782729488981793, -0.878272949501443, -0.8782729502026055, -0.8782729510175548, -0.8782729519647561, -0.8782729530656714, -0.8782729543452465, -0.8782729558324742, -0.8782729575610535, -0.8782729595701508, -0.8782729619052896, -0.8782729646193816, -0.8782729677739238, -0.8782729714403943, -0.8782729757018698, -0.87827298065491, -0.8782729864117447, -0.8782729931028167, -0.8782730008797377, -0.8782730099187225, -0.8782730204245857, -0.8782730326353789, -0.8782730468277867, -0.8782730633233957, -0.8782730824959836, -0.8782731047799875, -0.8782731306803498, -0.8782731607839623, -0.8782731957729653, -0.8782732364402073, -0.878273283707215, -0.8782733386450801, -0.8782734024987361, -0.8782734767151782, -0.8782735629762656, -0.8782736632368493, -0.878273779769095, -0.8782739152140041, -0.8782740726413042, -0.8782742556190744, -0.8782744682946819, -0.8782747154888841, -0.8782750028052225, -0.8782753367572205, -0.8782757249162763, -0.8782761760836337, -0.8782767004903642, -0.8782773100299438, -0.8782780185287626, -0.878278842060792, -0.87827979931366, -0.8782809120146059, -0.8782822054261934, -0.8782837089233247, -0.8782854566650549, -0.8782874883769918, -0.8782898502627882, -0.8782925960664176, 