c = [1.0, 0.928391096281654, 0.9091840872323861, 0.9000722865086057, 0.8946157910729298, 0.8909640408105064, 0.8883589085487612, 0.8864209040068175, 0.8849356970615571, 0.8837720555468197, 0.8828447573941913, 0.8820958937593874, 0.8814846666096485, 0.8809814713995681, 0.8805642926992026, 0.8802164178578588, 0.8799249361749302, 0.8796797242623235, 0.8794727422741482, 0.8792975346034372, 0.8791488684540394, 0.8790224674666686, 0.8789148121943351, 0.8788229884460548, 0.8787445704749658, 0.8786775299156516, 0.8786201640156782, 0.8785710385114347, 0.8785289417520257, 0.878492847558453, 0.8784618849362856, 0.8784353132164482, 0.87841250153278, 0.8783929117922642, 0.8783760844787729, 0.8783616267709529, 0.8783492025615199, 0.8783385240474026, 0.8783293446240051, 0.8783214528669152, 0.8783146674239306, 0.8783088326717764, 0.8783038150171479, 0.8782994997421398, 0.8782957883107118, 0.8782925960664181, 0.8782898502627886, 0.878287488376992, 0.8782854566650554, 0.8782837089233254, 0.8782822054261934, 0.8782809120146058, 0.8782797993136601, 0.8782788420607921, 0.8782780185287627, 0.8782773100299436, 0.8782767004903643, 0.8782761760836337, 0.8782757249162768, 0.8782753367572206, 0.8782750028052226, 0.8782747154888844, 0.8782744682946821, 0.8782742556190742, 0.8782740726413043, 0.8782739152140039, 0.8782737797690956, 0.8782736632368496, 0.8782735629762658, 0.8782734767151785, 0.878273402498736, 0.8782733386450804, 0.8782732837072154, 0.8782732364402077, 0.8782731957729653, 0.8782731607839622, 0.8782731306803497, 0.8782731047799873, 0.8782730824959831, 0.8782730633233955, 0.8782730468277867, 0.8782730326353795, 0.8782730204245863, 0.8782730099187234, 0.8782730008797381, 0.8782729931028175, 0.8782729864117452, 0.87827298065491, 0.8782729757018696, 0.8782729714403945, 0.8782729677739242, 0.8782729646193823, 0.8782729619052903, 0.8782729595701508, 0.8782729575610534, 0.8782729558324743, 0.8782729543452465, 0.8782729530656719, 0.878272951964756, 0.8782729510175548, 0.8782729502026055, 0.8782729495014426, 0.8782729488981793, 0.8782729483791455, 0.8782729479325818, 0.8782729475483692, 0.878272947217801, 0.8782729469333884, 0.878272946688687, 0.8782729464781515, 0.8782729462970118, 0.8782729461411634, 0.8782729460070752, 0.8782729458917092, 0.8782729457924512, 0.8782729457070516, 0.8782729456335759, 0.8782729455703593, 0.8782729455159693, 0.8782729454691736, 0.8782729454289111, 0.8782729453942705, 0.8782729453644665, 0.8782729453388245, 0.8782729453167624, 0.8782729452977801, 0.8782729452814487, 0.8782729452673975, 0.8782729452553082, 0.8782729452449068, 0.8782729452359576, 0.8782729452282579, 0.8782729452216336, 0.8782729452159337, 0.8782729452110302, 0.8782729452068111, 0.8782729452031808, 0.8782729452000578, 0.8782729451973709, 0.8782729451950588, 0.8782729451930693, 0.8782729451913583, 0.8782729451898857, 0.8782729451886186, 0.8782729451875287, 0.8782729451865909, 0.878272945185784, 0.8782729451850899, 0.878272945184493, 0.8782729451839792, 0.8782729451835367, 0.8782729451831564, 0.8782729451828293, 0.878272945182548, 0.8782729451823055, 0.8782729451820972, 0.8782729451819176, 0.8782729451817634, 0.8782729451816303, 0.8782729451815164, 0.878272945181418, 0.8782729451813336, 0.8782729451812604, 0.878272945181198, 0.878272945181144, 0.878272945181098, 0.8782729451810578, 0.8782729451810234, 0.8782729451809942, 0.8782729451809689, 0.8782729451809465, 0.8782729451809282, 0.878272945180912, 0.878272945180898, 0.878272945180886, 0.8782729451808756, 0.8782729451808666, 0.8782729451808593, 0.8782729451808525, 0.8782729451808473, 0.8782729451808421, 0.8782729451808375, 0.8782729451808344, 0.8782729451808317, 0.8782729451808287, 0.8782729451808263, 0.8782729451808244, 0.8782729451808228, 0.8782729451808212, 0.8782729451808198, 0.8782729451808186, 0.8782729451808177, 0.8782729451808172, 0.8782729451808163, 0.8782729451808159, 0.8782729451808157, 0.8782729451808148, 0.8782729451808148, 0.878272945180814, 0.8782729451808136, 0.8782729451808118, 0.8782729451808025, 0.8782729451807496, 0.8782729451804416, 0.8782729451786433, 0.8782729451681462, 0.8782729451068667, 0.8782729447491173, 0.8782729426605816, 0.878272930467745, 0.8782728592861615, 0.8782724437293111, 0.878270017718528, 0.8782558548250876, 0.8781731761293338, 0.8776906372319684, 0.874878279095141, 0.85861836753768, 0.768820697522523, 0.37698937041625524, -0.37698937041626224, -0.768820697522525, -0.8586183675376804, -0.874878279095141, -0.8776906372319683, -0.8781731761293335, -0.8782558548250878, -0.8782700177185288, -0.8782724437293111, -0.8782728592861617, -0.8782729304677456, -0.878272942660582, -0.8782729447491175, -0.8782729451068672, -0.8782729451681466, -0.8782729451786434, -0.878272945180442, -0.8782729451807497, -0.8782729451808029, -0.8782729451808123, -0.8782729451808136, -0.878272945180814, -0.878272945180815, -0.8782729451808151, -0.8782729451808154, -0.8782729451808162, -0.8782729451808168, -0.8782729451808176, -0.8782729451808183, -0.8782729451808191, -0.87827294518082, -0.8782729451808218, -0.878272945180823, -0.8782729451808247, -0.8782729451808267, -0.878272945180829, -0.8782729451808315, -0.8782729451808348, -0.8782729451808379, -0.8782729451808423, -0.878272945180847, -0.8782729451808525, -0.8782729451808592, -0.8782729451808671, -0.878272945180876, -0.8782729451808859, -0.8782729451808983, -0.8782729451809121, -0.8782729451809281, -0.8782729451809471, -0.8782729451809684, -0.8782729451809941, -0.8782729451810233, -0.8782729451810576, -0.8782729451810978, -0.878272945181144, -0.8782729451811978, -0.8782729451812606, -0.8782729451813334, -0.878272945181418, -0.8782729451815159, -0.8782729451816303, -0.8782729451817629, -0.8782729451819172, -0.8782729451820963, -0.8782729451823053, -0.8782729451825477, -0.8782729451828291, -0.878272945183156, -0.8782729451835363, -0.8782729451839785, -0.8782729451844926, -0.8782729451850902, -0.8782729451857842, -0.878272945186591, -0.8782729451875289, -0.8782729451886188, -0.8782729451898856, -0.878272945191358, -0.8782729451930696, -0.8782729451950589, -0.8782729451973705, -0.8782729452000578, -0.8782729452031812, -0.8782729452068112, -0.87827294521103, -0.8782729452159338, -0.8782729452216337, -0.8782729452282583, -0.8782729452359574, -0.8782729452449066, -0.8782729452553082, -0.8782729452673976, -0.8782729452814485, -0.8782729452977805, -0.8782729453167624, -0.8782729453388248, -0.8782729453644673, -0.8782729453942709, -0.8782729454289114, -0.8782729454691734, -0.8782729455159697, -0.8782729455703595, -0.8782729456335763, -0.8782729457070518, -0.8782729457924511, -0.8782729458917093, -0.8782729460070756, -0.8782729461411636, -0.878272946297012, -0.8782729464781518, -0.8782729466886873, -0.8782729469333891, -0.8782729472178015, -0.8782729475483693, -0.8782729479325819, -0.8782729483791456, -0.8782729488981792, -0.8782729495014426, -0.8782729502026057, -0.8782729510175546, -0.8782729519647563, -0.8782729530656719, -0.8782729543452465, -0.8782729558324747, -0.8782729575610536, -0.878272959570151, -0.8782729619052903, -0.878272964619382, -0.878272967773924, -0.8782729714403944, -0.8782729757018702, -0.8782729806549104, -0.878272986411745, -0.8782729931028169, -0.8782730008797377, -0.8782730099187229, -0.8782730204245863, -0.8782730326353796, -0.8782730468277867, -0.8782730633233956, -0.8782730824959832, -0.8782731047799871, -0.8782731306803498, -0.8782731607839623, -0.8782731957729653, -0.8782732364402072, -0.8782732837072151, -0.8782733386450803, -0.8782734024987361, -0.8782734767151783, -0.8782735629762655, -0.8782736632368494, -0.878273779769095, -0.8782739152140042, -0.8782740726413046, -0.8782742556190744, -0.8782744682946819, -0.8782747154888839, -0.878275002805222, -0.8782753367572204, -0.8782757249162763, -0.8782761760836336, -0.8782767004903644, -0.8782773100299438, -0.8782780185287627, -0.8782788420607919, -0.8782797993136596, -0.8782809120146059, -0.8782822054261932, -0.8782837089233249, -0.8782854566650549, -0.8782874883769918, -0.8782898502627887, 