c = [1.0, 0.9283910962816537, 0.9091840872323858, 0.9000722865086058, 0.8946157910729298, 0.8909640408105068, 0.8883589085487613, 0.8864209040068175, 0.8849356970615577, 0.8837720555468195, 0.8828447573941912, 0.8820958937593874, 0.8814846666096487, 0.8809814713995684, 0.8805642926992021, 0.8802164178578583, 0.8799249361749304, 0.8796797242623237, 0.8794727422741478, 0.8792975346034373, 0.8791488684540398, 0.8790224674666685, 0.878914812194335, 0.8788229884460553, 0.878744570474966, 0.8786775299156518, 0.8786201640156787, 0.8785710385114345, 0.8785289417520258, 0.878492847558453, 0.8784618849362856, 0.8784353132164481, 0.8784125015327799, 0.8783929117922642, 0.8783760844787732, 0.8783616267709532, 0.87834920256152, 0.8783385240474028, 0.8783293446240045, 0.8783214528669143, 0.8783146674239306, 0.8783088326717768, 0.878303815017148, 0.8782994997421398, 0.8782957883107118, 0.8782925960664179, 0.8782898502627887, 0.8782874883769923, 0.8782854566650553, 0.878283708923325, 0.8782822054261935, 0.8782809120146058, 0.87827979931366, 0.8782788420607918, 0.8782780185287629, 0.8782773100299436, 0.8782767004903648, 0.8782761760836343, 0.8782757249162766, 0.8782753367572205, 0.8782750028052222, 0.8782747154888841, 0.878274468294682, 0.8782742556190741, 0.8782740726413046, 0.8782739152140046, 0.8782737797690954, 0.8782736632368494, 0.8782735629762652, 0.8782734767151781, 0.8782734024987364, 0.8782733386450807, 0.8782732837072149, 0.8782732364402072, 0.8782731957729655, 0.8782731607839629, 0.8782731306803496, 0.878273104779987, 0.8782730824959835, 0.8782730633233959, 0.8782730468277871, 0.8782730326353796, 0.8782730204245865, 0.8782730099187234, 0.8782730008797376, 0.8782729931028167, 0.8782729864117449, 0.8782729806549103, 0.87827297570187, 0.8782729714403946, 0.8782729677739245, 0.8782729646193818, 0.8782729619052899, 0.8782729595701507, 0.8782729575610535, 0.8782729558324748, 0.8782729543452467, 0.8782729530656714, 0.878272951964756, 0.8782729510175545, 0.8782729502026055, 0.8782729495014429, 0.8782729488981795, 0.8782729483791462, 0.8782729479325817, 0.8782729475483687, 0.8782729472178014, 0.8782729469333885, 0.878272946688687, 0.8782729464781514, 0.8782729462970117, 0.8782729461411636, 0.8782729460070756, 0.8782729458917093, 0.8782729457924511, 0.8782729457070516, 0.8782729456335759, 0.8782729455703596, 0.878272945515969, 0.8782729454691731, 0.8782729454289111, 0.878272945394271, 0.8782729453644672, 0.8782729453388243, 0.8782729453167623, 0.8782729452977803, 0.878272945281449, 0.8782729452673979, 0.8782729452553081, 0.8782729452449067, 0.8782729452359578, 0.8782729452282578, 0.8782729452216338, 0.878272945215934, 0.8782729452110299, 0.8782729452068111, 0.8782729452031812, 0.878272945200058, 0.8782729451973705, 0.8782729451950589, 0.8782729451930698, 0.8782729451913582, 0.8782729451898859, 0.8782729451886188, 0.8782729451875287, 0.8782729451865912, 0.8782729451857842, 0.8782729451850902, 0.8782729451844925, 0.8782729451839787, 0.8782729451835368, 0.8782729451831566, 0.8782729451828292, 0.8782729451825477, 0.8782729451823055, 0.8782729451820972, 0.8782729451819176, 0.8782729451817636, 0.8782729451816305, 0.8782729451815163, 0.8782729451814177, 0.8782729451813335, 0.8782729451812605, 0.8782729451811981, 0.878272945181144, 0.8782729451810977, 0.8782729451810581, 0.878272945181024, 0.8782729451809941, 0.878272945180969, 0.8782729451809471, 0.878272945180928, 0.878272945180912, 0.8782729451808979, 0.8782729451808858, 0.8782729451808758, 0.8782729451808668, 0.8782729451808596, 0.8782729451808525, 0.8782729451808469, 0.8782729451808424, 0.8782729451808385, 0.8782729451808348, 0.8782729451808314, 0.8782729451808289, 0.8782729451808265, 0.8782729451808244, 0.8782729451808226, 0.8782729451808209, 0.8782729451808198, 0.8782729451808189, 0.8782729451808179, 0.8782729451808172, 0.8782729451808169, 0.8782729451808159, 0.8782729451808157, 0.878272945180815, 0.8782729451808148, 0.8782729451808143, 0.8782729451808138, 0.8782729451808132, 0.8782729451808118, 0.8782729451808025, 0.8782729451807494, 0.8782729451804414, 0.8782729451786432, 0.8782729451681464, 0.8782729451068669, 0.8782729447491179, 0.8782729426605821, 0.878272930467745, 0.8782728592861614, 0.8782724437293113, 0.8782700177185284, 0.8782558548250874, 0.8781731761293334, 0.8776906372319685, 0.8748782790951409, 0.85861836753768, 0.7688206975225224, 0.3769893704162538, -0.3769893704162628, -0.768820697522525, -0.8586183675376804, -0.8748782790951415, -0.8776906372319684, -0.8781731761293338, -0.8782558548250877, -0.8782700177185284, -0.8782724437293107, -0.8782728592861608, -0.878272930467745, -0.8782729426605816, -0.8782729447491173, -0.8782729451068672, -0.8782729451681466, -0.8782729451786434, -0.8782729451804417, -0.8782729451807494, -0.8782729451808023, -0.878272945180812, -0.8782729451808136, -0.8782729451808139, -0.8782729451808144, -0.8782729451808147, -0.8782729451808152, -0.8782729451808158, -0.8782729451808162, -0.8782729451808167, -0.8782729451808178, -0.8782729451808182, -0.878272945180819, -0.8782729451808201, -0.8782729451808213, -0.8782729451808228, -0.8782729451808245, -0.8782729451808261, -0.8782729451808288, -0.8782729451808313, -0.8782729451808342, -0.878272945180838, -0.8782729451808423, -0.8782729451808473, -0.8782729451808527, -0.8782729451808596, -0.8782729451808672, -0.878272945180876, -0.8782729451808864, -0.8782729451808979, -0.8782729451809121, -0.8782729451809279, -0.8782729451809468, -0.8782729451809688, -0.878272945180994, -0.8782729451810235, -0.8782729451810581, -0.878272945181098, -0.8782729451811443, -0.8782729451811977, -0.8782729451812608, -0.8782729451813334, -0.8782729451814177, -0.8782729451815159, -0.8782729451816305, -0.8782729451817635, -0.8782729451819175, -0.8782729451820964, -0.8782729451823048, -0.8782729451825471, -0.8782729451828287, -0.8782729451831565, -0.8782729451835367, -0.8782729451839789, -0.8782729451844926, -0.8782729451850898, -0.8782729451857841, -0.878272945186591, -0.878272945187529, -0.878272945188619, -0.8782729451898853, -0.8782729451913582, -0.8782729451930699, -0.8782729451950588, -0.8782729451973706, -0.8782729452000575, -0.8782729452031811, -0.8782729452068111, -0.8782729452110298, -0.8782729452159337, -0.8782729452216333, -0.8782729452282583, -0.8782729452359574, -0.8782729452449068, -0.8782729452553084, -0.8782729452673979, -0.8782729452814491, -0.8782729452977802, -0.8782729453167621, -0.8782729453388242, -0.8782729453644672, -0.8782729453942709, -0.8782729454289115, -0.8782729454691734, -0.8782729455159691, -0.8782729455703594, -0.878272945633576, -0.8782729457070517, -0.8782729457924512, -0.8782729458917098, -0.878272946007076, -0.878272946141164, -0.8782729462970122, -0.8782729464781519, -0.8782729466886869, -0.8782729469333885, -0.8782729472178011, -0.8782729475483685, -0.8782729479325817, -0.8782729483791456, -0.8782729488981795, -0.878272949501443, -0.8782729502026055, -0.878272951017555, -0.8782729519647562, -0.878272953065672, -0.8782729543452471, -0.8782729558324748, -0.8782729575610534, -0.8782729595701508, -0.8782729619052903, -0.8782729646193819, -0.878272967773924, -0.8782729714403944, -0.8782729757018701, -0.8782729806549104, -0.8782729864117453, -0.8782729931028176, -0.8782730008797377, -0.8782730099187229, -0.8782730204245861, -0.8782730326353793, -0.8782730468277868, -0.8782730633233958, -0.8782730824959833, -0.8782731047799873, -0.8782731306803498, -0.8782731607839627, -0.8782731957729655, -0.8782732364402075, -0.8782732837072152, -0.8782733386450807, -0.8782734024987363, -0.8782734767151785, -0.878273562976266, -0.8782736632368495, -0.8782737797690952, -0.8782739152140041, -0.8782740726413041, -0.8782742556190742, -0.8782744682946823, -0.8782747154888839, -0.8782750028052224, -0.8782753367572204, -0.8782757249162764, -0.878276176083634, -0.8782767004903642, -0.8782773100299437, -0.8782780185287625, -0.878278842060792, -0.8782797993136597, -0.8782809120146058, -0.8782822054261936, -0.8782837089233252, -0.8782854566650556, 