c = [1.0, 0.9283910962816537, 0.9091840872323856, 0.900072286508606, 0.8946157910729295, 0.8909640408105067, 0.8883589085487618, 0.8864209040068173, 0.8849356970615573, 0.8837720555468194, 0.8828447573941912, 0.8820958937593877, 0.8814846666096481, 0.8809814713995678, 0.8805642926992024, 0.8802164178578586, 0.8799249361749301, 0.879679724262324, 0.8794727422741483, 0.8792975346034371, 0.8791488684540394, 0.8790224674666687, 0.8789148121943351, 0.8788229884460553, 0.8787445704749665, 0.8786775299156517, 0.8786201640156788, 0.8785710385114347, 0.8785289417520257, 0.8784928475584528, 0.8784618849362854, 0.8784353132164483, 0.8784125015327804, 0.8783929117922646, 0.8783760844787736, 0.8783616267709534, 0.8783492025615198, 0.8783385240474025, 0.8783293446240051, 0.8783214528669152, 0.8783146674239308, 0.878308832671777, 0.8783038150171482, 0.8782994997421396, 0.8782957883107118, 0.8782925960664181, 0.8782898502627887, 0.8782874883769919, 0.8782854566650555, 0.878283708923325, 0.8782822054261935, 0.8782809120146059, 0.8782797993136601, 0.8782788420607922, 0.8782780185287633, 0.8782773100299441, 0.8782767004903648, 0.8782761760836342, 0.8782757249162763, 0.8782753367572205, 0.8782750028052221, 0.8782747154888839, 0.8782744682946826, 0.8782742556190747, 0.8782740726413046, 0.8782739152140043, 0.8782737797690949, 0.878273663236849, 0.8782735629762658, 0.8782734767151786, 0.8782734024987361, 0.8782733386450801, 0.8782732837072151, 0.8782732364402076, 0.8782731957729651, 0.8782731607839624, 0.8782731306803498, 0.8782731047799873, 0.8782730824959836, 0.8782730633233962, 0.8782730468277871, 0.8782730326353796, 0.8782730204245861, 0.8782730099187226, 0.8782730008797375, 0.8782729931028171, 0.8782729864117452, 0.8782729806549108, 0.8782729757018702, 0.8782729714403944, 0.8782729677739242, 0.8782729646193819, 0.8782729619052899, 0.8782729595701511, 0.8782729575610534, 0.8782729558324742, 0.8782729543452465, 0.8782729530656714, 0.8782729519647563, 0.878272951017555, 0.8782729502026058, 0.8782729495014433, 0.8782729488981792, 0.8782729483791456, 0.8782729479325819, 0.8782729475483688, 0.8782729472178012, 0.8782729469333885, 0.8782729466886869, 0.8782729464781517, 0.878272946297012, 0.8782729461411637, 0.8782729460070756, 0.8782729458917095, 0.8782729457924512, 0.8782729457070519, 0.8782729456335762, 0.8782729455703593, 0.8782729455159692, 0.8782729454691739, 0.8782729454289119, 0.8782729453942709, 0.8782729453644673, 0.8782729453388245, 0.8782729453167624, 0.8782729452977807, 0.8782729452814488, 0.8782729452673976, 0.8782729452553084, 0.8782729452449066, 0.8782729452359579, 0.8782729452282582, 0.8782729452216337, 0.8782729452159341, 0.8782729452110303, 0.8782729452068114, 0.8782729452031809, 0.8782729452000578, 0.8782729451973708, 0.8782729451950587, 0.8782729451930696, 0.8782729451913582, 0.8782729451898857, 0.8782729451886189, 0.8782729451875291, 0.8782729451865915, 0.878272945185784, 0.8782729451850898, 0.8782729451844931, 0.878272945183979, 0.8782729451835367, 0.8782729451831567, 0.8782729451828292, 0.8782729451825478, 0.878272945182305, 0.878272945182097, 0.8782729451819173, 0.8782729451817632, 0.8782729451816301, 0.8782729451815162, 0.8782729451814179, 0.8782729451813334, 0.8782729451812603, 0.8782729451811978, 0.8782729451811445, 0.8782729451810981, 0.8782729451810579, 0.878272945181024, 0.8782729451809943, 0.8782729451809687, 0.8782729451809469, 0.878272945180928, 0.8782729451809118, 0.878272945180898, 0.878272945180886, 0.8782729451808763, 0.8782729451808668, 0.8782729451808592, 0.878272945180853, 0.8782729451808474, 0.8782729451808424, 0.8782729451808381, 0.8782729451808348, 0.8782729451808318, 0.8782729451808288, 0.8782729451808264, 0.8782729451808242, 0.8782729451808226, 0.8782729451808212, 0.87827294518082, 0.8782729451808188, 0.8782729451808182, 0.8782729451808172, 0.8782729451808168, 0.8782729451808159, 0.8782729451808156, 0.8782729451808149, 0.8782729451808142, 0.8782729451808141, 0.8782729451808139, 0.8782729451808133, 0.8782729451808127, 0.8782729451808111, 0.8782729451808021, 0.878272945180749, 0.8782729451804414, 0.8782729451786435, 0.8782729451681467, 0.8782729451068665, 0.8782729447491173, 0.878272942660582, 0.878272930467745, 0.8782728592861608, 0.8782724437293105, 0.8782700177185282, 0.8782558548250873, 0.8781731761293333, 0.8776906372319678, 0.8748782790951408, 0.8586183675376801, 0.7688206975225228, 0.376989370416254, -0.3769893704162626, -0.7688206975225255, -0.8586183675376806, -0.8748782790951415, -0.8776906372319684, -0.8781731761293333, -0.8782558548250872, -0.8782700177185282, -0.8782724437293106, -0.8782728592861608, -0.8782729304677452, -0.8782729426605818, -0.8782729447491174, -0.8782729451068673, -0.8782729451681464, -0.8782729451786432, -0.8782729451804419, -0.8782729451807496, -0.8782729451808025, -0.8782729451808117, -0.8782729451808134, -0.878272945180814, -0.8782729451808144, -0.8782729451808146, -0.8782729451808147, -0.8782729451808154, -0.8782729451808158, -0.8782729451808161, -0.8782729451808167, -0.8782729451808174, -0.8782729451808182, -0.8782729451808194, -0.8782729451808201, -0.8782729451808219, -0.878272945180823, -0.8782729451808244, -0.8782729451808264, -0.878272945180829, -0.8782729451808317, -0.8782729451808344, -0.8782729451808384, -0.8782729451808426, -0.8782729451808472, -0.8782729451808531, -0.8782729451808591, -0.878272945180867, -0.8782729451808755, -0.8782729451808856, -0.878272945180898, -0.8782729451809118, -0.8782729451809279, -0.878272945180947, -0.8782729451809691, -0.8782729451809944, -0.8782729451810235, -0.8782729451810583, -0.878272945181098, -0.8782729451811442, -0.8782729451811979, -0.8782729451812609, -0.8782729451813336, -0.8782729451814181, -0.8782729451815161, -0.8782729451816302, -0.878272945181763, -0.8782729451819175, -0.8782729451820973, -0.8782729451823054, -0.8782729451825477, -0.8782729451828293, -0.8782729451831561, -0.8782729451835365, -0.8782729451839787, -0.8782729451844928, -0.8782729451850904, -0.8782729451857842, -0.8782729451865914, -0.8782729451875294, -0.8782729451886192, -0.8782729451898857, -0.878272945191358, -0.8782729451930699, -0.8782729451950589, -0.8782729451973705, -0.8782729452000578, -0.878272945203181, -0.8782729452068112, -0.8782729452110299, -0.8782729452159339, -0.8782729452216337, -0.8782729452282585, -0.878272945235958, -0.8782729452449066, -0.878272945255308, -0.8782729452673973, -0.8782729452814488, -0.8782729452977802, -0.8782729453167623, -0.8782729453388243, -0.8782729453644667, -0.8782729453942705, -0.8782729454289113, -0.8782729454691733, -0.8782729455159693, -0.8782729455703598, -0.8782729456335767, -0.8782729457070524, -0.8782729457924519, -0.87827294589171, -0.8782729460070758, -0.8782729461411638, -0.878272946297012, -0.8782729464781516, -0.8782729466886872, -0.8782729469333888, -0.8782729472178014, -0.8782729475483693, -0.8782729479325818, -0.878272948379146, -0.8782729488981794, -0.8782729495014431, -0.8782729502026059, -0.878272951017555, -0.8782729519647561, -0.8782729530656718, -0.878272954345247, -0.8782729558324746, -0.8782729575610534, -0.8782729595701508, -0.8782729619052901, -0.8782729646193821, -0.8782729677739245, -0.878272971440395, -0.87827297570187, -0.8782729806549103, -0.8782729864117449, -0.8782729931028169, -0.8782730008797375, -0.8782730099187228, -0.8782730204245861, -0.8782730326353791, -0.8782730468277867, -0.8782730633233958, -0.8782730824959833, -0.8782731047799873, -0.8782731306803497, -0.8782731607839628, -0.8782731957729655, -0.8782732364402075, -0.8782732837072155, -0.8782733386450806, -0.8782734024987361, -0.8782734767151783, -0.8782735629762655, -0.8782736632368493, -0.8782737797690949, -0.8782739152140039, -0.8782740726413044, -0.8782742556190742, -0.8782744682946823, -0.878274715488884, -0.878275002805222, -0.8782753367572201, -0.878275724916276, -0.8782761760836336, -0.878276700490364, -0.8782773100299436, -0.8782780185287626, -0.878278842060792, -0.8782797993136601, -0.8782809120146059, -0.8782822054261935, 