c = [1.0, 0.928391096281654, 0.9091840872323855, 0.9000722865086059, 0.8946157910729301, 0.8909640408105066, 0.8883589085487614, 0.8864209040068173, 0.8849356970615574, 0.8837720555468197, 0.8828447573941909, 0.8820958937593874, 0.8814846666096486, 0.8809814713995682, 0.8805642926992021, 0.8802164178578589, 0.8799249361749306, 0.8796797242623237, 0.8794727422741478, 0.8792975346034374, 0.8791488684540395, 0.8790224674666688, 0.8789148121943354, 0.8788229884460553, 0.8787445704749666, 0.878677529915652, 0.8786201640156786, 0.8785710385114347, 0.8785289417520254, 0.878492847558453, 0.8784618849362859, 0.8784353132164485, 0.8784125015327804, 0.8783929117922646, 0.8783760844787731, 0.8783616267709528, 0.87834920256152, 0.8783385240474031, 0.8783293446240052, 0.8783214528669152, 0.8783146674239308, 0.8783088326717768, 0.8783038150171482, 0.87829949974214, 0.8782957883107118, 0.8782925960664179, 0.8782898502627888, 0.878287488376992, 0.8782854566650552, 0.8782837089233249, 0.8782822054261934, 0.8782809120146057, 0.8782797993136603, 0.8782788420607924, 0.8782780185287631, 0.878277310029944, 0.8782767004903643, 0.8782761760836341, 0.8782757249162764, 0.8782753367572201, 0.8782750028052227, 0.8782747154888847, 0.8782744682946827, 0.8782742556190745, 0.8782740726413044, 0.8782739152140042, 0.8782737797690954, 0.8782736632368495, 0.8782735629762654, 0.8782734767151782, 0.8782734024987361, 0.8782733386450806, 0.878273283707215, 0.8782732364402072, 0.8782731957729653, 0.8782731607839628, 0.8782731306803503, 0.8782731047799877, 0.878273082495984, 0.8782730633233962, 0.8782730468277867, 0.878273032635379, 0.878273020424586, 0.878273009918723, 0.8782730008797378, 0.8782729931028175, 0.8782729864117454, 0.8782729806549104, 0.8782729757018701, 0.8782729714403942, 0.878272967773924, 0.8782729646193822, 0.8782729619052899, 0.8782729595701506, 0.8782729575610533, 0.8782729558324742, 0.8782729543452467, 0.8782729530656717, 0.8782729519647562, 0.8782729510175551, 0.8782729502026055, 0.8782729495014427, 0.8782729488981795, 0.8782729483791457, 0.8782729479325816, 0.8782729475483685, 0.8782729472178009, 0.8782729469333886, 0.878272946688687, 0.8782729464781515, 0.8782729462970118, 0.8782729461411638, 0.8782729460070757, 0.8782729458917099, 0.8782729457924512, 0.8782729457070517, 0.8782729456335762, 0.87827294557036, 0.8782729455159699, 0.8782729454691734, 0.8782729454289114, 0.8782729453942707, 0.878272945364467, 0.8782729453388246, 0.8782729453167621, 0.8782729452977802, 0.878272945281449, 0.8782729452673973, 0.8782729452553081, 0.8782729452449067, 0.8782729452359576, 0.8782729452282578, 0.8782729452216335, 0.8782729452159341, 0.8782729452110298, 0.8782729452068111, 0.8782729452031809, 0.8782729452000577, 0.8782729451973708, 0.8782729451950587, 0.8782729451930696, 0.8782729451913582, 0.878272945189886, 0.8782729451886192, 0.8782729451875289, 0.8782729451865912, 0.8782729451857845, 0.8782729451850902, 0.8782729451844928, 0.8782729451839792, 0.8782729451835369, 0.8782729451831569, 0.8782729451828291, 0.8782729451825477, 0.8782729451823053, 0.878272945182097, 0.8782729451819173, 0.8782729451817634, 0.8782729451816305, 0.8782729451815162, 0.8782729451814179, 0.8782729451813331, 0.8782729451812609, 0.8782729451811983, 0.878272945181144, 0.8782729451810979, 0.878272945181058, 0.8782729451810235, 0.8782729451809942, 0.8782729451809687, 0.8782729451809468, 0.8782729451809284, 0.8782729451809118, 0.8782729451808985, 0.8782729451808859, 0.8782729451808755, 0.8782729451808668, 0.8782729451808595, 0.8782729451808529, 0.878272945180847, 0.8782729451808425, 0.8782729451808385, 0.8782729451808345, 0.8782729451808313, 0.8782729451808284, 0.8782729451808263, 0.8782729451808245, 0.8782729451808229, 0.8782729451808213, 0.8782729451808204, 0.8782729451808191, 0.8782729451808184, 0.8782729451808173, 0.8782729451808168, 0.878272945180816, 0.8782729451808154, 0.8782729451808149, 0.8782729451808147, 0.8782729451808142, 0.878272945180814, 0.8782729451808138, 0.8782729451808136, 0.878272945180813, 0.8782729451808116, 0.8782729451808028, 0.8782729451807497, 0.8782729451804413, 0.8782729451786435, 0.8782729451681469, 0.8782729451068672, 0.8782729447491174, 0.8782729426605816, 0.8782729304677451, 0.8782728592861611, 0.8782724437293107, 0.8782700177185279, 0.8782558548250874, 0.8781731761293338, 0.8776906372319682, 0.874878279095141, 0.8586183675376797, 0.7688206975225225, 0.37698937041625424, -0.3769893704162624, -0.768820697522525, -0.8586183675376803, -0.874878279095141, -0.8776906372319683, -0.8781731761293332, -0.8782558548250872, -0.8782700177185285, -0.8782724437293108, -0.8782728592861613, -0.8782729304677453, -0.8782729426605816, -0.8782729447491173, -0.8782729451068672, -0.8782729451681466, -0.8782729451786433, -0.8782729451804415, -0.8782729451807495, -0.8782729451808026, -0.8782729451808117, -0.8782729451808131, -0.8782729451808136, -0.8782729451808141, -0.8782729451808144, -0.8782729451808144, -0.8782729451808148, -0.8782729451808151, -0.8782729451808157, -0.8782729451808164, -0.8782729451808166, -0.8782729451808176, -0.8782729451808182, -0.8782729451808189, -0.8782729451808201, -0.8782729451808214, -0.878272945180823, -0.8782729451808244, -0.8782729451808267, -0.8782729451808291, -0.8782729451808314, -0.8782729451808348, -0.8782729451808379, -0.8782729451808423, -0.8782729451808469, -0.8782729451808525, -0.8782729451808593, -0.8782729451808666, -0.8782729451808756, -0.8782729451808862, -0.8782729451808984, -0.8782729451809123, -0.8782729451809279, -0.8782729451809471, -0.8782729451809689, -0.8782729451809942, -0.8782729451810235, -0.8782729451810581, -0.878272945181098, -0.8782729451811443, -0.8782729451811977, -0.8782729451812602, -0.8782729451813331, -0.8782729451814179, -0.8782729451815166, -0.8782729451816306, -0.8782729451817634, -0.8782729451819175, -0.8782729451820966, -0.8782729451823049, -0.8782729451825474, -0.8782729451828291, -0.8782729451831566, -0.8782729451835365, -0.878272945183979, -0.8782729451844932, -0.8782729451850901, -0.8782729451857841, -0.878272945186591, -0.8782729451875293, -0.8782729451886191, -0.8782729451898855, -0.8782729451913581, -0.8782729451930696, -0.8782729451950588, -0.8782729451973704, -0.8782729452000578, -0.8782729452031811, -0.8782729452068112, -0.8782729452110303, -0.8782729452159337, -0.8782729452216335, -0.8782729452282576, -0.8782729452359578, -0.8782729452449066, -0.8782729452553081, -0.8782729452673972, -0.8782729452814485, -0.87827294529778, -0.8782729453167619, -0.8782729453388242, -0.8782729453644669, -0.8782729453942709, -0.8782729454289115, -0.8782729454691739, -0.8782729455159696, -0.8782729455703598, -0.8782729456335763, -0.8782729457070519, -0.8782729457924513, -0.8782729458917092, -0.8782729460070757, -0.8782729461411636, -0.8782729462970121, -0.8782729464781519, -0.878272946688687, -0.878272946933389, -0.8782729472178015, -0.878272947548369, -0.8782729479325821, -0.878272948379146, -0.8782729488981793, -0.8782729495014431, -0.8782729502026061, -0.8782729510175551, -0.8782729519647562, -0.8782729530656719, -0.878272954345247, -0.8782729558324747, -0.8782729575610537, -0.8782729595701514, -0.8782729619052901, -0.8782729646193819, -0.878272967773924, -0.8782729714403942, -0.8782729757018698, -0.8782729806549101, -0.878272986411745, -0.8782729931028169, -0.8782730008797377, -0.878273009918723, -0.8782730204245863, -0.8782730326353795, -0.8782730468277866, -0.878273063323396, -0.8782730824959833, -0.8782731047799873, -0.8782731306803502, -0.8782731607839628, -0.8782731957729653, -0.8782732364402074, -0.8782732837072151, -0.8782733386450805, -0.8782734024987364, -0.8782734767151783, -0.8782735629762657, -0.8782736632368493, -0.8782737797690954, -0.8782739152140042, -0.8782740726413043, -0.8782742556190742, -0.8782744682946819, -0.8782747154888839, -0.8782750028052221, -0.8782753367572201, -0.8782757249162764, -0.878276176083634, -0.8782767004903645, -0.8782773100299439, -0.8782780185287631, -0.8782788420607922, -0.8782797993136603, 