c = [1.0, 0.9283910962816541, 0.9091840872323861, 0.9000722865086058, 0.8946157910729298, 0.8909640408105065, 0.8883589085487616, 0.8864209040068176, 0.8849356970615571, 0.8837720555468194, 0.8828447573941911, 0.8820958937593875, 0.8814846666096483, 0.8809814713995685, 0.8805642926992027, 0.8802164178578585, 0.8799249361749302, 0.879679724262324, 0.8794727422741482, 0.8792975346034373, 0.8791488684540397, 0.8790224674666686, 0.8789148121943353, 0.8788229884460553, 0.8787445704749662, 0.8786775299156516, 0.8786201640156783, 0.8785710385114345, 0.8785289417520257, 0.8784928475584531, 0.8784618849362856, 0.8784353132164485, 0.87841250153278, 0.8783929117922641, 0.8783760844787734, 0.8783616267709533, 0.8783492025615202, 0.8783385240474029, 0.8783293446240051, 0.878321452866915, 0.8783146674239309, 0.8783088326717771, 0.878303815017148, 0.8782994997421396, 0.878295788310712, 0.8782925960664179, 0.8782898502627886, 0.878287488376992, 0.8782854566650552, 0.8782837089233249, 0.8782822054261936, 0.8782809120146061, 0.8782797993136603, 0.8782788420607922, 0.8782780185287627, 0.8782773100299439, 0.8782767004903643, 0.8782761760836337, 0.8782757249162767, 0.8782753367572208, 0.8782750028052226, 0.8782747154888843, 0.8782744682946821, 0.8782742556190741, 0.8782740726413047, 0.8782739152140046, 0.878273779769095, 0.878273663236849, 0.8782735629762656, 0.8782734767151786, 0.878273402498736, 0.8782733386450802, 0.8782732837072151, 0.8782732364402074, 0.8782731957729656, 0.8782731607839627, 0.8782731306803501, 0.8782731047799874, 0.8782730824959833, 0.8782730633233955, 0.8782730468277865, 0.8782730326353793, 0.8782730204245863, 0.8782730099187233, 0.878273000879738, 0.878272993102817, 0.8782729864117453, 0.8782729806549103, 0.8782729757018699, 0.8782729714403944, 0.8782729677739238, 0.8782729646193816, 0.8782729619052897, 0.8782729595701505, 0.8782729575610535, 0.8782729558324742, 0.8782729543452467, 0.8782729530656719, 0.878272951964756, 0.8782729510175545, 0.8782729502026058, 0.8782729495014426, 0.878272948898179, 0.8782729483791453, 0.8782729479325814, 0.8782729475483685, 0.878272947217801, 0.8782729469333885, 0.8782729466886868, 0.8782729464781515, 0.8782729462970119, 0.8782729461411638, 0.8782729460070756, 0.8782729458917093, 0.8782729457924512, 0.8782729457070522, 0.8782729456335765, 0.8782729455703595, 0.8782729455159696, 0.8782729454691734, 0.8782729454289115, 0.8782729453942713, 0.8782729453644671, 0.8782729453388246, 0.8782729453167625, 0.87827294529778, 0.878272945281449, 0.8782729452673976, 0.8782729452553081, 0.8782729452449067, 0.8782729452359578, 0.8782729452282583, 0.8782729452216335, 0.8782729452159341, 0.8782729452110302, 0.878272945206811, 0.878272945203181, 0.8782729452000577, 0.8782729451973705, 0.8782729451950588, 0.8782729451930696, 0.8782729451913586, 0.8782729451898855, 0.8782729451886188, 0.8782729451875291, 0.8782729451865913, 0.8782729451857844, 0.8782729451850904, 0.8782729451844928, 0.8782729451839794, 0.8782729451835368, 0.8782729451831568, 0.8782729451828292, 0.8782729451825476, 0.8782729451823051, 0.878272945182097, 0.8782729451819175, 0.8782729451817634, 0.8782729451816302, 0.878272945181516, 0.8782729451814183, 0.8782729451813337, 0.8782729451812604, 0.8782729451811983, 0.8782729451811444, 0.8782729451810977, 0.8782729451810579, 0.8782729451810235, 0.878272945180994, 0.8782729451809688, 0.8782729451809468, 0.8782729451809286, 0.8782729451809119, 0.8782729451808977, 0.8782729451808863, 0.8782729451808761, 0.8782729451808671, 0.8782729451808592, 0.8782729451808529, 0.8782729451808475, 0.8782729451808421, 0.878272945180838, 0.8782729451808341, 0.8782729451808311, 0.8782729451808288, 0.8782729451808264, 0.8782729451808245, 0.8782729451808231, 0.8782729451808214, 0.8782729451808204, 0.8782729451808191, 0.8782729451808182, 0.8782729451808173, 0.8782729451808164, 0.8782729451808159, 0.8782729451808154, 0.8782729451808149, 0.8782729451808143, 0.8782729451808141, 0.878272945180814, 0.8782729451808134, 0.8782729451808136, 0.8782729451808136, 0.8782729451808131, 0.8782729451808111, 0.8782729451808025, 0.8782729451807497, 0.8782729451804414, 0.8782729451786431, 0.8782729451681462, 0.8782729451068667, 0.8782729447491172, 0.8782729426605816, 0.8782729304677447, 0.8782728592861611, 0.8782724437293109, 0.8782700177185283, 0.8782558548250874, 0.8781731761293331, 0.8776906372319679, 0.8748782790951408, 0.8586183675376796, 0.7688206975225224, 0.3769893704162541, -0.3769893704162628, -0.7688206975225251, -0.8586183675376803, -0.874878279095141, -0.8776906372319686, -0.8781731761293334, -0.8782558548250873, -0.8782700177185285, -0.8782724437293107, -0.8782728592861612, -0.8782729304677455, -0.878272942660582, -0.8782729447491173, -0.878272945106867, -0.8782729451681468, -0.8782729451786437, -0.8782729451804417, -0.8782729451807496, -0.8782729451808021, -0.8782729451808117, -0.8782729451808133, -0.8782729451808136, -0.8782729451808136, -0.878272945180814, -0.8782729451808142, -0.8782729451808146, -0.8782729451808147, -0.8782729451808152, -0.8782729451808157, -0.8782729451808159, -0.8782729451808164, -0.8782729451808176, -0.8782729451808183, -0.8782729451808191, -0.8782729451808204, -0.8782729451808218, -0.878272945180823, -0.8782729451808248, -0.8782729451808265, -0.878272945180829, -0.8782729451808312, -0.8782729451808343, -0.8782729451808381, -0.8782729451808421, -0.8782729451808469, -0.8782729451808527, -0.8782729451808594, -0.878272945180867, -0.8782729451808755, -0.8782729451808862, -0.8782729451808982, -0.8782729451809119, -0.878272945180928, -0.8782729451809471, -0.878272945180969, -0.8782729451809943, -0.8782729451810236, -0.8782729451810577, -0.8782729451810976, -0.8782729451811442, -0.8782729451811984, -0.8782729451812606, -0.8782729451813336, -0.8782729451814181, -0.8782729451815161, -0.8782729451816302, -0.8782729451817631, -0.8782729451819176, -0.8782729451820971, -0.8782729451823049, -0.8782729451825475, -0.8782729451828295, -0.8782729451831566, -0.8782729451835367, -0.8782729451839788, -0.8782729451844932, -0.8782729451850904, -0.8782729451857842, -0.8782729451865912, -0.8782729451875291, -0.8782729451886192, -0.8782729451898859, -0.8782729451913585, -0.8782729451930701, -0.8782729451950592, -0.878272945197371, -0.8782729452000577, -0.8782729452031812, -0.8782729452068109, -0.8782729452110304, -0.878272945215934, -0.8782729452216337, -0.8782729452282579, -0.8782729452359574, -0.8782729452449066, -0.878272945255308, -0.8782729452673974, -0.878272945281449, -0.8782729452977804, -0.8782729453167624, -0.8782729453388246, -0.8782729453644672, -0.8782729453942711, -0.8782729454289114, -0.8782729454691736, -0.8782729455159695, -0.8782729455703595, -0.8782729456335763, -0.8782729457070517, -0.8782729457924515, -0.8782729458917098, -0.8782729460070758, -0.8782729461411638, -0.878272946297012, -0.8782729464781519, -0.8782729466886874, -0.878272946933389, -0.8782729472178012, -0.8782729475483688, -0.878272947932582, -0.8782729483791457, -0.8782729488981792, -0.878272949501443, -0.8782729502026058, -0.878272951017555, -0.8782729519647565, -0.8782729530656723, -0.8782729543452469, -0.8782729558324746, -0.8782729575610534, -0.8782729595701508, -0.8782729619052899, -0.8782729646193818, -0.8782729677739239, -0.8782729714403943, -0.8782729757018701, -0.8782729806549104, -0.8782729864117453, -0.8782729931028173, -0.8782730008797377, -0.8782730099187233, -0.8782730204245862, -0.8782730326353795, -0.8782730468277872, -0.878273063323396, -0.8782730824959835, -0.8782731047799872, -0.8782731306803497, -0.8782731607839627, -0.8782731957729656, -0.8782732364402072, -0.8782732837072155, -0.8782733386450803, -0.8782734024987364, -0.8782734767151784, -0.8782735629762655, -0.8782736632368491, -0.8782737797690949, -0.878273915214004, -0.8782740726413042, -0.8782742556190742, -0.8782744682946823, -0.878274715488884, -0.8782750028052223, -0.8782753367572205, -0.8782757249162767, -0.878276176083634, -0.8782767004903647, -0.8782773100299439, -0.8782780185287627, 