c = [1.0, 0.928391096281654, 0.9091840872323859, 0.9000722865086057, 0.8946157910729301, 0.8909640408105068, 0.8883589085487612, 0.8864209040068172, 0.8849356970615574, 0.8837720555468196, 0.8828447573941908, 0.8820958937593877, 0.8814846666096487, 0.8809814713995681, 0.8805642926992021, 0.8802164178578589, 0.8799249361749304, 0.8796797242623241, 0.8794727422741484, 0.8792975346034373, 0.8791488684540397, 0.8790224674666687, 0.878914812194335, 0.8788229884460551, 0.8787445704749659, 0.8786775299156515, 0.8786201640156786, 0.8785710385114348, 0.8785289417520258, 0.8784928475584532, 0.8784618849362853, 0.8784353132164479, 0.8784125015327803, 0.8783929117922646, 0.8783760844787736, 0.8783616267709532, 0.87834920256152, 0.8783385240474028, 0.8783293446240051, 0.8783214528669152, 0.8783146674239307, 0.8783088326717767, 0.8783038150171483, 0.8782994997421395, 0.8782957883107115, 0.8782925960664175, 0.8782898502627885, 0.8782874883769919, 0.8782854566650556, 0.8782837089233255, 0.8782822054261937, 0.878280912014606, 0.8782797993136601, 0.8782788420607921, 0.8782780185287627, 0.8782773100299436, 0.8782767004903647, 0.8782761760836344, 0.8782757249162765, 0.8782753367572204, 0.8782750028052221, 0.878274715488884, 0.8782744682946824, 0.8782742556190745, 0.8782740726413042, 0.8782739152140039, 0.8782737797690952, 0.8782736632368495, 0.8782735629762655, 0.8782734767151782, 0.8782734024987363, 0.8782733386450805, 0.8782732837072157, 0.878273236440208, 0.8782731957729659, 0.878273160783963, 0.87827313068035, 0.8782731047799868, 0.8782730824959832, 0.8782730633233957, 0.878273046827787, 0.8782730326353798, 0.8782730204245867, 0.878273009918723, 0.8782730008797377, 0.8782729931028169, 0.8782729864117452, 0.8782729806549107, 0.8782729757018699, 0.878272971440394, 0.8782729677739238, 0.8782729646193816, 0.8782729619052899, 0.8782729595701507, 0.8782729575610534, 0.8782729558324749, 0.8782729543452468, 0.8782729530656717, 0.8782729519647563, 0.8782729510175549, 0.8782729502026057, 0.8782729495014426, 0.8782729488981791, 0.8782729483791456, 0.8782729479325819, 0.8782729475483687, 0.878272947217801, 0.8782729469333886, 0.8782729466886872, 0.8782729464781518, 0.8782729462970117, 0.8782729461411635, 0.8782729460070756, 0.8782729458917099, 0.8782729457924519, 0.8782729457070519, 0.8782729456335765, 0.8782729455703596, 0.8782729455159699, 0.8782729454691739, 0.8782729454289113, 0.8782729453942709, 0.8782729453644672, 0.8782729453388242, 0.8782729453167624, 0.8782729452977804, 0.8782729452814487, 0.8782729452673975, 0.8782729452553081, 0.8782729452449068, 0.8782729452359574, 0.878272945228258, 0.8782729452216336, 0.8782729452159337, 0.87827294521103, 0.8782729452068108, 0.8782729452031807, 0.8782729452000576, 0.8782729451973708, 0.8782729451950589, 0.8782729451930693, 0.8782729451913579, 0.8782729451898859, 0.878272945188619, 0.878272945187529, 0.8782729451865914, 0.8782729451857846, 0.8782729451850906, 0.8782729451844928, 0.8782729451839792, 0.8782729451835368, 0.8782729451831567, 0.8782729451828288, 0.8782729451825478, 0.8782729451823054, 0.8782729451820971, 0.8782729451819175, 0.8782729451817631, 0.8782729451816308, 0.8782729451815166, 0.8782729451814179, 0.8782729451813335, 0.8782729451812606, 0.878272945181198, 0.8782729451811443, 0.8782729451810977, 0.8782729451810578, 0.8782729451810237, 0.878272945180994, 0.8782729451809691, 0.8782729451809468, 0.8782729451809279, 0.8782729451809121, 0.8782729451808986, 0.8782729451808864, 0.8782729451808757, 0.8782729451808673, 0.8782729451808597, 0.8782729451808527, 0.878272945180847, 0.878272945180842, 0.8782729451808378, 0.8782729451808344, 0.8782729451808313, 0.8782729451808288, 0.8782729451808268, 0.8782729451808247, 0.8782729451808232, 0.8782729451808214, 0.8782729451808203, 0.8782729451808191, 0.8782729451808181, 0.8782729451808173, 0.8782729451808168, 0.8782729451808159, 0.8782729451808152, 0.878272945180815, 0.8782729451808148, 0.8782729451808143, 0.8782729451808143, 0.8782729451808143, 0.8782729451808142, 0.8782729451808133, 0.8782729451808136, 0.8782729451808132, 0.8782729451808114, 0.878272945180802, 0.8782729451807492, 0.8782729451804413, 0.8782729451786431, 0.8782729451681462, 0.8782729451068664, 0.8782729447491172, 0.8782729426605819, 0.8782729304677451, 0.8782728592861611, 0.8782724437293103, 0.8782700177185278, 0.878255854825087, 0.8781731761293331, 0.877690637231968, 0.874878279095141, 0.85861836753768, 0.768820697522522, 0.3769893704162521, -0.37698937041626446, -0.7688206975225259, -0.8586183675376805, -0.874878279095141, -0.8776906372319685, -0.8781731761293332, -0.8782558548250872, -0.8782700177185284, -0.8782724437293108, -0.878272859286161, -0.8782729304677449, -0.8782729426605818, -0.8782729447491172, -0.8782729451068668, -0.8782729451681464, -0.8782729451786428, -0.8782729451804414, -0.8782729451807495, -0.878272945180802, -0.8782729451808112, -0.878272945180813, -0.8782729451808133, -0.8782729451808138, -0.8782729451808133, -0.8782729451808142, -0.8782729451808142, -0.8782729451808143, -0.8782729451808147, -0.8782729451808154, -0.8782729451808159, -0.8782729451808161, -0.8782729451808171, -0.8782729451808177, -0.8782729451808183, -0.8782729451808193, -0.87827294518082, -0.8782729451808214, -0.8782729451808226, -0.8782729451808242, -0.8782729451808265, -0.8782729451808287, -0.8782729451808313, -0.8782729451808347, -0.8782729451808383, -0.8782729451808424, -0.8782729451808469, -0.8782729451808529, -0.8782729451808594, -0.8782729451808668, -0.8782729451808756, -0.8782729451808862, -0.8782729451808984, -0.878272945180912, -0.8782729451809279, -0.8782729451809466, -0.8782729451809685, -0.878272945180994, -0.878272945181024, -0.8782729451810581, -0.878272945181098, -0.8782729451811444, -0.878272945181198, -0.8782729451812603, -0.8782729451813333, -0.8782729451814179, -0.8782729451815162, -0.8782729451816301, -0.8782729451817632, -0.8782729451819178, -0.8782729451820971, -0.8782729451823053, -0.8782729451825475, -0.8782729451828294, -0.8782729451831565, -0.8782729451835366, -0.8782729451839786, -0.8782729451844926, -0.87827294518509, -0.8782729451857839, -0.878272945186591, -0.878272945187529, -0.8782729451886192, -0.878272945189886, -0.8782729451913579, -0.8782729451930694, -0.8782729451950585, -0.8782729451973709, -0.8782729452000577, -0.878272945203181, -0.8782729452068109, -0.8782729452110299, -0.8782729452159337, -0.8782729452216335, -0.8782729452282579, -0.8782729452359578, -0.8782729452449072, -0.8782729452553084, -0.8782729452673979, -0.8782729452814491, -0.8782729452977807, -0.8782729453167624, -0.8782729453388244, -0.878272945364467, -0.8782729453942709, -0.8782729454289115, -0.8782729454691734, -0.8782729455159696, -0.8782729455703598, -0.878272945633576, -0.8782729457070519, -0.8782729457924513, -0.8782729458917097, -0.878272946007076, -0.8782729461411637, -0.8782729462970118, -0.8782729464781515, -0.8782729466886874, -0.8782729469333888, -0.878272947217801, -0.8782729475483688, -0.8782729479325819, -0.878272948379146, -0.8782729488981798, -0.8782729495014434, -0.8782729502026058, -0.8782729510175549, -0.8782729519647562, -0.8782729530656718, -0.8782729543452468, -0.8782729558324743, -0.8782729575610534, -0.8782729595701507, -0.8782729619052899, -0.8782729646193819, -0.878272967773924, -0.8782729714403945, -0.87827297570187, -0.8782729806549106, -0.8782729864117451, -0.8782729931028174, -0.8782730008797379, -0.8782730099187233, -0.8782730204245863, -0.8782730326353794, -0.8782730468277867, -0.8782730633233958, -0.8782730824959835, -0.878273104779987, -0.8782731306803501, -0.8782731607839626, -0.8782731957729655, -0.8782732364402073, -0.8782732837072149, -0.8782733386450803, -0.878273402498736, -0.8782734767151782, -0.8782735629762652, -0.8782736632368492, -0.8782737797690954, -0.8782739152140042, -0.8782740726413046, -0.8782742556190745, -0.8782744682946826, -0.8782747154888843, -0.8782750028052226, -0.8782753367572206, -0.8782757249162765, -0.8782761760836341, -0.8782767004903648, 