c = [1.0, 0.9283910962816537, 0.909184087232386, 0.900072286508606, 0.8946157910729295, 0.8909640408105063, 0.8883589085487615, 0.8864209040068174, 0.8849356970615571, 0.8837720555468198, 0.8828447573941913, 0.8820958937593876, 0.8814846666096483, 0.8809814713995682, 0.8805642926992022, 0.8802164178578589, 0.8799249361749306, 0.8796797242623239, 0.8794727422741484, 0.8792975346034373, 0.8791488684540395, 0.8790224674666685, 0.8789148121943349, 0.8788229884460551, 0.8787445704749663, 0.8786775299156518, 0.8786201640156787, 0.8785710385114349, 0.8785289417520256, 0.8784928475584528, 0.8784618849362859, 0.8784353132164485, 0.8784125015327805, 0.8783929117922645, 0.8783760844787735, 0.8783616267709532, 0.8783492025615202, 0.8783385240474031, 0.878329344624005, 0.878321452866915, 0.8783146674239312, 0.8783088326717768, 0.878303815017148, 0.8782994997421396, 0.8782957883107118, 0.8782925960664177, 0.878289850262789, 0.8782874883769924, 0.8782854566650555, 0.8782837089233252, 0.8782822054261933, 0.878280912014606, 0.87827979931366, 0.8782788420607921, 0.8782780185287633, 0.8782773100299444, 0.8782767004903647, 0.8782761760836342, 0.8782757249162764, 0.8782753367572201, 0.8782750028052225, 0.8782747154888844, 0.878274468294682, 0.878274255619074, 0.8782740726413043, 0.8782739152140043, 0.8782737797690948, 0.8782736632368491, 0.8782735629762655, 0.8782734767151785, 0.8782734024987365, 0.8782733386450808, 0.8782732837072157, 0.8782732364402078, 0.8782731957729655, 0.8782731607839622, 0.8782731306803495, 0.8782731047799873, 0.8782730824959837, 0.8782730633233963, 0.8782730468277873, 0.8782730326353795, 0.8782730204245863, 0.878273009918723, 0.8782730008797379, 0.8782729931028174, 0.8782729864117453, 0.8782729806549103, 0.8782729757018699, 0.8782729714403942, 0.878272967773924, 0.8782729646193816, 0.8782729619052899, 0.8782729595701512, 0.8782729575610534, 0.8782729558324741, 0.8782729543452468, 0.8782729530656714, 0.878272951964756, 0.8782729510175545, 0.8782729502026053, 0.8782729495014425, 0.8782729488981791, 0.8782729483791454, 0.8782729479325814, 0.8782729475483685, 0.878272947217801, 0.8782729469333888, 0.8782729466886868, 0.8782729464781514, 0.8782729462970117, 0.8782729461411641, 0.8782729460070761, 0.8782729458917096, 0.8782729457924513, 0.8782729457070519, 0.8782729456335766, 0.8782729455703598, 0.8782729455159696, 0.8782729454691737, 0.8782729454289117, 0.8782729453942707, 0.8782729453644673, 0.8782729453388246, 0.8782729453167623, 0.8782729452977803, 0.8782729452814488, 0.8782729452673977, 0.8782729452553081, 0.8782729452449068, 0.8782729452359578, 0.878272945228258, 0.8782729452216336, 0.8782729452159338, 0.87827294521103, 0.878272945206811, 0.8782729452031812, 0.8782729452000583, 0.8782729451973705, 0.8782729451950586, 0.8782729451930699, 0.8782729451913585, 0.8782729451898859, 0.8782729451886193, 0.8782729451875291, 0.8782729451865916, 0.8782729451857842, 0.8782729451850904, 0.878272945184493, 0.8782729451839791, 0.8782729451835365, 0.8782729451831565, 0.8782729451828291, 0.8782729451825477, 0.8782729451823051, 0.8782729451820965, 0.8782729451819177, 0.8782729451817634, 0.8782729451816302, 0.8782729451815163, 0.878272945181418, 0.8782729451813333, 0.8782729451812609, 0.8782729451811981, 0.8782729451811442, 0.8782729451810981, 0.8782729451810579, 0.8782729451810241, 0.8782729451809941, 0.8782729451809688, 0.8782729451809471, 0.8782729451809286, 0.8782729451809121, 0.878272945180898, 0.8782729451808864, 0.8782729451808761, 0.878272945180867, 0.8782729451808592, 0.8782729451808526, 0.8782729451808469, 0.8782729451808422, 0.8782729451808381, 0.8782729451808347, 0.8782729451808319, 0.8782729451808289, 0.8782729451808269, 0.8782729451808245, 0.8782729451808231, 0.8782729451808217, 0.8782729451808199, 0.8782729451808189, 0.8782729451808183, 0.8782729451808172, 0.8782729451808166, 0.8782729451808161, 0.8782729451808157, 0.8782729451808151, 0.8782729451808148, 0.8782729451808148, 0.8782729451808144, 0.8782729451808137, 0.8782729451808139, 0.8782729451808139, 0.8782729451808136, 0.8782729451808132, 0.8782729451808127, 0.8782729451808112, 0.878272945180802, 0.8782729451807493, 0.8782729451804409, 0.878272945178643, 0.8782729451681467, 0.8782729451068669, 0.8782729447491174, 0.8782729426605814, 0.8782729304677446, 0.8782728592861608, 0.8782724437293105, 0.878270017718528, 0.8782558548250875, 0.8781731761293334, 0.877690637231968, 0.8748782790951413, 0.8586183675376801, 0.7688206975225218, 0.3769893704162513, -0.37698937041626546, -0.7688206975225259, -0.8586183675376802, -0.8748782790951407, -0.8776906372319683, -0.8781731761293334, -0.8782558548250871, -0.8782700177185281, -0.8782724437293107, -0.8782728592861613, -0.8782729304677451, -0.8782729426605818, -0.8782729447491173, -0.8782729451068669, -0.8782729451681466, -0.8782729451786432, -0.8782729451804412, -0.8782729451807493, -0.878272945180802, -0.8782729451808113, -0.8782729451808124, -0.8782729451808133, -0.8782729451808133, -0.8782729451808133, -0.8782729451808136, -0.8782729451808142, -0.8782729451808144, -0.8782729451808144, -0.8782729451808151, -0.8782729451808153, -0.8782729451808157, -0.8782729451808164, -0.8782729451808164, -0.8782729451808173, -0.8782729451808179, -0.8782729451808189, -0.8782729451808202, -0.8782729451808213, -0.8782729451808228, -0.8782729451808247, -0.8782729451808268, -0.878272945180829, -0.8782729451808313, -0.8782729451808347, -0.8782729451808381, -0.8782729451808423, -0.8782729451808469, -0.8782729451808529, -0.8782729451808595, -0.8782729451808671, -0.8782729451808756, -0.8782729451808857, -0.8782729451808978, -0.8782729451809118, -0.8782729451809285, -0.8782729451809471, -0.8782729451809689, -0.8782729451809942, -0.8782729451810234, -0.8782729451810578, -0.8782729451810977, -0.8782729451811441, -0.878272945181198, -0.8782729451812603, -0.8782729451813334, -0.8782729451814182, -0.8782729451815162, -0.8782729451816302, -0.8782729451817629, -0.8782729451819177, -0.8782729451820969, -0.878272945182305, -0.8782729451825473, -0.8782729451828291, -0.8782729451831566, -0.8782729451835367, -0.8782729451839791, -0.8782729451844932, -0.8782729451850905, -0.8782729451857846, -0.8782729451865909, -0.878272945187529, -0.8782729451886189, -0.8782729451898861, -0.8782729451913583, -0.8782729451930698, -0.8782729451950586, -0.8782729451973703, -0.8782729452000576, -0.8782729452031809, -0.8782729452068108, -0.87827294521103, -0.8782729452159342, -0.8782729452216338, -0.8782729452282583, -0.878272945235958, -0.8782729452449072, -0.8782729452553083, -0.8782729452673975, -0.8782729452814487, -0.8782729452977801, -0.8782729453167624, -0.8782729453388243, -0.8782729453644672, -0.878272945394271, -0.8782729454289113, -0.8782729454691738, -0.8782729455159695, -0.8782729455703598, -0.8782729456335765, -0.8782729457070519, -0.8782729457924512, -0.8782729458917095, -0.878272946007076, -0.8782729461411638, -0.8782729462970119, -0.8782729464781516, -0.8782729466886873, -0.878272946933389, -0.8782729472178014, -0.8782729475483694, -0.8782729479325819, -0.8782729483791458, -0.8782729488981793, -0.8782729495014429, -0.8782729502026057, -0.8782729510175546, -0.8782729519647561, -0.8782729530656715, -0.8782729543452467, -0.8782729558324746, -0.8782729575610534, -0.8782729595701508, -0.8782729619052899, -0.8782729646193821, -0.878272967773924, -0.8782729714403945, -0.8782729757018702, -0.8782729806549107, -0.878272986411745, -0.8782729931028171, -0.8782730008797375, -0.878273009918723, -0.8782730204245862, -0.8782730326353789, -0.8782730468277868, -0.8782730633233957, -0.8782730824959836, -0.878273104779987, -0.8782731306803496, -0.8782731607839624, -0.8782731957729651, -0.8782732364402073, -0.878273283707215, -0.8782733386450802, -0.8782734024987362, -0.8782734767151783, -0.8782735629762658, -0.8782736632368493, -0.8782737797690954, -0.8782739152140041, -0.8782740726413045, -0.8782742556190742, -0.8782744682946823, -0.8782747154888843, -0.8782750028052226, -0.8782753367572208, -0.8782757249162766, 