c = [1.0, 0.928391096281654, 0.9091840872323855, 0.9000722865086055, 0.89461579107293, 0.8909640408105066, 0.8883589085487612, 0.8864209040068175, 0.8849356970615576, 0.8837720555468196, 0.8828447573941909, 0.8820958937593877, 0.8814846666096486, 0.8809814713995685, 0.8805642926992027, 0.8802164178578588, 0.8799249361749305, 0.8796797242623241, 0.8794727422741481, 0.8792975346034371, 0.8791488684540393, 0.8790224674666685, 0.8789148121943353, 0.8788229884460553, 0.8787445704749662, 0.8786775299156518, 0.8786201640156782, 0.8785710385114341, 0.8785289417520257, 0.8784928475584531, 0.8784618849362856, 0.8784353132164484, 0.8784125015327802, 0.8783929117922643, 0.8783760844787735, 0.8783616267709532, 0.87834920256152, 0.8783385240474025, 0.8783293446240052, 0.8783214528669148, 0.8783146674239305, 0.8783088326717764, 0.8783038150171479, 0.8782994997421394, 0.8782957883107121, 0.8782925960664182, 0.8782898502627888, 0.8782874883769921, 0.8782854566650551, 0.8782837089233251, 0.8782822054261934, 0.8782809120146057, 0.8782797993136603, 0.8782788420607924, 0.878278018528763, 0.878277310029944, 0.8782767004903642, 0.8782761760836337, 0.8782757249162767, 0.8782753367572206, 0.8782750028052221, 0.8782747154888839, 0.8782744682946823, 0.8782742556190746, 0.8782740726413042, 0.878273915214004, 0.8782737797690952, 0.8782736632368495, 0.8782735629762658, 0.8782734767151787, 0.8782734024987366, 0.8782733386450806, 0.8782732837072152, 0.8782732364402072, 0.8782731957729651, 0.8782731607839627, 0.8782731306803501, 0.8782731047799877, 0.878273082495984, 0.8782730633233958, 0.8782730468277868, 0.8782730326353793, 0.8782730204245862, 0.8782730099187233, 0.8782730008797376, 0.8782729931028168, 0.878272986411745, 0.8782729806549101, 0.8782729757018699, 0.8782729714403942, 0.8782729677739242, 0.8782729646193822, 0.8782729619052898, 0.8782729595701506, 0.8782729575610535, 0.8782729558324741, 0.8782729543452464, 0.8782729530656713, 0.878272951964756, 0.8782729510175546, 0.8782729502026058, 0.8782729495014427, 0.8782729488981791, 0.8782729483791456, 0.8782729479325816, 0.8782729475483688, 0.8782729472178009, 0.8782729469333885, 0.8782729466886869, 0.878272946478152, 0.8782729462970124, 0.8782729461411638, 0.878272946007076, 0.8782729458917095, 0.8782729457924514, 0.8782729457070522, 0.8782729456335763, 0.8782729455703596, 0.8782729455159697, 0.8782729454691732, 0.8782729454289115, 0.878272945394271, 0.878272945364467, 0.8782729453388245, 0.8782729453167624, 0.8782729452977805, 0.8782729452814487, 0.8782729452673975, 0.8782729452553082, 0.8782729452449065, 0.8782729452359577, 0.8782729452282579, 0.8782729452216333, 0.8782729452159339, 0.8782729452110303, 0.8782729452068113, 0.8782729452031808, 0.8782729452000577, 0.8782729451973709, 0.8782729451950588, 0.8782729451930696, 0.8782729451913583, 0.8782729451898857, 0.8782729451886193, 0.8782729451875289, 0.8782729451865914, 0.8782729451857842, 0.8782729451850902, 0.8782729451844927, 0.8782729451839791, 0.8782729451835368, 0.8782729451831567, 0.8782729451828291, 0.8782729451825475, 0.8782729451823056, 0.8782729451820971, 0.8782729451819172, 0.8782729451817632, 0.8782729451816307, 0.8782729451815162, 0.8782729451814181, 0.8782729451813334, 0.8782729451812604, 0.878272945181198, 0.878272945181144, 0.8782729451810981, 0.8782729451810579, 0.8782729451810234, 0.8782729451809944, 0.8782729451809691, 0.8782729451809471, 0.8782729451809281, 0.8782729451809121, 0.8782729451808983, 0.878272945180886, 0.8782729451808755, 0.8782729451808664, 0.8782729451808589, 0.8782729451808526, 0.8782729451808469, 0.878272945180842, 0.8782729451808381, 0.8782729451808343, 0.8782729451808315, 0.8782729451808287, 0.8782729451808267, 0.8782729451808247, 0.8782729451808227, 0.8782729451808213, 0.8782729451808202, 0.8782729451808189, 0.8782729451808178, 0.8782729451808171, 0.8782729451808166, 0.8782729451808158, 0.8782729451808157, 0.8782729451808156, 0.8782729451808149, 0.878272945180814, 0.8782729451808142, 0.8782729451808141, 0.8782729451808138, 0.8782729451808136, 0.8782729451808132, 0.8782729451808131, 0.878272945180813, 0.8782729451808126, 0.8782729451808106, 0.8782729451808018, 0.8782729451807492, 0.8782729451804411, 0.8782729451786432, 0.8782729451681459, 0.8782729451068664, 0.878272944749117, 0.8782729426605813, 0.8782729304677447, 0.8782728592861611, 0.8782724437293108, 0.8782700177185281, 0.8782558548250875, 0.8781731761293337, 0.8776906372319679, 0.8748782790951409, 0.8586183675376796, 0.768820697522521, 0.37698937041624797, -0.37698937041626857, -0.7688206975225269, -0.8586183675376805, -0.8748782790951408, -0.8776906372319682, -0.8781731761293334, -0.8782558548250872, -0.8782700177185281, -0.8782724437293107, -0.8782728592861607, -0.878272930467745, -0.8782729426605818, -0.8782729447491172, -0.8782729451068666, -0.8782729451681465, -0.8782729451786432, -0.8782729451804414, -0.8782729451807489, -0.8782729451808022, -0.8782729451808111, -0.8782729451808123, -0.8782729451808129, -0.8782729451808134, -0.8782729451808136, -0.8782729451808134, -0.878272945180814, -0.8782729451808142, -0.8782729451808141, -0.8782729451808147, -0.8782729451808146, -0.8782729451808151, -0.8782729451808152, -0.8782729451808158, -0.8782729451808168, -0.878272945180817, -0.8782729451808178, -0.878272945180819, -0.8782729451808203, -0.8782729451808214, -0.8782729451808226, -0.8782729451808247, -0.8782729451808265, -0.8782729451808287, -0.878272945180831, -0.8782729451808345, -0.8782729451808382, -0.8782729451808423, -0.8782729451808468, -0.8782729451808524, -0.8782729451808591, -0.8782729451808668, -0.8782729451808761, -0.8782729451808862, -0.8782729451808983, -0.878272945180912, -0.8782729451809279, -0.8782729451809466, -0.8782729451809685, -0.8782729451809942, -0.8782729451810237, -0.8782729451810577, -0.878272945181098, -0.8782729451811444, -0.8782729451811981, -0.8782729451812605, -0.8782729451813334, -0.8782729451814182, -0.8782729451815164, -0.8782729451816301, -0.8782729451817631, -0.8782729451819173, -0.878272945182097, -0.878272945182305, -0.8782729451825476, -0.8782729451828294, -0.8782729451831566, -0.878272945183537, -0.8782729451839787, -0.8782729451844928, -0.8782729451850898, -0.8782729451857844, -0.878272945186591, -0.8782729451875289, -0.8782729451886185, -0.8782729451898853, -0.8782729451913578, -0.8782729451930695, -0.8782729451950585, -0.8782729451973705, -0.878272945200058, -0.8782729452031811, -0.8782729452068111, -0.8782729452110302, -0.878272945215934, -0.8782729452216333, -0.8782729452282578, -0.8782729452359574, -0.8782729452449065, -0.8782729452553082, -0.8782729452673973, -0.8782729452814491, -0.8782729452977805, -0.878272945316762, -0.8782729453388245, -0.8782729453644669, -0.878272945394271, -0.8782729454289117, -0.8782729454691736, -0.8782729455159693, -0.8782729455703595, -0.8782729456335765, -0.8782729457070518, -0.8782729457924513, -0.8782729458917097, -0.8782729460070762, -0.8782729461411642, -0.8782729462970126, -0.8782729464781523, -0.8782729466886875, -0.878272946933389, -0.8782729472178015, -0.878272947548369, -0.878272947932582, -0.8782729483791458, -0.8782729488981793, -0.8782729495014431, -0.878272950202606, -0.8782729510175552, -0.8782729519647564, -0.8782729530656719, -0.8782729543452468, -0.8782729558324748, -0.8782729575610534, -0.8782729595701511, -0.8782729619052905, -0.8782729646193822, -0.878272967773924, -0.8782729714403943, -0.8782729757018697, -0.8782729806549106, -0.8782729864117452, -0.878272993102817, -0.8782730008797379, -0.878273009918723, -0.8782730204245863, -0.8782730326353793, -0.8782730468277865, -0.8782730633233957, -0.8782730824959831, -0.8782731047799869, -0.8782731306803495, -0.8782731607839623, -0.8782731957729654, -0.8782732364402073, -0.8782732837072155, -0.8782733386450805, -0.8782734024987365, -0.8782734767151783, -0.8782735629762658, -0.8782736632368494, -0.8782737797690953, -0.8782739152140043, -0.8782740726413046, -0.8782742556190747, -0.8782744682946825, -0.8782747154888844, -0.8782750028052224, 