c = [1.0, 0.9283910962816537, 0.9091840872323858, 0.9000722865086058, 0.8946157910729295, 0.8909640408105067, 0.8883589085487615, 0.8864209040068171, 0.8849356970615571, 0.8837720555468197, 0.882844757394191, 0.8820958937593877, 0.8814846666096487, 0.8809814713995682, 0.8805642926992024, 0.8802164178578588, 0.8799249361749303, 0.8796797242623238, 0.8794727422741478, 0.879297534603437, 0.8791488684540395, 0.8790224674666686, 0.8789148121943352, 0.8788229884460553, 0.8787445704749659, 0.8786775299156512, 0.8786201640156783, 0.8785710385114345, 0.8785289417520256, 0.8784928475584529, 0.8784618849362854, 0.878435313216448, 0.8784125015327802, 0.8783929117922644, 0.8783760844787734, 0.878361626770953, 0.8783492025615202, 0.8783385240474025, 0.8783293446240049, 0.8783214528669145, 0.8783146674239306, 0.8783088326717764, 0.8783038150171482, 0.8782994997421397, 0.878295788310712, 0.8782925960664179, 0.8782898502627885, 0.8782874883769919, 0.8782854566650549, 0.8782837089233246, 0.8782822054261934, 0.8782809120146059, 0.8782797993136601, 0.8782788420607921, 0.8782780185287625, 0.8782773100299435, 0.8782767004903643, 0.8782761760836338, 0.878275724916276, 0.87827533675722, 0.8782750028052221, 0.8782747154888841, 0.8782744682946818, 0.8782742556190739, 0.8782740726413041, 0.878273915214004, 0.8782737797690953, 0.8782736632368494, 0.8782735629762657, 0.8782734767151786, 0.8782734024987362, 0.87827333864508, 0.8782732837072147, 0.8782732364402074, 0.8782731957729653, 0.8782731607839629, 0.8782731306803503, 0.8782731047799873, 0.8782730824959835, 0.8782730633233956, 0.8782730468277867, 0.8782730326353795, 0.878273020424586, 0.8782730099187226, 0.8782730008797373, 0.8782729931028166, 0.8782729864117449, 0.8782729806549101, 0.8782729757018699, 0.8782729714403944, 0.8782729677739239, 0.8782729646193815, 0.87827296190529, 0.8782729595701506, 0.8782729575610533, 0.878272955832474, 0.8782729543452463, 0.8782729530656714, 0.878272951964756, 0.8782729510175546, 0.8782729502026054, 0.8782729495014427, 0.8782729488981791, 0.8782729483791458, 0.8782729479325816, 0.8782729475483685, 0.8782729472178008, 0.878272946933389, 0.8782729466886875, 0.8782729464781517, 0.8782729462970122, 0.8782729461411639, 0.878272946007076, 0.8782729458917099, 0.8782729457924513, 0.878272945707052, 0.8782729456335763, 0.8782729455703593, 0.8782729455159695, 0.8782729454691736, 0.8782729454289113, 0.8782729453942708, 0.878272945364467, 0.8782729453388245, 0.8782729453167618, 0.8782729452977801, 0.8782729452814487, 0.8782729452673972, 0.878272945255308, 0.8782729452449064, 0.8782729452359572, 0.8782729452282579, 0.8782729452216335, 0.878272945215934, 0.8782729452110297, 0.8782729452068108, 0.878272945203181, 0.8782729452000577, 0.8782729451973708, 0.8782729451950588, 0.8782729451930695, 0.8782729451913585, 0.8782729451898854, 0.878272945188619, 0.8782729451875289, 0.8782729451865912, 0.8782729451857839, 0.87827294518509, 0.8782729451844927, 0.8782729451839789, 0.8782729451835366, 0.878272945183156, 0.8782729451828292, 0.8782729451825476, 0.878272945182305, 0.8782729451820968, 0.8782729451819175, 0.878272945181763, 0.8782729451816303, 0.8782729451815161, 0.8782729451814177, 0.8782729451813333, 0.8782729451812603, 0.8782729451811983, 0.8782729451811441, 0.8782729451810976, 0.8782729451810579, 0.8782729451810237, 0.8782729451809941, 0.8782729451809687, 0.878272945180947, 0.8782729451809282, 0.8782729451809119, 0.878272945180898, 0.8782729451808858, 0.8782729451808755, 0.8782729451808667, 0.8782729451808591, 0.8782729451808525, 0.8782729451808471, 0.8782729451808421, 0.8782729451808383, 0.8782729451808344, 0.8782729451808314, 0.8782729451808287, 0.8782729451808263, 0.8782729451808244, 0.8782729451808228, 0.8782729451808211, 0.8782729451808199, 0.8782729451808188, 0.8782729451808178, 0.8782729451808169, 0.8782729451808164, 0.8782729451808162, 0.8782729451808158, 0.8782729451808149, 0.8782729451808149, 0.8782729451808146, 0.8782729451808142, 0.8782729451808139, 0.8782729451808137, 0.8782729451808137, 0.8782729451808133, 0.8782729451808131, 0.8782729451808128, 0.8782729451808128, 0.8782729451808127, 0.878272945180811, 0.8782729451808019, 0.8782729451807488, 0.8782729451804409, 0.8782729451786428, 0.8782729451681459, 0.8782729451068664, 0.8782729447491171, 0.8782729426605815, 0.8782729304677445, 0.878272859286161, 0.8782724437293107, 0.8782700177185278, 0.8782558548250874, 0.8781731761293334, 0.8776906372319679, 0.8748782790951412, 0.8586183675376798, 0.7688206975225208, 0.3769893704162475, -0.37698937041626884, -0.7688206975225268, -0.8586183675376807, -0.874878279095141, -0.8776906372319684, -0.8781731761293334, -0.8782558548250871, -0.8782700177185283, -0.8782724437293108, -0.878272859286161, -0.8782729304677449, -0.8782729426605818, -0.8782729447491172, -0.8782729451068669, -0.8782729451681461, -0.8782729451786433, -0.8782729451804412, -0.8782729451807489, -0.8782729451808018, -0.8782729451808113, -0.8782729451808129, -0.8782729451808129, -0.8782729451808134, -0.8782729451808136, -0.8782729451808133, -0.8782729451808138, -0.8782729451808136, -0.8782729451808139, -0.8782729451808138, -0.8782729451808142, -0.8782729451808146, -0.8782729451808148, -0.8782729451808151, -0.878272945180816, -0.8782729451808167, -0.8782729451808173, -0.8782729451808177, -0.878272945180819, -0.8782729451808201, -0.8782729451808212, -0.8782729451808226, -0.8782729451808244, -0.8782729451808267, -0.8782729451808288, -0.8782729451808311, -0.8782729451808342, -0.878272945180838, -0.8782729451808421, -0.8782729451808473, -0.8782729451808525, -0.8782729451808593, -0.8782729451808668, -0.8782729451808755, -0.8782729451808858, -0.8782729451808978, -0.8782729451809118, -0.8782729451809281, -0.8782729451809466, -0.8782729451809687, -0.8782729451809944, -0.8782729451810235, -0.8782729451810577, -0.8782729451810976, -0.8782729451811441, -0.8782729451811979, -0.8782729451812601, -0.878272945181333, -0.8782729451814179, -0.8782729451815163, -0.8782729451816299, -0.8782729451817631, -0.8782729451819175, -0.878272945182097, -0.8782729451823054, -0.8782729451825474, -0.8782729451828292, -0.8782729451831562, -0.8782729451835368, -0.8782729451839787, -0.8782729451844928, -0.8782729451850898, -0.8782729451857839, -0.8782729451865908, -0.8782729451875287, -0.8782729451886186, -0.8782729451898855, -0.878272945191358, -0.8782729451930695, -0.8782729451950588, -0.8782729451973706, -0.8782729452000579, -0.8782729452031808, -0.8782729452068108, -0.87827294521103, -0.8782729452159336, -0.8782729452216335, -0.8782729452282578, -0.8782729452359577, -0.8782729452449067, -0.8782729452553079, -0.8782729452673975, -0.8782729452814487, -0.8782729452977802, -0.8782729453167623, -0.8782729453388243, -0.8782729453644668, -0.8782729453942707, -0.8782729454289115, -0.8782729454691734, -0.8782729455159691, -0.8782729455703594, -0.8782729456335764, -0.8782729457070518, -0.8782729457924514, -0.8782729458917099, -0.8782729460070758, -0.8782729461411638, -0.878272946297012, -0.8782729464781517, -0.8782729466886872, -0.8782729469333888, -0.878272947217801, -0.8782729475483687, -0.8782729479325818, -0.8782729483791459, -0.8782729488981795, -0.8782729495014431, -0.8782729502026058, -0.8782729510175552, -0.8782729519647562, -0.8782729530656719, -0.8782729543452469, -0.8782729558324747, -0.8782729575610533, -0.8782729595701508, -0.8782729619052898, -0.8782729646193819, -0.8782729677739239, -0.8782729714403941, -0.8782729757018699, -0.8782729806549103, -0.8782729864117451, -0.8782729931028168, -0.8782730008797375, -0.8782730099187228, -0.8782730204245859, -0.8782730326353789, -0.8782730468277862, -0.8782730633233954, -0.8782730824959831, -0.8782731047799869, -0.8782731306803498, -0.8782731607839624, -0.8782731957729654, -0.8782732364402073, -0.8782732837072152, -0.8782733386450802, -0.8782734024987362, -0.8782734767151782, -0.8782735629762656, -0.8782736632368493, -0.8782737797690952, -0.878273915214004, -0.8782740726413043, -0.8782742556190745, -0.8782744682946824, 