c = [1.0, 0.9283910962816538, 0.9091840872323855, 0.900072286508606, 0.89461579107293, 0.8909640408105064, 0.8883589085487611, 0.8864209040068175, 0.8849356970615572, 0.8837720555468197, 0.8828447573941912, 0.8820958937593875, 0.8814846666096485, 0.8809814713995682, 0.8805642926992023, 0.8802164178578586, 0.87992493617493, 0.8796797242623235, 0.8794727422741483, 0.8792975346034372, 0.8791488684540395, 0.8790224674666687, 0.8789148121943349, 0.8788229884460547, 0.8787445704749662, 0.8786775299156518, 0.8786201640156784, 0.8785710385114345, 0.8785289417520256, 0.8784928475584529, 0.8784618849362856, 0.8784353132164483, 0.8784125015327802, 0.8783929117922642, 0.8783760844787735, 0.8783616267709529, 0.8783492025615198, 0.8783385240474023, 0.8783293446240049, 0.8783214528669145, 0.8783146674239309, 0.8783088326717771, 0.8783038150171483, 0.8782994997421397, 0.8782957883107116, 0.8782925960664179, 0.8782898502627886, 0.8782874883769919, 0.8782854566650555, 0.8782837089233255, 0.8782822054261935, 0.878280912014606, 0.8782797993136598, 0.8782788420607921, 0.8782780185287631, 0.8782773100299441, 0.8782767004903643, 0.8782761760836337, 0.8782757249162764, 0.8782753367572206, 0.8782750028052221, 0.878274715488884, 0.8782744682946819, 0.8782742556190741, 0.8782740726413045, 0.8782739152140044, 0.8782737797690955, 0.8782736632368495, 0.8782735629762654, 0.878273476715178, 0.8782734024987359, 0.8782733386450802, 0.8782732837072154, 0.8782732364402076, 0.8782731957729657, 0.8782731607839626, 0.8782731306803497, 0.8782731047799871, 0.8782730824959833, 0.878273063323396, 0.8782730468277866, 0.878273032635379, 0.878273020424586, 0.8782730099187225, 0.8782730008797375, 0.8782729931028167, 0.878272986411745, 0.8782729806549104, 0.8782729757018696, 0.878272971440394, 0.8782729677739239, 0.8782729646193816, 0.8782729619052897, 0.8782729595701504, 0.8782729575610531, 0.8782729558324742, 0.8782729543452465, 0.8782729530656715, 0.8782729519647559, 0.8782729510175546, 0.8782729502026055, 0.878272949501443, 0.8782729488981791, 0.8782729483791457, 0.8782729479325815, 0.878272947548369, 0.8782729472178014, 0.8782729469333885, 0.8782729466886872, 0.8782729464781515, 0.878272946297012, 0.878272946141164, 0.8782729460070756, 0.8782729458917096, 0.8782729457924514, 0.8782729457070516, 0.8782729456335763, 0.8782729455703594, 0.8782729455159693, 0.8782729454691732, 0.8782729454289112, 0.878272945394271, 0.8782729453644668, 0.8782729453388245, 0.878272945316762, 0.8782729452977802, 0.8782729452814488, 0.8782729452673973, 0.8782729452553079, 0.8782729452449067, 0.8782729452359577, 0.8782729452282584, 0.8782729452216333, 0.8782729452159338, 0.8782729452110302, 0.878272945206811, 0.8782729452031809, 0.8782729452000579, 0.8782729451973706, 0.878272945195059, 0.8782729451930695, 0.8782729451913583, 0.8782729451898855, 0.878272945188619, 0.8782729451875286, 0.878272945186591, 0.878272945185784, 0.87827294518509, 0.8782729451844925, 0.8782729451839785, 0.8782729451835368, 0.8782729451831565, 0.8782729451828287, 0.8782729451825474, 0.8782729451823053, 0.8782729451820965, 0.8782729451819172, 0.878272945181763, 0.8782729451816301, 0.878272945181516, 0.8782729451814175, 0.8782729451813335, 0.8782729451812603, 0.8782729451811976, 0.8782729451811442, 0.878272945181098, 0.878272945181058, 0.8782729451810236, 0.8782729451809943, 0.8782729451809689, 0.8782729451809468, 0.8782729451809279, 0.8782729451809116, 0.8782729451808977, 0.878272945180886, 0.8782729451808756, 0.8782729451808666, 0.8782729451808593, 0.8782729451808524, 0.8782729451808472, 0.8782729451808421, 0.878272945180838, 0.8782729451808342, 0.8782729451808311, 0.8782729451808285, 0.8782729451808265, 0.8782729451808242, 0.8782729451808224, 0.8782729451808212, 0.8782729451808201, 0.8782729451808188, 0.8782729451808181, 0.8782729451808176, 0.8782729451808169, 0.8782729451808159, 0.8782729451808158, 0.8782729451808154, 0.8782729451808149, 0.8782729451808143, 0.878272945180814, 0.878272945180814, 0.8782729451808136, 0.8782729451808134, 0.8782729451808129, 0.8782729451808132, 0.8782729451808131, 0.878272945180813, 0.8782729451808128, 0.878272945180812, 0.8782729451808106, 0.8782729451808015, 0.8782729451807486, 0.8782729451804406, 0.8782729451786431, 0.8782729451681462, 0.8782729451068664, 0.8782729447491173, 0.8782729426605816, 0.8782729304677444, 0.8782728592861608, 0.8782724437293105, 0.8782700177185275, 0.8782558548250874, 0.8781731761293335, 0.8776906372319677, 0.8748782790951408, 0.8586183675376796, 0.7688206975225208, 0.3769893704162477, -0.37698937041626895, -0.7688206975225271, -0.858618367537681, -0.874878279095141, -0.8776906372319686, -0.8781731761293335, -0.8782558548250873, -0.8782700177185281, -0.8782724437293109, -0.878272859286161, -0.8782729304677451, -0.8782729426605814, -0.8782729447491174, -0.8782729451068666, -0.878272945168146, -0.8782729451786428, -0.8782729451804411, -0.8782729451807493, -0.8782729451808018, -0.8782729451808112, -0.8782729451808129, -0.878272945180813, -0.8782729451808133, -0.8782729451808128, -0.8782729451808132, -0.8782729451808131, -0.8782729451808133, -0.8782729451808137, -0.8782729451808137, -0.8782729451808138, -0.8782729451808144, -0.8782729451808149, -0.8782729451808151, -0.8782729451808152, -0.878272945180816, -0.8782729451808164, -0.878272945180817, -0.8782729451808176, -0.8782729451808189, -0.8782729451808202, -0.8782729451808212, -0.8782729451808224, -0.878272945180824, -0.8782729451808262, -0.8782729451808285, -0.8782729451808317, -0.8782729451808344, -0.8782729451808381, -0.8782729451808422, -0.8782729451808469, -0.8782729451808524, -0.8782729451808591, -0.8782729451808668, -0.878272945180876, -0.8782729451808858, -0.8782729451808982, -0.8782729451809124, -0.8782729451809282, -0.8782729451809468, -0.8782729451809685, -0.8782729451809944, -0.8782729451810238, -0.8782729451810576, -0.8782729451810977, -0.8782729451811441, -0.8782729451811981, -0.8782729451812605, -0.8782729451813334, -0.8782729451814182, -0.8782729451815166, -0.8782729451816309, -0.878272945181763, -0.8782729451819175, -0.8782729451820965, -0.8782729451823054, -0.8782729451825474, -0.8782729451828291, -0.8782729451831564, -0.8782729451835365, -0.8782729451839787, -0.8782729451844926, -0.87827294518509, -0.8782729451857842, -0.8782729451865913, -0.8782729451875291, -0.8782729451886192, -0.8782729451898859, -0.8782729451913585, -0.8782729451930695, -0.8782729451950587, -0.8782729451973706, -0.8782729452000576, -0.878272945203181, -0.8782729452068109, -0.8782729452110302, -0.878272945215934, -0.878272945221633, -0.8782729452282579, -0.8782729452359576, -0.8782729452449066, -0.8782729452553083, -0.8782729452673974, -0.8782729452814484, -0.8782729452977801, -0.8782729453167623, -0.8782729453388244, -0.8782729453644667, -0.8782729453942707, -0.8782729454289114, -0.8782729454691736, -0.8782729455159696, -0.8782729455703598, -0.8782729456335763, -0.8782729457070517, -0.8782729457924512, -0.8782729458917095, -0.8782729460070756, -0.8782729461411637, -0.8782729462970117, -0.8782729464781516, -0.8782729466886873, -0.878272946933389, -0.8782729472178011, -0.8782729475483689, -0.8782729479325818, -0.878272948379146, -0.8782729488981792, -0.8782729495014429, -0.8782729502026059, -0.878272951017555, -0.878272951964756, -0.8782729530656717, -0.8782729543452465, -0.8782729558324746, -0.8782729575610534, -0.8782729595701505, -0.87827296190529, -0.8782729646193819, -0.8782729677739243, -0.8782729714403943, -0.8782729757018697, -0.8782729806549102, -0.878272986411745, -0.8782729931028169, -0.8782730008797373, -0.8782730099187227, -0.8782730204245862, -0.8782730326353791, -0.8782730468277867, -0.8782730633233958, -0.8782730824959835, -0.8782731047799872, -0.87827313068035, -0.8782731607839624, -0.8782731957729653, -0.8782732364402073, -0.8782732837072152, -0.8782733386450805, -0.8782734024987363, -0.8782734767151783, -0.8782735629762655, -0.8782736632368495, -0.8782737797690952, -0.8782739152140042, -0.8782740726413044, -0.8782742556190742, 