c = [1.0, 0.9283910962816541, 0.9091840872323859, 0.9000722865086057, 0.8946157910729294, 0.8909640408105067, 0.8883589085487613, 0.8864209040068176, 0.8849356970615575, 0.8837720555468197, 0.8828447573941913, 0.8820958937593879, 0.8814846666096487, 0.8809814713995683, 0.8805642926992022, 0.8802164178578586, 0.8799249361749305, 0.879679724262324, 0.8794727422741483, 0.8792975346034375, 0.8791488684540394, 0.8790224674666682, 0.8789148121943352, 0.8788229884460554, 0.8787445704749665, 0.8786775299156518, 0.8786201640156786, 0.8785710385114347, 0.8785289417520259, 0.8784928475584534, 0.8784618849362857, 0.8784353132164483, 0.8784125015327807, 0.8783929117922644, 0.8783760844787735, 0.878361626770953, 0.87834920256152, 0.8783385240474026, 0.8783293446240055, 0.8783214528669153, 0.878314667423931, 0.878308832671777, 0.878303815017148, 0.8782994997421395, 0.8782957883107115, 0.8782925960664176, 0.878289850262789, 0.8782874883769926, 0.8782854566650556, 0.8782837089233254, 0.8782822054261935, 0.878280912014606, 0.8782797993136604, 0.8782788420607927, 0.8782780185287627, 0.8782773100299439, 0.8782767004903645, 0.8782761760836343, 0.8782757249162763, 0.8782753367572201, 0.8782750028052222, 0.8782747154888843, 0.8782744682946825, 0.8782742556190747, 0.8782740726413049, 0.8782739152140046, 0.8782737797690949, 0.8782736632368487, 0.878273562976265, 0.8782734767151783, 0.8782734024987363, 0.8782733386450807, 0.8782732837072156, 0.8782732364402074, 0.8782731957729655, 0.8782731607839626, 0.8782731306803498, 0.8782731047799877, 0.8782730824959833, 0.8782730633233957, 0.8782730468277867, 0.878273032635379, 0.8782730204245863, 0.8782730099187229, 0.8782730008797377, 0.8782729931028173, 0.8782729864117451, 0.8782729806549102, 0.8782729757018702, 0.8782729714403943, 0.8782729677739242, 0.8782729646193816, 0.8782729619052898, 0.8782729595701507, 0.8782729575610534, 0.8782729558324743, 0.8782729543452464, 0.8782729530656715, 0.878272951964756, 0.878272951017555, 0.8782729502026054, 0.8782729495014425, 0.8782729488981792, 0.878272948379146, 0.8782729479325821, 0.8782729475483689, 0.8782729472178015, 0.8782729469333889, 0.8782729466886874, 0.8782729464781521, 0.878272946297012, 0.8782729461411639, 0.8782729460070761, 0.8782729458917095, 0.8782729457924515, 0.878272945707052, 0.8782729456335763, 0.8782729455703596, 0.8782729455159698, 0.8782729454691738, 0.8782729454289113, 0.878272945394271, 0.8782729453644672, 0.8782729453388244, 0.8782729453167621, 0.8782729452977802, 0.8782729452814486, 0.8782729452673975, 0.8782729452553082, 0.8782729452449071, 0.8782729452359573, 0.8782729452282579, 0.8782729452216338, 0.878272945215934, 0.8782729452110304, 0.8782729452068112, 0.878272945203181, 0.8782729452000582, 0.8782729451973706, 0.878272945195059, 0.8782729451930696, 0.8782729451913583, 0.8782729451898855, 0.8782729451886191, 0.8782729451875291, 0.8782729451865914, 0.8782729451857842, 0.87827294518509, 0.8782729451844933, 0.8782729451839795, 0.8782729451835368, 0.8782729451831566, 0.8782729451828294, 0.8782729451825475, 0.8782729451823056, 0.8782729451820969, 0.8782729451819175, 0.8782729451817635, 0.8782729451816305, 0.8782729451815168, 0.878272945181418, 0.8782729451813331, 0.8782729451812608, 0.8782729451811983, 0.8782729451811443, 0.8782729451810978, 0.8782729451810581, 0.8782729451810238, 0.8782729451809941, 0.8782729451809684, 0.8782729451809466, 0.8782729451809279, 0.878272945180912, 0.8782729451808982, 0.8782729451808863, 0.8782729451808763, 0.8782729451808671, 0.8782729451808597, 0.8782729451808529, 0.8782729451808473, 0.8782729451808423, 0.878272945180838, 0.8782729451808345, 0.8782729451808314, 0.8782729451808288, 0.8782729451808263, 0.8782729451808244, 0.8782729451808227, 0.8782729451808211, 0.8782729451808203, 0.8782729451808194, 0.8782729451808186, 0.8782729451808174, 0.8782729451808171, 0.8782729451808166, 0.878272945180816, 0.8782729451808153, 0.8782729451808148, 0.8782729451808148, 0.8782729451808143, 0.8782729451808139, 0.8782729451808134, 0.8782729451808136, 0.8782729451808137, 0.8782729451808134, 0.8782729451808133, 0.8782729451808128, 0.8782729451808126, 0.8782729451808126, 0.8782729451808122, 0.8782729451808109, 0.8782729451808021, 0.8782729451807492, 0.8782729451804409, 0.8782729451786433, 0.8782729451681462, 0.8782729451068663, 0.8782729447491173, 0.8782729426605816, 0.8782729304677446, 0.8782728592861613, 0.878272443729311, 0.8782700177185279, 0.8782558548250873, 0.8781731761293334, 0.8776906372319679, 0.8748782790951408, 0.8586183675376794, 0.7688206975225198, 0.3769893704162439, -0.376989370416273, -0.7688206975225281, -0.8586183675376811, -0.874878279095141, -0.8776906372319683, -0.8781731761293334, -0.8782558548250874, -0.8782700177185283, -0.8782724437293106, -0.8782728592861613, -0.8782729304677451, -0.8782729426605816, -0.8782729447491171, -0.8782729451068668, -0.8782729451681465, -0.878272945178643, -0.8782729451804413, -0.8782729451807494, -0.8782729451808019, -0.8782729451808113, -0.8782729451808122, -0.8782729451808128, -0.8782729451808126, -0.8782729451808127, -0.8782729451808131, -0.878272945180813, -0.8782729451808131, -0.8782729451808134, -0.8782729451808138, -0.878272945180814, -0.8782729451808138, -0.8782729451808146, -0.8782729451808147, -0.8782729451808151, -0.8782729451808152, -0.8782729451808161, -0.8782729451808168, -0.8782729451808173, -0.8782729451808178, -0.8782729451808186, -0.8782729451808199, -0.8782729451808212, -0.8782729451808231, -0.8782729451808245, -0.8782729451808268, -0.878272945180829, -0.8782729451808313, -0.8782729451808344, -0.878272945180838, -0.8782729451808424, -0.8782729451808474, -0.8782729451808527, -0.8782729451808595, -0.8782729451808675, -0.8782729451808762, -0.8782729451808864, -0.8782729451808984, -0.8782729451809125, -0.8782729451809285, -0.878272945180947, -0.878272945180969, -0.8782729451809945, -0.8782729451810241, -0.878272945181058, -0.8782729451810982, -0.8782729451811446, -0.8782729451811985, -0.878272945181261, -0.8782729451813334, -0.8782729451814181, -0.8782729451815162, -0.8782729451816307, -0.8782729451817634, -0.8782729451819176, -0.8782729451820966, -0.8782729451823049, -0.8782729451825473, -0.8782729451828288, -0.8782729451831562, -0.8782729451835368, -0.8782729451839792, -0.8782729451844931, -0.8782729451850905, -0.8782729451857845, -0.8782729451865914, -0.878272945187529, -0.8782729451886189, -0.8782729451898857, -0.878272945191358, -0.8782729451930699, -0.8782729451950588, -0.8782729451973711, -0.8782729452000582, -0.8782729452031811, -0.8782729452068113, -0.8782729452110304, -0.8782729452159341, -0.878272945221634, -0.8782729452282583, -0.8782729452359577, -0.8782729452449068, -0.8782729452553085, -0.8782729452673976, -0.8782729452814487, -0.8782729452977804, -0.8782729453167626, -0.8782729453388247, -0.8782729453644673, -0.8782729453942714, -0.8782729454289115, -0.8782729454691736, -0.8782729455159695, -0.8782729455703597, -0.8782729456335764, -0.878272945707052, -0.8782729457924514, -0.8782729458917096, -0.8782729460070758, -0.8782729461411641, -0.8782729462970121, -0.8782729464781519, -0.8782729466886873, -0.8782729469333891, -0.8782729472178012, -0.8782729475483689, -0.8782729479325821, -0.878272948379146, -0.8782729488981792, -0.8782729495014427, -0.8782729502026054, -0.8782729510175549, -0.8782729519647562, -0.8782729530656715, -0.8782729543452468, -0.8782729558324742, -0.8782729575610536, -0.8782729595701506, -0.8782729619052899, -0.8782729646193819, -0.8782729677739239, -0.8782729714403941, -0.8782729757018697, -0.8782729806549101, -0.8782729864117449, -0.8782729931028169, -0.8782730008797377, -0.8782730099187229, -0.8782730204245863, -0.8782730326353794, -0.878273046827787, -0.8782730633233957, -0.8782730824959833, -0.8782731047799872, -0.8782731306803501, -0.8782731607839629, -0.8782731957729656, -0.8782732364402075, -0.8782732837072151, -0.8782733386450808, -0.8782734024987364, -0.8782734767151785, -0.8782735629762657, -0.8782736632368493, -0.8782737797690949, 