c = [1.0, 0.9283910962816537, 0.9091840872323855, 0.9000722865086062, 0.8946157910729298, 0.8909640408105068, 0.8883589085487616, 0.8864209040068174, 0.8849356970615575, 0.8837720555468197, 0.8828447573941911, 0.8820958937593876, 0.8814846666096482, 0.8809814713995681, 0.8805642926992024, 0.8802164178578586, 0.8799249361749304, 0.879679724262324, 0.879472742274148, 0.8792975346034367, 0.8791488684540395, 0.8790224674666688, 0.8789148121943353, 0.8788229884460553, 0.8787445704749662, 0.8786775299156516, 0.8786201640156787, 0.8785710385114349, 0.8785289417520257, 0.8784928475584529, 0.8784618849362859, 0.878435313216448, 0.8784125015327802, 0.8783929117922641, 0.8783760844787732, 0.8783616267709529, 0.8783492025615205, 0.8783385240474031, 0.8783293446240054, 0.8783214528669151, 0.8783146674239309, 0.878308832671777, 0.878303815017148, 0.8782994997421396, 0.8782957883107122, 0.8782925960664182, 0.8782898502627888, 0.8782874883769922, 0.8782854566650552, 0.8782837089233251, 0.8782822054261937, 0.8782809120146061, 0.8782797993136598, 0.8782788420607919, 0.8782780185287627, 0.878277310029944, 0.8782767004903642, 0.878276176083634, 0.8782757249162763, 0.8782753367572205, 0.8782750028052225, 0.8782747154888846, 0.8782744682946826, 0.8782742556190746, 0.8782740726413043, 0.8782739152140039, 0.878273779769095, 0.8782736632368495, 0.8782735629762658, 0.878273476715179, 0.8782734024987366, 0.8782733386450805, 0.8782732837072152, 0.8782732364402075, 0.8782731957729655, 0.8782731607839629, 0.8782731306803498, 0.8782731047799872, 0.8782730824959833, 0.8782730633233954, 0.8782730468277868, 0.878273032635379, 0.8782730204245861, 0.8782730099187231, 0.8782730008797375, 0.8782729931028168, 0.8782729864117452, 0.8782729806549101, 0.8782729757018697, 0.878272971440394, 0.8782729677739237, 0.8782729646193816, 0.8782729619052898, 0.8782729595701506, 0.8782729575610532, 0.8782729558324743, 0.8782729543452467, 0.8782729530656719, 0.8782729519647561, 0.8782729510175546, 0.8782729502026054, 0.8782729495014433, 0.8782729488981798, 0.8782729483791459, 0.8782729479325821, 0.8782729475483689, 0.8782729472178015, 0.8782729469333891, 0.878272946688687, 0.8782729464781518, 0.8782729462970124, 0.8782729461411637, 0.878272946007076, 0.8782729458917098, 0.8782729457924515, 0.8782729457070519, 0.8782729456335764, 0.8782729455703598, 0.8782729455159693, 0.8782729454691737, 0.8782729454289115, 0.8782729453942708, 0.8782729453644669, 0.8782729453388243, 0.878272945316762, 0.8782729452977803, 0.878272945281449, 0.8782729452673979, 0.8782729452553079, 0.8782729452449065, 0.8782729452359577, 0.878272945228258, 0.8782729452216337, 0.8782729452159341, 0.8782729452110303, 0.8782729452068114, 0.878272945203181, 0.8782729452000582, 0.8782729451973708, 0.8782729451950588, 0.8782729451930693, 0.8782729451913582, 0.8782729451898857, 0.8782729451886189, 0.878272945187529, 0.8782729451865909, 0.8782729451857845, 0.8782729451850902, 0.8782729451844926, 0.8782729451839791, 0.878272945183537, 0.8782729451831564, 0.8782729451828292, 0.8782729451825475, 0.878272945182305, 0.8782729451820968, 0.8782729451819172, 0.8782729451817635, 0.8782729451816302, 0.878272945181516, 0.8782729451814181, 0.8782729451813338, 0.8782729451812608, 0.878272945181198, 0.8782729451811444, 0.8782729451810981, 0.878272945181058, 0.8782729451810235, 0.8782729451809939, 0.8782729451809684, 0.8782729451809469, 0.878272945180928, 0.8782729451809119, 0.8782729451808984, 0.8782729451808862, 0.8782729451808762, 0.8782729451808671, 0.8782729451808596, 0.8782729451808529, 0.878272945180847, 0.8782729451808422, 0.8782729451808382, 0.8782729451808343, 0.8782729451808312, 0.8782729451808287, 0.8782729451808264, 0.8782729451808243, 0.8782729451808231, 0.8782729451808217, 0.8782729451808206, 0.8782729451808191, 0.8782729451808183, 0.8782729451808179, 0.8782729451808169, 0.878272945180816, 0.8782729451808153, 0.8782729451808152, 0.8782729451808146, 0.8782729451808142, 0.8782729451808137, 0.8782729451808139, 0.8782729451808139, 0.8782729451808136, 0.8782729451808136, 0.878272945180813, 0.8782729451808127, 0.8782729451808127, 0.8782729451808124, 0.8782729451808124, 0.8782729451808127, 0.8782729451808123, 0.8782729451808106, 0.8782729451808019, 0.8782729451807489, 0.8782729451804405, 0.8782729451786428, 0.8782729451681461, 0.8782729451068665, 0.8782729447491174, 0.8782729426605819, 0.8782729304677446, 0.8782728592861611, 0.8782724437293108, 0.8782700177185281, 0.8782558548250875, 0.8781731761293333, 0.8776906372319679, 0.8748782790951408, 0.8586183675376796, 0.7688206975225198, 0.37698937041624375, -0.37698937041627295, -0.7688206975225278, -0.858618367537681, -0.8748782790951412, -0.8776906372319682, -0.8781731761293332, -0.8782558548250875, -0.8782700177185281, -0.8782724437293105, -0.8782728592861608, -0.8782729304677451, -0.8782729426605819, -0.8782729447491171, -0.8782729451068669, -0.8782729451681465, -0.878272945178643, -0.8782729451804412, -0.8782729451807487, -0.8782729451808017, -0.8782729451808104, -0.878272945180812, -0.8782729451808127, -0.8782729451808124, -0.8782729451808126, -0.878272945180813, -0.8782729451808131, -0.8782729451808132, -0.8782729451808129, -0.8782729451808136, -0.8782729451808137, -0.8782729451808139, -0.8782729451808138, -0.8782729451808144, -0.8782729451808149, -0.8782729451808152, -0.8782729451808153, -0.8782729451808159, -0.8782729451808164, -0.8782729451808173, -0.8782729451808184, -0.8782729451808191, -0.8782729451808203, -0.8782729451808214, -0.8782729451808227, -0.8782729451808244, -0.8782729451808265, -0.878272945180829, -0.8782729451808319, -0.8782729451808343, -0.8782729451808383, -0.8782729451808428, -0.8782729451808474, -0.8782729451808527, -0.8782729451808592, -0.8782729451808673, -0.878272945180876, -0.8782729451808859, -0.8782729451808979, -0.8782729451809119, -0.8782729451809284, -0.8782729451809468, -0.878272945180969, -0.8782729451809944, -0.8782729451810241, -0.8782729451810584, -0.8782729451810977, -0.8782729451811442, -0.8782729451811979, -0.8782729451812608, -0.8782729451813334, -0.878272945181418, -0.878272945181516, -0.8782729451816301, -0.8782729451817629, -0.8782729451819175, -0.8782729451820968, -0.8782729451823055, -0.8782729451825478, -0.8782729451828293, -0.8782729451831566, -0.8782729451835369, -0.8782729451839791, -0.8782729451844926, -0.8782729451850898, -0.8782729451857841, -0.8782729451865908, -0.8782729451875289, -0.8782729451886189, -0.878272945189886, -0.8782729451913583, -0.8782729451930695, -0.8782729451950588, -0.8782729451973708, -0.8782729452000578, -0.8782729452031812, -0.8782729452068111, -0.87827294521103, -0.8782729452159339, -0.8782729452216338, -0.878272945228258, -0.8782729452359573, -0.8782729452449067, -0.8782729452553083, -0.8782729452673977, -0.8782729452814491, -0.878272945297781, -0.8782729453167623, -0.8782729453388244, -0.8782729453644669, -0.8782729453942707, -0.8782729454289114, -0.8782729454691733, -0.8782729455159693, -0.8782729455703594, -0.8782729456335762, -0.8782729457070519, -0.8782729457924513, -0.8782729458917097, -0.8782729460070757, -0.8782729461411639, -0.8782729462970119, -0.8782729464781518, -0.8782729466886874, -0.878272946933389, -0.878272947217801, -0.8782729475483687, -0.8782729479325814, -0.8782729483791457, -0.8782729488981793, -0.8782729495014426, -0.8782729502026058, -0.8782729510175549, -0.8782729519647562, -0.8782729530656717, -0.8782729543452465, -0.8782729558324744, -0.8782729575610533, -0.8782729595701506, -0.8782729619052897, -0.8782729646193819, -0.8782729677739242, -0.8782729714403944, -0.87827297570187, -0.8782729806549104, -0.8782729864117453, -0.878272993102817, -0.8782730008797378, -0.8782730099187231, -0.8782730204245862, -0.8782730326353793, -0.8782730468277871, -0.8782730633233962, -0.8782730824959836, -0.8782731047799873, -0.87827313068035, -0.878273160783963, -0.8782731957729655, -0.8782732364402075, -0.8782732837072152, -0.8782733386450804, -0.8782734024987361, -0.8782734767151786, -0.8782735629762655, 