c = [1.0, 0.928391096281654, 0.9091840872323856, 0.9000722865086062, 0.89461579107293, 0.8909640408105066, 0.8883589085487615, 0.8864209040068174, 0.8849356970615572, 0.8837720555468194, 0.8828447573941905, 0.8820958937593872, 0.8814846666096483, 0.8809814713995681, 0.8805642926992022, 0.8802164178578586, 0.8799249361749298, 0.8796797242623232, 0.879472742274148, 0.8792975346034372, 0.8791488684540394, 0.8790224674666685, 0.8789148121943349, 0.8788229884460548, 0.878744570474966, 0.8786775299156516, 0.8786201640156783, 0.8785710385114341, 0.8785289417520257, 0.8784928475584527, 0.8784618849362854, 0.8784353132164479, 0.8784125015327799, 0.878392911792264, 0.8783760844787735, 0.8783616267709532, 0.8783492025615202, 0.8783385240474025, 0.8783293446240048, 0.8783214528669148, 0.8783146674239305, 0.8783088326717765, 0.8783038150171483, 0.8782994997421399, 0.8782957883107119, 0.8782925960664177, 0.8782898502627884, 0.8782874883769918, 0.8782854566650554, 0.8782837089233253, 0.8782822054261933, 0.8782809120146057, 0.8782797993136601, 0.8782788420607923, 0.8782780185287625, 0.8782773100299437, 0.8782767004903643, 0.8782761760836342, 0.8782757249162767, 0.8782753367572207, 0.8782750028052227, 0.8782747154888844, 0.8782744682946821, 0.8782742556190737, 0.8782740726413041, 0.8782739152140041, 0.8782737797690952, 0.8782736632368495, 0.8782735629762657, 0.8782734767151783, 0.8782734024987361, 0.87827333864508, 0.8782732837072149, 0.8782732364402073, 0.878273195772965, 0.878273160783962, 0.8782731306803492, 0.8782731047799865, 0.8782730824959831, 0.8782730633233953, 0.8782730468277864, 0.8782730326353793, 0.878273020424586, 0.8782730099187226, 0.8782730008797376, 0.8782729931028167, 0.8782729864117449, 0.8782729806549099, 0.8782729757018694, 0.878272971440394, 0.8782729677739239, 0.8782729646193815, 0.8782729619052896, 0.8782729595701505, 0.8782729575610533, 0.8782729558324744, 0.8782729543452465, 0.8782729530656713, 0.878272951964756, 0.8782729510175553, 0.8782729502026062, 0.8782729495014431, 0.8782729488981796, 0.878272948379146, 0.878272947932582, 0.8782729475483693, 0.8782729472178012, 0.8782729469333888, 0.8782729466886873, 0.8782729464781515, 0.8782729462970121, 0.8782729461411639, 0.8782729460070757, 0.8782729458917097, 0.8782729457924514, 0.878272945707052, 0.878272945633576, 0.8782729455703596, 0.8782729455159695, 0.8782729454691733, 0.8782729454289113, 0.8782729453942707, 0.8782729453644667, 0.8782729453388243, 0.8782729453167621, 0.8782729452977805, 0.8782729452814485, 0.8782729452673973, 0.8782729452553083, 0.8782729452449067, 0.8782729452359577, 0.8782729452282583, 0.8782729452216336, 0.8782729452159344, 0.8782729452110302, 0.8782729452068112, 0.8782729452031809, 0.8782729452000579, 0.8782729451973704, 0.8782729451950589, 0.8782729451930694, 0.8782729451913581, 0.8782729451898855, 0.8782729451886186, 0.878272945187529, 0.8782729451865912, 0.8782729451857837, 0.8782729451850899, 0.8782729451844927, 0.8782729451839786, 0.8782729451835367, 0.8782729451831562, 0.8782729451828288, 0.8782729451825475, 0.878272945182305, 0.8782729451820971, 0.8782729451819172, 0.8782729451817629, 0.8782729451816306, 0.8782729451815164, 0.8782729451814181, 0.8782729451813333, 0.8782729451812609, 0.878272945181198, 0.878272945181144, 0.8782729451810977, 0.8782729451810576, 0.8782729451810234, 0.8782729451809942, 0.8782729451809687, 0.8782729451809471, 0.8782729451809285, 0.878272945180912, 0.8782729451808985, 0.878272945180886, 0.8782729451808757, 0.8782729451808668, 0.878272945180859, 0.8782729451808524, 0.878272945180847, 0.8782729451808416, 0.8782729451808375, 0.8782729451808341, 0.8782729451808311, 0.8782729451808284, 0.8782729451808263, 0.8782729451808247, 0.878272945180823, 0.8782729451808211, 0.8782729451808201, 0.8782729451808192, 0.8782729451808182, 0.8782729451808171, 0.8782729451808164, 0.8782729451808161, 0.8782729451808153, 0.8782729451808148, 0.8782729451808143, 0.8782729451808144, 0.8782729451808141, 0.8782729451808138, 0.8782729451808136, 0.878272945180813, 0.8782729451808129, 0.8782729451808128, 0.8782729451808124, 0.8782729451808126, 0.8782729451808128, 0.8782729451808127, 0.8782729451808124, 0.8782729451808128, 0.8782729451808124, 0.8782729451808104, 0.8782729451808016, 0.8782729451807487, 0.8782729451804406, 0.8782729451786431, 0.8782729451681462, 0.878272945106866, 0.878272944749117, 0.8782729426605815, 0.8782729304677447, 0.8782728592861608, 0.8782724437293102, 0.8782700177185278, 0.8782558548250872, 0.8781731761293334, 0.8776906372319678, 0.8748782790951406, 0.8586183675376795, 0.76882069752252, 0.3769893704162446, -0.3769893704162722, -0.7688206975225279, -0.8586183675376806, -0.8748782790951413, -0.877690637231968, -0.8781731761293332, -0.878255854825087, -0.8782700177185282, -0.8782724437293109, -0.8782728592861607, -0.878272930467745, -0.8782729426605818, -0.878272944749117, -0.8782729451068668, -0.8782729451681458, -0.8782729451786427, -0.8782729451804405, -0.8782729451807485, -0.8782729451808015, -0.8782729451808103, -0.878272945180812, -0.8782729451808127, -0.8782729451808129, -0.8782729451808129, -0.8782729451808127, -0.8782729451808131, -0.8782729451808131, -0.878272945180813, -0.878272945180813, -0.8782729451808136, -0.8782729451808139, -0.8782729451808139, -0.8782729451808137, -0.878272945180814, -0.8782729451808143, -0.8782729451808149, -0.8782729451808157, -0.8782729451808159, -0.8782729451808166, -0.8782729451808172, -0.8782729451808178, -0.8782729451808187, -0.8782729451808199, -0.8782729451808213, -0.878272945180823, -0.8782729451808241, -0.8782729451808264, -0.8782729451808289, -0.8782729451808314, -0.8782729451808342, -0.8782729451808379, -0.8782729451808423, -0.8782729451808471, -0.8782729451808523, -0.878272945180859, -0.8782729451808668, -0.8782729451808758, -0.8782729451808859, -0.8782729451808982, -0.8782729451809123, -0.8782729451809284, -0.8782729451809472, -0.8782729451809685, -0.8782729451809941, -0.8782729451810234, -0.878272945181058, -0.8782729451810976, -0.8782729451811441, -0.8782729451811978, -0.8782729451812601, -0.878272945181333, -0.8782729451814179, -0.8782729451815161, -0.8782729451816305, -0.8782729451817635, -0.8782729451819178, -0.8782729451820973, -0.8782729451823055, -0.8782729451825477, -0.878272945182829, -0.8782729451831564, -0.8782729451835367, -0.8782729451839787, -0.8782729451844931, -0.8782729451850901, -0.8782729451857846, -0.8782729451865913, -0.8782729451875286, -0.878272945188619, -0.8782729451898856, -0.8782729451913583, -0.8782729451930698, -0.8782729451950587, -0.8782729451973704, -0.8782729452000577, -0.8782729452031812, -0.8782729452068111, -0.8782729452110298, -0.8782729452159339, -0.8782729452216338, -0.8782729452282583, -0.8782729452359579, -0.8782729452449073, -0.878272945255308, -0.8782729452673973, -0.8782729452814485, -0.8782729452977799, -0.878272945316762, -0.878272945338824, -0.8782729453644667, -0.8782729453942706, -0.8782729454289112, -0.8782729454691734, -0.8782729455159693, -0.8782729455703596, -0.8782729456335762, -0.878272945707052, -0.8782729457924511, -0.8782729458917096, -0.878272946007076, -0.8782729461411639, -0.8782729462970119, -0.8782729464781515, -0.8782729466886867, -0.8782729469333888, -0.8782729472178011, -0.8782729475483685, -0.8782729479325819, -0.8782729483791457, -0.8782729488981795, -0.878272949501443, -0.8782729502026055, -0.8782729510175548, -0.8782729519647559, -0.8782729530656714, -0.8782729543452462, -0.8782729558324741, -0.8782729575610534, -0.8782729595701506, -0.8782729619052899, -0.8782729646193818, -0.8782729677739239, -0.8782729714403941, -0.8782729757018699, -0.8782729806549101, -0.8782729864117449, -0.8782729931028169, -0.8782730008797377, -0.878273009918723, -0.8782730204245863, -0.8782730326353793, -0.8782730468277867, -0.8782730633233962, -0.8782730824959835, -0.8782731047799872, -0.8782731306803497, -0.8782731607839624, -0.8782731957729653, -0.8782732364402074, -0.8782732837072149, -0.87827333864508, -0.878273402498736, -0.8782734767151783, 