c = [1.0, 0.928391096281654, 0.9091840872323859, 0.9000722865086058, 0.8946157910729301, 0.8909640408105066, 0.8883589085487613, 0.8864209040068173, 0.8849356970615567, 0.8837720555468195, 0.8828447573941912, 0.8820958937593877, 0.8814846666096486, 0.8809814713995685, 0.8805642926992021, 0.8802164178578583, 0.8799249361749302, 0.8796797242623241, 0.8794727422741482, 0.8792975346034374, 0.8791488684540394, 0.8790224674666682, 0.8789148121943352, 0.8788229884460553, 0.8787445704749662, 0.8786775299156515, 0.8786201640156787, 0.8785710385114344, 0.8785289417520254, 0.8784928475584527, 0.8784618849362856, 0.8784353132164481, 0.8784125015327806, 0.8783929117922648, 0.8783760844787735, 0.8783616267709532, 0.8783492025615199, 0.8783385240474026, 0.8783293446240047, 0.8783214528669145, 0.8783146674239308, 0.8783088326717771, 0.8783038150171483, 0.8782994997421397, 0.8782957883107114, 0.8782925960664176, 0.8782898502627888, 0.8782874883769923, 0.878285456665055, 0.8782837089233249, 0.8782822054261934, 0.878280912014606, 0.8782797993136597, 0.878278842060792, 0.8782780185287627, 0.8782773100299439, 0.8782767004903647, 0.8782761760836343, 0.8782757249162767, 0.8782753367572207, 0.8782750028052221, 0.8782747154888837, 0.8782744682946817, 0.8782742556190742, 0.8782740726413044, 0.8782739152140046, 0.8782737797690955, 0.8782736632368493, 0.8782735629762656, 0.8782734767151783, 0.8782734024987363, 0.8782733386450804, 0.878273283707215, 0.8782732364402072, 0.8782731957729653, 0.8782731607839622, 0.8782731306803497, 0.878273104779987, 0.8782730824959835, 0.8782730633233959, 0.8782730468277867, 0.878273032635379, 0.8782730204245863, 0.8782730099187227, 0.8782730008797373, 0.8782729931028166, 0.8782729864117448, 0.87827298065491, 0.8782729757018698, 0.878272971440394, 0.8782729677739237, 0.8782729646193814, 0.8782729619052897, 0.8782729595701507, 0.878272957561053, 0.878272955832474, 0.8782729543452464, 0.878272953065672, 0.8782729519647564, 0.8782729510175549, 0.8782729502026058, 0.878272949501443, 0.8782729488981795, 0.8782729483791462, 0.8782729479325819, 0.8782729475483692, 0.8782729472178017, 0.8782729469333888, 0.8782729466886873, 0.8782729464781519, 0.8782729462970121, 0.878272946141164, 0.8782729460070758, 0.8782729458917098, 0.8782729457924513, 0.8782729457070519, 0.8782729456335763, 0.8782729455703595, 0.8782729455159693, 0.8782729454691732, 0.8782729454289111, 0.8782729453942709, 0.878272945364467, 0.8782729453388247, 0.878272945316762, 0.8782729452977801, 0.878272945281449, 0.8782729452673975, 0.8782729452553082, 0.8782729452449068, 0.8782729452359577, 0.8782729452282583, 0.8782729452216335, 0.8782729452159341, 0.8782729452110303, 0.8782729452068111, 0.8782729452031809, 0.8782729452000578, 0.8782729451973706, 0.8782729451950587, 0.8782729451930694, 0.8782729451913579, 0.8782729451898857, 0.878272945188619, 0.8782729451875287, 0.8782729451865912, 0.8782729451857844, 0.87827294518509, 0.8782729451844927, 0.8782729451839786, 0.8782729451835364, 0.8782729451831562, 0.8782729451828291, 0.8782729451825478, 0.878272945182305, 0.8782729451820964, 0.8782729451819173, 0.8782729451817634, 0.8782729451816303, 0.8782729451815162, 0.8782729451814182, 0.8782729451813336, 0.8782729451812605, 0.8782729451811979, 0.8782729451811438, 0.8782729451810976, 0.878272945181058, 0.8782729451810236, 0.8782729451809941, 0.8782729451809691, 0.8782729451809469, 0.8782729451809285, 0.8782729451809118, 0.8782729451808979, 0.878272945180886, 0.8782729451808755, 0.8782729451808668, 0.8782729451808594, 0.8782729451808525, 0.8782729451808469, 0.8782729451808421, 0.878272945180838, 0.8782729451808343, 0.8782729451808315, 0.8782729451808291, 0.8782729451808269, 0.8782729451808243, 0.8782729451808231, 0.8782729451808218, 0.8782729451808202, 0.878272945180819, 0.878272945180818, 0.8782729451808174, 0.8782729451808166, 0.878272945180816, 0.8782729451808152, 0.8782729451808151, 0.8782729451808148, 0.8782729451808146, 0.8782729451808142, 0.8782729451808137, 0.8782729451808136, 0.8782729451808134, 0.878272945180813, 0.878272945180813, 0.8782729451808133, 0.8782729451808131, 0.8782729451808128, 0.8782729451808131, 0.8782729451808128, 0.8782729451808126, 0.8782729451808127, 0.8782729451808121, 0.8782729451808103, 0.8782729451808019, 0.878272945180749, 0.8782729451804405, 0.878272945178643, 0.8782729451681461, 0.8782729451068665, 0.878272944749117, 0.8782729426605815, 0.8782729304677445, 0.8782728592861606, 0.8782724437293108, 0.8782700177185276, 0.878255854825087, 0.8781731761293333, 0.877690637231968, 0.8748782790951407, 0.8586183675376794, 0.7688206975225197, 0.3769893704162443, -0.3769893704162724, -0.7688206975225277, -0.8586183675376807, -0.8748782790951409, -0.8776906372319684, -0.8781731761293337, -0.8782558548250872, -0.8782700177185282, -0.8782724437293108, -0.8782728592861608, -0.878272930467745, -0.8782729426605812, -0.8782729447491169, -0.8782729451068659, -0.8782729451681457, -0.8782729451786427, -0.8782729451804404, -0.8782729451807486, -0.8782729451808016, -0.8782729451808108, -0.8782729451808122, -0.8782729451808121, -0.8782729451808126, -0.8782729451808126, -0.8782729451808127, -0.8782729451808126, -0.8782729451808129, -0.8782729451808132, -0.8782729451808131, -0.878272945180813, -0.878272945180813, -0.8782729451808133, -0.8782729451808137, -0.8782729451808141, -0.8782729451808143, -0.8782729451808148, -0.878272945180815, -0.8782729451808152, -0.8782729451808157, -0.8782729451808163, -0.8782729451808172, -0.8782729451808181, -0.8782729451808188, -0.8782729451808203, -0.8782729451808217, -0.8782729451808231, -0.8782729451808247, -0.8782729451808265, -0.878272945180829, -0.8782729451808315, -0.8782729451808342, -0.878272945180838, -0.8782729451808422, -0.8782729451808472, -0.8782729451808525, -0.8782729451808594, -0.8782729451808673, -0.8782729451808762, -0.8782729451808864, -0.8782729451808979, -0.8782729451809119, -0.8782729451809279, -0.8782729451809471, -0.8782729451809688, -0.8782729451809943, -0.8782729451810235, -0.8782729451810577, -0.8782729451810976, -0.8782729451811441, -0.8782729451811978, -0.8782729451812606, -0.8782729451813336, -0.878272945181418, -0.8782729451815163, -0.8782729451816306, -0.8782729451817634, -0.8782729451819175, -0.8782729451820966, -0.8782729451823051, -0.8782729451825474, -0.8782729451828292, -0.8782729451831562, -0.8782729451835369, -0.8782729451839792, -0.8782729451844927, -0.8782729451850902, -0.8782729451857844, -0.8782729451865913, -0.8782729451875291, -0.8782729451886189, -0.8782729451898854, -0.8782729451913579, -0.8782729451930698, -0.8782729451950586, -0.8782729451973703, -0.8782729452000576, -0.8782729452031812, -0.878272945206811, -0.8782729452110304, -0.8782729452159344, -0.8782729452216336, -0.8782729452282579, -0.8782729452359574, -0.8782729452449066, -0.8782729452553081, -0.8782729452673973, -0.8782729452814487, -0.8782729452977802, -0.878272945316762, -0.8782729453388245, -0.8782729453644669, -0.8782729453942709, -0.8782729454289112, -0.8782729454691737, -0.8782729455159692, -0.8782729455703596, -0.8782729456335766, -0.878272945707052, -0.8782729457924512, -0.8782729458917096, -0.8782729460070757, -0.8782729461411639, -0.8782729462970119, -0.8782729464781514, -0.8782729466886872, -0.8782729469333888, -0.8782729472178014, -0.8782729475483688, -0.8782729479325816, -0.8782729483791458, -0.8782729488981792, -0.8782729495014426, -0.8782729502026054, -0.8782729510175549, -0.8782729519647562, -0.8782729530656717, -0.8782729543452469, -0.8782729558324744, -0.8782729575610535, -0.8782729595701506, -0.87827296190529, -0.8782729646193818, -0.8782729677739237, -0.8782729714403941, -0.8782729757018699, -0.8782729806549104, -0.8782729864117452, -0.8782729931028169, -0.8782730008797376, -0.8782730099187233, -0.8782730204245862, -0.8782730326353794, -0.8782730468277868, -0.8782730633233958, -0.8782730824959833, -0.8782731047799874, -0.8782731306803495, -0.8782731607839623, -0.8782731957729649, -0.8782732364402074, -0.8782732837072151, 