c = [1.0, 0.9283910962816538, 0.909184087232386, 0.9000722865086059, 0.8946157910729298, 0.8909640408105065, 0.8883589085487611, 0.8864209040068173, 0.8849356970615574, 0.8837720555468198, 0.8828447573941912, 0.8820958937593879, 0.8814846666096484, 0.8809814713995678, 0.8805642926992023, 0.8802164178578589, 0.8799249361749306, 0.879679724262324, 0.8794727422741482, 0.8792975346034372, 0.8791488684540396, 0.8790224674666688, 0.878914812194335, 0.878822988446055, 0.8787445704749665, 0.8786775299156514, 0.8786201640156786, 0.8785710385114344, 0.8785289417520256, 0.8784928475584529, 0.878461884936286, 0.8784353132164486, 0.8784125015327804, 0.8783929117922645, 0.8783760844787732, 0.8783616267709532, 0.8783492025615198, 0.8783385240474025, 0.8783293446240056, 0.8783214528669155, 0.878314667423931, 0.8783088326717768, 0.8783038150171479, 0.8782994997421396, 0.878295788310712, 0.8782925960664182, 0.8782898502627885, 0.8782874883769919, 0.8782854566650551, 0.8782837089233253, 0.8782822054261931, 0.8782809120146056, 0.8782797993136597, 0.8782788420607921, 0.878278018528763, 0.8782773100299441, 0.8782767004903648, 0.8782761760836342, 0.8782757249162761, 0.8782753367572198, 0.878275002805222, 0.8782747154888841, 0.8782744682946825, 0.8782742556190748, 0.8782740726413047, 0.8782739152140044, 0.8782737797690953, 0.8782736632368493, 0.8782735629762657, 0.8782734767151787, 0.8782734024987363, 0.8782733386450803, 0.878273283707215, 0.8782732364402073, 0.8782731957729656, 0.8782731607839627, 0.87827313068035, 0.8782731047799875, 0.8782730824959835, 0.8782730633233955, 0.8782730468277868, 0.878273032635379, 0.878273020424586, 0.8782730099187226, 0.8782730008797375, 0.8782729931028169, 0.8782729864117451, 0.8782729806549102, 0.8782729757018697, 0.8782729714403942, 0.8782729677739239, 0.8782729646193819, 0.8782729619052898, 0.8782729595701506, 0.8782729575610533, 0.8782729558324748, 0.8782729543452471, 0.8782729530656719, 0.8782729519647565, 0.8782729510175551, 0.878272950202606, 0.8782729495014433, 0.8782729488981793, 0.8782729483791459, 0.878272947932582, 0.8782729475483687, 0.8782729472178015, 0.878272946933389, 0.8782729466886873, 0.8782729464781517, 0.8782729462970121, 0.878272946141164, 0.8782729460070756, 0.8782729458917097, 0.8782729457924513, 0.8782729457070517, 0.8782729456335762, 0.8782729455703595, 0.8782729455159692, 0.8782729454691736, 0.8782729454289115, 0.878272945394271, 0.8782729453644667, 0.8782729453388243, 0.8782729453167624, 0.8782729452977805, 0.878272945281449, 0.8782729452673979, 0.8782729452553084, 0.8782729452449072, 0.8782729452359576, 0.8782729452282583, 0.8782729452216336, 0.8782729452159339, 0.8782729452110299, 0.8782729452068113, 0.8782729452031809, 0.8782729452000578, 0.8782729451973704, 0.8782729451950586, 0.8782729451930699, 0.8782729451913585, 0.8782729451898854, 0.8782729451886189, 0.8782729451875291, 0.8782729451865909, 0.8782729451857842, 0.8782729451850899, 0.8782729451844925, 0.8782729451839789, 0.8782729451835366, 0.8782729451831567, 0.8782729451828288, 0.8782729451825472, 0.8782729451823053, 0.8782729451820972, 0.8782729451819176, 0.8782729451817631, 0.8782729451816307, 0.8782729451815164, 0.878272945181418, 0.8782729451813334, 0.8782729451812604, 0.878272945181198, 0.8782729451811443, 0.8782729451810981, 0.8782729451810581, 0.8782729451810241, 0.8782729451809944, 0.8782729451809693, 0.8782729451809471, 0.8782729451809285, 0.878272945180912, 0.878272945180898, 0.8782729451808862, 0.8782729451808758, 0.8782729451808668, 0.8782729451808591, 0.8782729451808526, 0.878272945180847, 0.8782729451808422, 0.878272945180838, 0.8782729451808349, 0.8782729451808318, 0.8782729451808285, 0.8782729451808268, 0.8782729451808249, 0.878272945180823, 0.8782729451808213, 0.8782729451808201, 0.8782729451808192, 0.8782729451808182, 0.8782729451808174, 0.8782729451808166, 0.8782729451808161, 0.8782729451808158, 0.8782729451808152, 0.878272945180815, 0.8782729451808142, 0.8782729451808139, 0.8782729451808139, 0.8782729451808133, 0.8782729451808134, 0.8782729451808137, 0.8782729451808134, 0.8782729451808133, 0.8782729451808134, 0.8782729451808132, 0.8782729451808127, 0.8782729451808129, 0.8782729451808129, 0.8782729451808126, 0.8782729451808129, 0.8782729451808124, 0.8782729451808104, 0.8782729451808018, 0.878272945180749, 0.8782729451804407, 0.878272945178643, 0.8782729451681461, 0.8782729451068664, 0.8782729447491172, 0.8782729426605818, 0.8782729304677445, 0.878272859286161, 0.8782724437293109, 0.8782700177185284, 0.8782558548250874, 0.8781731761293334, 0.877690637231968, 0.8748782790951412, 0.8586183675376793, 0.7688206975225195, 0.3769893704162428, -0.3769893704162739, -0.7688206975225284, -0.8586183675376813, -0.874878279095141, -0.8776906372319685, -0.8781731761293338, -0.8782558548250873, -0.8782700177185283, -0.8782724437293103, -0.8782728592861607, -0.8782729304677444, -0.8782729426605811, -0.878272944749117, -0.8782729451068663, -0.8782729451681458, -0.8782729451786428, -0.878272945180441, -0.8782729451807488, -0.8782729451808012, -0.8782729451808107, -0.8782729451808122, -0.8782729451808123, -0.8782729451808122, -0.8782729451808124, -0.8782729451808129, -0.8782729451808128, -0.8782729451808127, -0.8782729451808127, -0.8782729451808128, -0.8782729451808131, -0.8782729451808138, -0.8782729451808138, -0.878272945180814, -0.878272945180814, -0.8782729451808141, -0.8782729451808144, -0.8782729451808148, -0.8782729451808153, -0.8782729451808158, -0.8782729451808159, -0.8782729451808169, -0.8782729451808178, -0.8782729451808183, -0.8782729451808191, -0.8782729451808202, -0.8782729451808218, -0.8782729451808231, -0.8782729451808244, -0.8782729451808265, -0.8782729451808288, -0.8782729451808317, -0.8782729451808343, -0.8782729451808383, -0.8782729451808425, -0.8782729451808475, -0.878272945180853, -0.8782729451808591, -0.8782729451808667, -0.8782729451808755, -0.8782729451808862, -0.878272945180898, -0.878272945180912, -0.878272945180928, -0.8782729451809466, -0.8782729451809685, -0.878272945180994, -0.8782729451810236, -0.8782729451810583, -0.8782729451810982, -0.8782729451811444, -0.8782729451811981, -0.8782729451812608, -0.8782729451813336, -0.8782729451814179, -0.878272945181516, -0.8782729451816302, -0.8782729451817629, -0.8782729451819176, -0.8782729451820968, -0.8782729451823056, -0.8782729451825477, -0.8782729451828291, -0.8782729451831566, -0.878272945183537, -0.8782729451839792, -0.8782729451844933, -0.8782729451850905, -0.8782729451857844, -0.8782729451865914, -0.8782729451875292, -0.8782729451886191, -0.8782729451898857, -0.8782729451913583, -0.8782729451930701, -0.8782729451950592, -0.8782729451973711, -0.8782729452000583, -0.8782729452031811, -0.8782729452068111, -0.8782729452110299, -0.8782729452159339, -0.8782729452216335, -0.8782729452282578, -0.8782729452359576, -0.8782729452449066, -0.8782729452553082, -0.8782729452673976, -0.8782729452814488, -0.8782729452977804, -0.878272945316762, -0.8782729453388246, -0.8782729453644669, -0.8782729453942709, -0.8782729454289117, -0.8782729454691738, -0.8782729455159696, -0.8782729455703596, -0.878272945633576, -0.878272945707052, -0.8782729457924516, -0.8782729458917096, -0.8782729460070758, -0.8782729461411639, -0.8782729462970121, -0.8782729464781517, -0.8782729466886869, -0.8782729469333888, -0.878272947217801, -0.8782729475483687, -0.8782729479325816, -0.8782729483791457, -0.8782729488981796, -0.8782729495014431, -0.878272950202606, -0.8782729510175552, -0.8782729519647565, -0.8782729530656719, -0.878272954345247, -0.8782729558324746, -0.8782729575610534, -0.8782729595701507, -0.8782729619052901, -0.878272964619382, -0.878272967773924, -0.8782729714403942, -0.8782729757018698, -0.8782729806549106, -0.8782729864117451, -0.878272993102817, -0.8782730008797375, -0.8782730099187228, -0.8782730204245859, -0.8782730326353795, -0.8782730468277866, -0.8782730633233956, -0.8782730824959831, -0.8782731047799872, -0.8782731306803498, -0.8782731607839626, -0.8782731957729653, -0.878273236440207, 