c = [1.0, 0.9283910962816538, 0.9091840872323858, 0.9000722865086058, 0.8946157910729294, 0.8909640408105065, 0.8883589085487614, 0.8864209040068174, 0.8849356970615573, 0.8837720555468199, 0.8828447573941908, 0.8820958937593872, 0.8814846666096485, 0.8809814713995683, 0.8805642926992024, 0.8802164178578588, 0.8799249361749303, 0.8796797242623239, 0.8794727422741481, 0.8792975346034374, 0.8791488684540395, 0.8790224674666685, 0.8789148121943352, 0.8788229884460549, 0.878744570474966, 0.8786775299156513, 0.8786201640156783, 0.8785710385114341, 0.8785289417520258, 0.8784928475584531, 0.8784618849362859, 0.8784353132164483, 0.8784125015327802, 0.8783929117922645, 0.8783760844787732, 0.8783616267709529, 0.8783492025615204, 0.8783385240474031, 0.8783293446240054, 0.8783214528669152, 0.8783146674239307, 0.8783088326717767, 0.8783038150171484, 0.87829949974214, 0.8782957883107116, 0.8782925960664176, 0.8782898502627886, 0.8782874883769924, 0.8782854566650551, 0.8782837089233251, 0.8782822054261934, 0.878280912014606, 0.8782797993136603, 0.8782788420607924, 0.8782780185287632, 0.8782773100299441, 0.8782767004903642, 0.8782761760836335, 0.8782757249162759, 0.8782753367572201, 0.8782750028052223, 0.8782747154888844, 0.8782744682946825, 0.8782742556190741, 0.8782740726413044, 0.878273915214004, 0.8782737797690952, 0.8782736632368494, 0.8782735629762654, 0.8782734767151782, 0.878273402498736, 0.8782733386450798, 0.878273283707215, 0.878273236440207, 0.8782731957729654, 0.8782731607839628, 0.8782731306803497, 0.8782731047799869, 0.8782730824959835, 0.8782730633233955, 0.8782730468277866, 0.8782730326353788, 0.8782730204245859, 0.8782730099187226, 0.8782730008797375, 0.8782729931028168, 0.8782729864117448, 0.87827298065491, 0.8782729757018697, 0.8782729714403942, 0.8782729677739236, 0.8782729646193815, 0.8782729619052897, 0.8782729595701512, 0.8782729575610538, 0.8782729558324743, 0.878272954345247, 0.878272953065672, 0.8782729519647565, 0.8782729510175554, 0.878272950202606, 0.8782729495014431, 0.8782729488981798, 0.8782729483791457, 0.8782729479325819, 0.878272947548369, 0.8782729472178014, 0.878272946933389, 0.8782729466886872, 0.8782729464781519, 0.8782729462970119, 0.8782729461411638, 0.8782729460070757, 0.8782729458917096, 0.8782729457924514, 0.8782729457070517, 0.8782729456335762, 0.8782729455703596, 0.8782729455159695, 0.8782729454691738, 0.8782729454289112, 0.8782729453942707, 0.8782729453644672, 0.8782729453388244, 0.878272945316762, 0.8782729452977805, 0.8782729452814488, 0.8782729452673977, 0.878272945255308, 0.878272945244907, 0.8782729452359577, 0.8782729452282583, 0.8782729452216333, 0.878272945215934, 0.8782729452110299, 0.8782729452068111, 0.8782729452031808, 0.8782729452000573, 0.8782729451973708, 0.8782729451950588, 0.8782729451930692, 0.8782729451913582, 0.8782729451898857, 0.8782729451886186, 0.8782729451875289, 0.8782729451865909, 0.878272945185784, 0.87827294518509, 0.8782729451844926, 0.8782729451839792, 0.8782729451835366, 0.8782729451831562, 0.8782729451828292, 0.8782729451825478, 0.8782729451823054, 0.878272945182097, 0.8782729451819176, 0.8782729451817635, 0.8782729451816303, 0.878272945181516, 0.8782729451814176, 0.8782729451813331, 0.8782729451812606, 0.8782729451811981, 0.8782729451811443, 0.8782729451810982, 0.8782729451810581, 0.8782729451810242, 0.8782729451809943, 0.8782729451809691, 0.8782729451809472, 0.8782729451809281, 0.8782729451809118, 0.8782729451808982, 0.878272945180886, 0.8782729451808756, 0.8782729451808667, 0.8782729451808592, 0.8782729451808524, 0.8782729451808472, 0.8782729451808426, 0.8782729451808384, 0.8782729451808343, 0.8782729451808317, 0.878272945180829, 0.8782729451808268, 0.8782729451808244, 0.8782729451808226, 0.8782729451808214, 0.8782729451808201, 0.878272945180819, 0.8782729451808178, 0.8782729451808174, 0.878272945180817, 0.8782729451808161, 0.8782729451808156, 0.8782729451808148, 0.8782729451808143, 0.8782729451808142, 0.8782729451808139, 0.8782729451808138, 0.8782729451808139, 0.8782729451808137, 0.8782729451808133, 0.8782729451808136, 0.8782729451808133, 0.8782729451808128, 0.8782729451808131, 0.878272945180813, 0.8782729451808124, 0.878272945180813, 0.878272945180813, 0.8782729451808123, 0.8782729451808128, 0.8782729451808123, 0.8782729451808106, 0.8782729451808015, 0.8782729451807486, 0.8782729451804405, 0.8782729451786427, 0.8782729451681461, 0.8782729451068663, 0.8782729447491169, 0.8782729426605816, 0.8782729304677449, 0.8782728592861608, 0.8782724437293107, 0.878270017718528, 0.8782558548250876, 0.8781731761293334, 0.8776906372319683, 0.8748782790951412, 0.8586183675376795, 0.7688206975225195, 0.37698937041624236, -0.37698937041627434, -0.7688206975225286, -0.8586183675376812, -0.874878279095141, -0.8776906372319684, -0.878173176129333, -0.8782558548250871, -0.8782700177185278, -0.8782724437293102, -0.8782728592861608, -0.8782729304677445, -0.8782729426605813, -0.878272944749117, -0.8782729451068666, -0.8782729451681462, -0.8782729451786425, -0.878272945180441, -0.8782729451807488, -0.8782729451808016, -0.8782729451808103, -0.8782729451808123, -0.8782729451808127, -0.8782729451808127, -0.8782729451808124, -0.8782729451808126, -0.8782729451808126, -0.8782729451808128, -0.8782729451808133, -0.878272945180813, -0.8782729451808131, -0.8782729451808132, -0.8782729451808131, -0.8782729451808132, -0.8782729451808134, -0.878272945180814, -0.8782729451808142, -0.878272945180814, -0.8782729451808148, -0.8782729451808154, -0.8782729451808157, -0.8782729451808161, -0.8782729451808167, -0.8782729451808178, -0.8782729451808184, -0.878272945180819, -0.87827294518082, -0.8782729451808214, -0.878272945180823, -0.8782729451808244, -0.8782729451808265, -0.8782729451808291, -0.8782729451808318, -0.8782729451808348, -0.878272945180838, -0.8782729451808423, -0.8782729451808469, -0.8782729451808529, -0.8782729451808592, -0.8782729451808671, -0.8782729451808757, -0.8782729451808858, -0.8782729451808978, -0.8782729451809119, -0.8782729451809279, -0.878272945180947, -0.878272945180969, -0.8782729451809943, -0.878272945181024, -0.878272945181058, -0.8782729451810981, -0.878272945181144, -0.8782729451811978, -0.8782729451812604, -0.878272945181333, -0.8782729451814181, -0.8782729451815161, -0.8782729451816306, -0.8782729451817634, -0.8782729451819175, -0.878272945182097, -0.8782729451823054, -0.8782729451825476, -0.8782729451828293, -0.8782729451831564, -0.8782729451835365, -0.8782729451839788, -0.8782729451844931, -0.8782729451850901, -0.878272945185784, -0.8782729451865913, -0.8782729451875292, -0.8782729451886191, -0.878272945189886, -0.8782729451913587, -0.8782729451930694, -0.8782729451950585, -0.8782729451973703, -0.8782729452000575, -0.8782729452031809, -0.8782729452068107, -0.8782729452110299, -0.8782729452159339, -0.8782729452216337, -0.8782729452282582, -0.8782729452359578, -0.878272945244907, -0.8782729452553083, -0.8782729452673979, -0.8782729452814487, -0.8782729452977804, -0.8782729453167624, -0.8782729453388245, -0.8782729453644667, -0.8782729453942708, -0.8782729454289112, -0.8782729454691734, -0.8782729455159695, -0.8782729455703594, -0.8782729456335764, -0.8782729457070518, -0.8782729457924513, -0.8782729458917095, -0.8782729460070756, -0.8782729461411637, -0.8782729462970116, -0.8782729464781515, -0.8782729466886869, -0.8782729469333886, -0.8782729472178011, -0.8782729475483687, -0.8782729479325818, -0.8782729483791457, -0.8782729488981794, -0.8782729495014429, -0.8782729502026058, -0.8782729510175549, -0.878272951964756, -0.8782729530656715, -0.8782729543452469, -0.8782729558324746, -0.8782729575610533, -0.8782729595701506, -0.8782729619052897, -0.878272964619382, -0.8782729677739238, -0.8782729714403942, -0.8782729757018697, -0.8782729806549101, -0.8782729864117447, -0.878272993102817, -0.8782730008797373, -0.8782730099187225, -0.8782730204245857, -0.878273032635379, -0.8782730468277866, -0.8782730633233956, -0.878273082495983, -0.8782731047799868, -0.8782731306803497, -0.8782731607839626, 