c = [1.0, 0.9283910962816538, 0.9091840872323855, 0.9000722865086059, 0.89461579107293, 0.8909640408105067, 0.8883589085487615, 0.8864209040068176, 0.884935697061557, 0.8837720555468191, 0.8828447573941911, 0.8820958937593877, 0.8814846666096486, 0.8809814713995684, 0.8805642926992023, 0.8802164178578588, 0.8799249361749303, 0.879679724262324, 0.8794727422741481, 0.8792975346034372, 0.8791488684540398, 0.8790224674666685, 0.8789148121943351, 0.8788229884460549, 0.8787445704749662, 0.8786775299156514, 0.8786201640156789, 0.8785710385114349, 0.8785289417520259, 0.878492847558453, 0.8784618849362855, 0.8784353132164481, 0.8784125015327803, 0.8783929117922641, 0.8783760844787736, 0.8783616267709535, 0.8783492025615203, 0.8783385240474028, 0.8783293446240048, 0.8783214528669148, 0.8783146674239308, 0.8783088326717771, 0.8783038150171478, 0.8782994997421395, 0.8782957883107118, 0.8782925960664181, 0.8782898502627884, 0.8782874883769919, 0.8782854566650551, 0.8782837089233253, 0.8782822054261937, 0.8782809120146062, 0.8782797993136604, 0.8782788420607924, 0.8782780185287627, 0.8782773100299437, 0.8782767004903643, 0.8782761760836342, 0.8782757249162766, 0.8782753367572207, 0.8782750028052225, 0.8782747154888843, 0.8782744682946821, 0.8782742556190742, 0.8782740726413044, 0.8782739152140044, 0.878273779769095, 0.878273663236849, 0.8782735629762652, 0.878273476715178, 0.8782734024987362, 0.8782733386450801, 0.8782732837072149, 0.8782732364402074, 0.8782731957729651, 0.8782731607839621, 0.8782731306803498, 0.878273104779987, 0.8782730824959831, 0.8782730633233953, 0.8782730468277864, 0.8782730326353789, 0.8782730204245859, 0.8782730099187226, 0.8782730008797374, 0.8782729931028167, 0.878272986411745, 0.8782729806549102, 0.8782729757018695, 0.8782729714403938, 0.8782729677739237, 0.8782729646193821, 0.8782729619052903, 0.8782729595701507, 0.8782729575610535, 0.8782729558324743, 0.8782729543452468, 0.878272953065672, 0.8782729519647561, 0.8782729510175549, 0.8782729502026058, 0.8782729495014425, 0.8782729488981794, 0.8782729483791458, 0.8782729479325817, 0.8782729475483688, 0.8782729472178014, 0.878272946933389, 0.8782729466886869, 0.8782729464781517, 0.878272946297012, 0.8782729461411637, 0.8782729460070757, 0.8782729458917093, 0.8782729457924511, 0.8782729457070517, 0.8782729456335762, 0.8782729455703596, 0.8782729455159691, 0.8782729454691732, 0.8782729454289113, 0.8782729453942709, 0.878272945364467, 0.8782729453388245, 0.8782729453167621, 0.8782729452977804, 0.8782729452814487, 0.8782729452673976, 0.878272945255308, 0.8782729452449067, 0.8782729452359572, 0.8782729452282579, 0.8782729452216331, 0.8782729452159339, 0.8782729452110298, 0.8782729452068107, 0.8782729452031811, 0.878272945200058, 0.8782729451973705, 0.8782729451950588, 0.8782729451930698, 0.878272945191358, 0.8782729451898859, 0.8782729451886188, 0.8782729451875287, 0.878272945186591, 0.878272945185784, 0.8782729451850904, 0.8782729451844926, 0.8782729451839785, 0.8782729451835368, 0.8782729451831566, 0.8782729451828291, 0.8782729451825474, 0.8782729451823053, 0.878272945182097, 0.8782729451819173, 0.8782729451817629, 0.87827294518163, 0.878272945181516, 0.8782729451814179, 0.8782729451813334, 0.8782729451812606, 0.8782729451811984, 0.8782729451811442, 0.8782729451810981, 0.878272945181058, 0.8782729451810237, 0.8782729451809942, 0.8782729451809684, 0.8782729451809468, 0.8782729451809281, 0.8782729451809118, 0.8782729451808977, 0.8782729451808858, 0.8782729451808756, 0.8782729451808667, 0.8782729451808594, 0.8782729451808531, 0.8782729451808475, 0.878272945180842, 0.8782729451808382, 0.8782729451808349, 0.8782729451808317, 0.8782729451808288, 0.8782729451808264, 0.8782729451808247, 0.8782729451808228, 0.8782729451808211, 0.8782729451808197, 0.8782729451808189, 0.8782729451808181, 0.8782729451808174, 0.8782729451808167, 0.8782729451808154, 0.8782729451808151, 0.8782729451808148, 0.8782729451808142, 0.8782729451808142, 0.8782729451808142, 0.878272945180814, 0.8782729451808134, 0.8782729451808136, 0.8782729451808133, 0.8782729451808129, 0.8782729451808131, 0.8782729451808129, 0.8782729451808127, 0.878272945180813, 0.878272945180813, 0.8782729451808124, 0.8782729451808128, 0.8782729451808128, 0.8782729451808126, 0.8782729451808124, 0.8782729451808121, 0.8782729451808104, 0.8782729451808017, 0.878272945180749, 0.8782729451804409, 0.8782729451786428, 0.8782729451681462, 0.8782729451068668, 0.8782729447491173, 0.8782729426605818, 0.8782729304677447, 0.8782728592861612, 0.8782724437293105, 0.878270017718528, 0.8782558548250873, 0.8781731761293333, 0.8776906372319678, 0.8748782790951406, 0.8586183675376794, 0.7688206975225192, 0.37698937041624253, -0.3769893704162742, -0.7688206975225285, -0.8586183675376808, -0.8748782790951412, -0.8776906372319679, -0.8781731761293332, -0.8782558548250874, -0.878270017718528, -0.8782724437293105, -0.878272859286161, -0.878272930467745, -0.8782729426605818, -0.8782729447491169, -0.8782729451068666, -0.8782729451681461, -0.8782729451786427, -0.8782729451804406, -0.8782729451807488, -0.8782729451808018, -0.8782729451808106, -0.8782729451808118, -0.8782729451808122, -0.8782729451808124, -0.8782729451808126, -0.8782729451808129, -0.8782729451808128, -0.8782729451808129, -0.8782729451808128, -0.8782729451808124, -0.8782729451808126, -0.8782729451808128, -0.8782729451808132, -0.8782729451808133, -0.8782729451808131, -0.8782729451808138, -0.8782729451808143, -0.8782729451808142, -0.8782729451808142, -0.8782729451808146, -0.8782729451808153, -0.8782729451808157, -0.8782729451808158, -0.8782729451808164, -0.8782729451808172, -0.8782729451808181, -0.8782729451808187, -0.87827294518082, -0.8782729451808216, -0.8782729451808231, -0.8782729451808248, -0.8782729451808263, -0.8782729451808288, -0.8782729451808311, -0.8782729451808345, -0.878272945180838, -0.8782729451808423, -0.8782729451808469, -0.8782729451808523, -0.8782729451808589, -0.8782729451808668, -0.8782729451808756, -0.8782729451808863, -0.8782729451808985, -0.8782729451809124, -0.8782729451809285, -0.878272945180947, -0.8782729451809691, -0.8782729451809941, -0.8782729451810236, -0.8782729451810578, -0.8782729451810977, -0.8782729451811441, -0.8782729451811978, -0.8782729451812609, -0.8782729451813335, -0.8782729451814177, -0.8782729451815162, -0.8782729451816303, -0.8782729451817632, -0.8782729451819177, -0.8782729451820969, -0.8782729451823049, -0.8782729451825474, -0.8782729451828293, -0.8782729451831562, -0.8782729451835364, -0.8782729451839787, -0.8782729451844928, -0.87827294518509, -0.8782729451857844, -0.8782729451865914, -0.8782729451875289, -0.8782729451886186, -0.8782729451898853, -0.8782729451913579, -0.8782729451930693, -0.8782729451950585, -0.8782729451973702, -0.8782729452000576, -0.878272945203181, -0.8782729452068112, -0.87827294521103, -0.8782729452159339, -0.8782729452216335, -0.8782729452282582, -0.8782729452359574, -0.8782729452449068, -0.8782729452553083, -0.8782729452673975, -0.8782729452814485, -0.87827294529778, -0.8782729453167618, -0.8782729453388242, -0.8782729453644667, -0.8782729453942704, -0.8782729454289112, -0.8782729454691734, -0.8782729455159695, -0.8782729455703594, -0.8782729456335758, -0.8782729457070518, -0.8782729457924511, -0.8782729458917093, -0.8782729460070755, -0.8782729461411637, -0.878272946297012, -0.8782729464781518, -0.8782729466886874, -0.878272946933389, -0.8782729472178015, -0.8782729475483688, -0.8782729479325821, -0.878272948379146, -0.8782729488981793, -0.8782729495014427, -0.8782729502026058, -0.8782729510175552, -0.8782729519647562, -0.8782729530656718, -0.8782729543452465, -0.8782729558324747, -0.8782729575610533, -0.8782729595701507, -0.8782729619052901, -0.8782729646193818, -0.8782729677739239, -0.8782729714403946, -0.8782729757018699, -0.8782729806549103, -0.8782729864117449, -0.8782729931028171, -0.8782730008797377, -0.8782730099187231, -0.878273020424586, -0.878273032635379, -0.8782730468277868, -0.8782730633233958, -0.8782730824959833, -0.8782731047799872,