c = [1.0, 0.9283910962816538, 0.9091840872323858, 0.9000722865086059, 0.8946157910729299, 0.8909640408105068, 0.8883589085487613, 0.8864209040068173, 0.8849356970615572, 0.8837720555468197, 0.8828447573941911, 0.8820958937593877, 0.8814846666096485, 0.8809814713995683, 0.8805642926992026, 0.880216417857859, 0.8799249361749303, 0.8796797242623238, 0.8794727422741484, 0.8792975346034372, 0.8791488684540395, 0.8790224674666682, 0.8789148121943351, 0.8788229884460548, 0.8787445704749665, 0.8786775299156518, 0.8786201640156789, 0.8785710385114348, 0.8785289417520258, 0.878492847558453, 0.8784618849362855, 0.878435313216448, 0.8784125015327805, 0.8783929117922645, 0.8783760844787735, 0.8783616267709533, 0.8783492025615199, 0.8783385240474025, 0.8783293446240051, 0.8783214528669152, 0.8783146674239305, 0.8783088326717768, 0.878303815017148, 0.8782994997421397, 0.8782957883107115, 0.8782925960664179, 0.8782898502627886, 0.8782874883769921, 0.8782854566650554, 0.8782837089233254, 0.8782822054261937, 0.8782809120146062, 0.8782797993136601, 0.878278842060792, 0.8782780185287626, 0.8782773100299437, 0.8782767004903644, 0.8782761760836344, 0.8782757249162767, 0.8782753367572205, 0.8782750028052223, 0.878274715488884, 0.8782744682946823, 0.8782742556190744, 0.8782740726413044, 0.878273915214004, 0.878273779769095, 0.878273663236849, 0.8782735629762654, 0.8782734767151782, 0.8782734024987361, 0.8782733386450804, 0.878273283707215, 0.8782732364402072, 0.8782731957729656, 0.8782731607839623, 0.8782731306803497, 0.878273104779987, 0.8782730824959831, 0.8782730633233953, 0.8782730468277865, 0.8782730326353789, 0.8782730204245859, 0.8782730099187225, 0.8782730008797374, 0.8782729931028169, 0.8782729864117449, 0.8782729806549101, 0.8782729757018695, 0.8782729714403942, 0.8782729677739242, 0.8782729646193818, 0.8782729619052901, 0.8782729595701508, 0.8782729575610535, 0.8782729558324746, 0.8782729543452467, 0.8782729530656718, 0.8782729519647563, 0.8782729510175548, 0.8782729502026057, 0.8782729495014427, 0.8782729488981793, 0.8782729483791456, 0.8782729479325818, 0.8782729475483689, 0.8782729472178009, 0.8782729469333888, 0.878272946688687, 0.8782729464781515, 0.8782729462970118, 0.8782729461411635, 0.8782729460070755, 0.8782729458917095, 0.8782729457924511, 0.8782729457070518, 0.8782729456335759, 0.8782729455703593, 0.8782729455159693, 0.8782729454691733, 0.8782729454289112, 0.8782729453942709, 0.8782729453644671, 0.8782729453388246, 0.878272945316762, 0.8782729452977804, 0.8782729452814487, 0.8782729452673976, 0.8782729452553079, 0.8782729452449067, 0.8782729452359574, 0.878272945228258, 0.8782729452216333, 0.8782729452159337, 0.8782729452110302, 0.8782729452068111, 0.8782729452031809, 0.878272945200058, 0.8782729451973709, 0.8782729451950588, 0.8782729451930698, 0.8782729451913581, 0.8782729451898857, 0.878272945188619, 0.8782729451875286, 0.8782729451865913, 0.8782729451857841, 0.8782729451850899, 0.878272945184493, 0.878272945183979, 0.8782729451835368, 0.8782729451831565, 0.8782729451828292, 0.8782729451825477, 0.8782729451823053, 0.8782729451820969, 0.8782729451819172, 0.878272945181763, 0.8782729451816305, 0.8782729451815162, 0.878272945181418, 0.8782729451813337, 0.8782729451812606, 0.8782729451811985, 0.8782729451811443, 0.8782729451810981, 0.8782729451810581, 0.8782729451810237, 0.8782729451809941, 0.8782729451809688, 0.8782729451809468, 0.8782729451809279, 0.8782729451809119, 0.8782729451808979, 0.8782729451808859, 0.8782729451808758, 0.8782729451808673, 0.8782729451808596, 0.8782729451808527, 0.8782729451808473, 0.8782729451808424, 0.8782729451808382, 0.8782729451808345, 0.8782729451808314, 0.8782729451808289, 0.8782729451808265, 0.8782729451808245, 0.8782729451808226, 0.8782729451808213, 0.87827294518082, 0.8782729451808189, 0.8782729451808183, 0.8782729451808172, 0.8782729451808166, 0.8782729451808159, 0.8782729451808151, 0.878272945180815, 0.8782729451808147, 0.8782729451808144, 0.8782729451808142, 0.8782729451808141, 0.8782729451808139, 0.8782729451808134, 0.8782729451808136, 0.8782729451808132, 0.878272945180813, 0.8782729451808133, 0.8782729451808131, 0.8782729451808128, 0.878272945180813, 0.878272945180813, 0.8782729451808127, 0.8782729451808129, 0.8782729451808127, 0.8782729451808126, 0.8782729451808126, 0.8782729451808123, 0.8782729451808106, 0.8782729451808016, 0.878272945180749, 0.8782729451804411, 0.8782729451786428, 0.8782729451681462, 0.8782729451068666, 0.8782729447491174, 0.8782729426605815, 0.878272930467745, 0.8782728592861611, 0.8782724437293107, 0.878270017718528, 0.8782558548250871, 0.8781731761293335, 0.8776906372319678, 0.8748782790951405, 0.8586183675376793, 0.7688206975225191, 0.3769893704162423, -0.3769893704162743, -0.768820697522528, -0.8586183675376808, -0.8748782790951413, -0.877690637231968, -0.8781731761293332, -0.8782558548250874, -0.8782700177185282, -0.8782724437293109, -0.8782728592861607, -0.8782729304677449, -0.8782729426605816, -0.878272944749117, -0.8782729451068664, -0.8782729451681461, -0.878272945178643, -0.8782729451804407, -0.8782729451807486, -0.8782729451808015, -0.8782729451808103, -0.8782729451808119, -0.8782729451808126, -0.8782729451808124, -0.8782729451808127, -0.8782729451808127, -0.8782729451808127, -0.8782729451808126, -0.8782729451808127, -0.8782729451808128, -0.8782729451808128, -0.8782729451808127, -0.8782729451808131, -0.8782729451808134, -0.8782729451808134, -0.8782729451808133, -0.8782729451808137, -0.8782729451808141, -0.8782729451808142, -0.8782729451808142, -0.8782729451808147, -0.8782729451808151, -0.8782729451808158, -0.8782729451808158, -0.8782729451808166, -0.8782729451808173, -0.8782729451808182, -0.878272945180819, -0.87827294518082, -0.8782729451808214, -0.8782729451808228, -0.8782729451808247, -0.8782729451808265, -0.8782729451808289, -0.8782729451808311, -0.8782729451808342, -0.8782729451808378, -0.8782729451808422, -0.8782729451808469, -0.8782729451808525, -0.8782729451808592, -0.8782729451808668, -0.8782729451808761, -0.8782729451808863, -0.8782729451808985, -0.8782729451809121, -0.8782729451809282, -0.878272945180947, -0.8782729451809688, -0.8782729451809943, -0.8782729451810236, -0.8782729451810581, -0.8782729451810979, -0.8782729451811441, -0.8782729451811979, -0.8782729451812605, -0.8782729451813336, -0.8782729451814181, -0.8782729451815161, -0.8782729451816301, -0.8782729451817631, -0.8782729451819178, -0.8782729451820969, -0.878272945182305, -0.8782729451825474, -0.8782729451828293, -0.8782729451831564, -0.8782729451835367, -0.878272945183979, -0.8782729451844927, -0.8782729451850899, -0.8782729451857841, -0.8782729451865912, -0.8782729451875289, -0.8782729451886185, -0.8782729451898854, -0.8782729451913581, -0.8782729451930695, -0.8782729451950588, -0.8782729451973705, -0.8782729452000578, -0.8782729452031811, -0.8782729452068114, -0.87827294521103, -0.8782729452159341, -0.8782729452216338, -0.8782729452282584, -0.8782729452359576, -0.878272945244907, -0.8782729452553081, -0.8782729452673976, -0.8782729452814486, -0.87827294529778, -0.878272945316762, -0.8782729453388242, -0.8782729453644668, -0.8782729453942705, -0.8782729454289111, -0.8782729454691733, -0.8782729455159692, -0.8782729455703593, -0.8782729456335759, -0.8782729457070516, -0.8782729457924512, -0.8782729458917095, -0.8782729460070757, -0.8782729461411637, -0.8782729462970121, -0.8782729464781517, -0.8782729466886872, -0.878272946933389, -0.8782729472178012, -0.8782729475483688, -0.878272947932582, -0.8782729483791462, -0.8782729488981794, -0.8782729495014427, -0.8782729502026057, -0.8782729510175553, -0.8782729519647562, -0.8782729530656719, -0.8782729543452467, -0.8782729558324743, -0.8782729575610532, -0.8782729595701508, -0.8782729619052899, -0.8782729646193819, -0.8782729677739238, -0.8782729714403945, -0.87827297570187, -0.8782729806549106, -0.8782729864117449, -0.8782729931028168, -0.8782730008797377, -0.878273009918723, -0.8782730204245861, -0.8782730326353791, -0.8782730468277868, -0.8782730633233955, 