c = [1.0, 0.9283910962816538, 0.9091840872323858, 0.900072286508606, 0.8946157910729295, 0.8909640408105063, 0.8883589085487615, 0.8864209040068177, 0.8849356970615575, 0.8837720555468198, 0.8828447573941911, 0.8820958937593875, 0.8814846666096486, 0.8809814713995684, 0.8805642926992023, 0.8802164178578585, 0.8799249361749304, 0.8796797242623237, 0.879472742274148, 0.879297534603437, 0.8791488684540395, 0.8790224674666685, 0.8789148121943355, 0.8788229884460556, 0.8787445704749663, 0.8786775299156517, 0.8786201640156784, 0.8785710385114345, 0.8785289417520254, 0.8784928475584528, 0.8784618849362861, 0.8784353132164486, 0.8784125015327804, 0.8783929117922644, 0.878376084478773, 0.8783616267709528, 0.8783492025615199, 0.8783385240474028, 0.8783293446240046, 0.8783214528669144, 0.8783146674239306, 0.878308832671777, 0.8783038150171477, 0.8782994997421394, 0.8782957883107114, 0.8782925960664177, 0.8782898502627887, 0.8782874883769922, 0.8782854566650555, 0.8782837089233254, 0.8782822054261931, 0.8782809120146053, 0.8782797993136595, 0.8782788420607921, 0.8782780185287627, 0.8782773100299441, 0.8782767004903645, 0.878276176083634, 0.8782757249162764, 0.8782753367572201, 0.8782750028052223, 0.8782747154888843, 0.8782744682946823, 0.878274255619074, 0.8782740726413041, 0.8782739152140039, 0.8782737797690954, 0.8782736632368491, 0.8782735629762656, 0.8782734767151787, 0.8782734024987361, 0.8782733386450801, 0.8782732837072154, 0.8782732364402073, 0.8782731957729653, 0.8782731607839624, 0.8782731306803496, 0.8782731047799871, 0.8782730824959833, 0.8782730633233955, 0.8782730468277866, 0.8782730326353791, 0.8782730204245862, 0.8782730099187229, 0.8782730008797375, 0.8782729931028167, 0.878272986411745, 0.8782729806549106, 0.8782729757018702, 0.8782729714403943, 0.8782729677739242, 0.8782729646193818, 0.8782729619052903, 0.8782729595701513, 0.8782729575610534, 0.8782729558324747, 0.8782729543452469, 0.8782729530656714, 0.8782729519647562, 0.8782729510175551, 0.8782729502026058, 0.878272949501443, 0.8782729488981794, 0.8782729483791462, 0.8782729479325818, 0.8782729475483689, 0.8782729472178014, 0.8782729469333888, 0.878272946688687, 0.8782729464781516, 0.8782729462970118, 0.8782729461411637, 0.8782729460070758, 0.8782729458917098, 0.8782729457924511, 0.8782729457070517, 0.8782729456335764, 0.8782729455703596, 0.8782729455159692, 0.8782729454691736, 0.8782729454289113, 0.878272945394271, 0.8782729453644668, 0.8782729453388246, 0.8782729453167621, 0.8782729452977803, 0.8782729452814484, 0.8782729452673975, 0.878272945255308, 0.8782729452449066, 0.8782729452359573, 0.8782729452282576, 0.8782729452216337, 0.878272945215934, 0.8782729452110295, 0.8782729452068108, 0.8782729452031809, 0.8782729452000574, 0.8782729451973705, 0.8782729451950585, 0.8782729451930692, 0.8782729451913581, 0.8782729451898854, 0.8782729451886192, 0.8782729451875289, 0.8782729451865908, 0.8782729451857844, 0.8782729451850904, 0.878272945184493, 0.878272945183979, 0.878272945183537, 0.8782729451831566, 0.878272945182829, 0.8782729451825472, 0.8782729451823048, 0.8782729451820963, 0.8782729451819172, 0.878272945181763, 0.8782729451816303, 0.8782729451815163, 0.878272945181418, 0.8782729451813337, 0.8782729451812606, 0.8782729451811981, 0.8782729451811442, 0.8782729451810978, 0.8782729451810579, 0.8782729451810237, 0.8782729451809941, 0.8782729451809684, 0.8782729451809467, 0.8782729451809279, 0.8782729451809116, 0.878272945180898, 0.8782729451808865, 0.8782729451808763, 0.878272945180867, 0.8782729451808595, 0.8782729451808532, 0.8782729451808474, 0.8782729451808423, 0.8782729451808379, 0.8782729451808345, 0.8782729451808313, 0.8782729451808285, 0.8782729451808262, 0.8782729451808244, 0.8782729451808229, 0.8782729451808213, 0.8782729451808203, 0.8782729451808189, 0.8782729451808179, 0.8782729451808171, 0.8782729451808162, 0.8782729451808158, 0.8782729451808156, 0.8782729451808151, 0.8782729451808144, 0.8782729451808146, 0.8782729451808143, 0.8782729451808136, 0.8782729451808137, 0.8782729451808136, 0.878272945180813, 0.8782729451808133, 0.8782729451808132, 0.8782729451808126, 0.8782729451808128, 0.8782729451808129, 0.8782729451808126, 0.8782729451808127, 0.8782729451808124, 0.8782729451808123, 0.8782729451808124, 0.8782729451808127, 0.8782729451808123, 0.8782729451808123, 0.8782729451808123, 0.8782729451808107, 0.8782729451808015, 0.8782729451807487, 0.8782729451804405, 0.878272945178643, 0.8782729451681458, 0.8782729451068666, 0.8782729447491172, 0.8782729426605815, 0.8782729304677446, 0.8782728592861605, 0.8782724437293106, 0.8782700177185276, 0.878255854825087, 0.8781731761293333, 0.8776906372319678, 0.8748782790951412, 0.8586183675376795, 0.7688206975225201, 0.3769893704162448, -0.3769893704162721, -0.7688206975225276, -0.8586183675376807, -0.874878279095141, -0.8776906372319683, -0.8781731761293334, -0.878255854825087, -0.8782700177185282, -0.8782724437293107, -0.8782728592861608, -0.8782729304677445, -0.8782729426605815, -0.8782729447491172, -0.8782729451068664, -0.8782729451681458, -0.8782729451786424, -0.8782729451804406, -0.8782729451807486, -0.8782729451808019, -0.8782729451808107, -0.8782729451808123, -0.8782729451808126, -0.8782729451808123, -0.8782729451808123, -0.8782729451808126, -0.8782729451808127, -0.8782729451808128, -0.8782729451808124, -0.8782729451808129, -0.8782729451808131, -0.878272945180813, -0.8782729451808129, -0.878272945180813, -0.8782729451808136, -0.8782729451808136, -0.8782729451808133, -0.8782729451808136, -0.878272945180814, -0.8782729451808143, -0.8782729451808143, -0.8782729451808149, -0.8782729451808153, -0.8782729451808159, -0.8782729451808162, -0.8782729451808163, -0.8782729451808171, -0.8782729451808176, -0.8782729451808189, -0.87827294518082, -0.8782729451808213, -0.8782729451808226, -0.8782729451808241, -0.8782729451808262, -0.8782729451808288, -0.8782729451808312, -0.8782729451808345, -0.8782729451808383, -0.8782729451808425, -0.8782729451808474, -0.8782729451808529, -0.8782729451808596, -0.8782729451808668, -0.8782729451808757, -0.878272945180886, -0.8782729451808979, -0.8782729451809123, -0.8782729451809282, -0.8782729451809472, -0.878272945180969, -0.878272945180994, -0.8782729451810237, -0.8782729451810579, -0.878272945181098, -0.8782729451811443, -0.8782729451811979, -0.8782729451812604, -0.8782729451813331, -0.8782729451814182, -0.8782729451815162, -0.8782729451816301, -0.8782729451817631, -0.8782729451819178, -0.878272945182097, -0.8782729451823055, -0.878272945182548, -0.878272945182829, -0.8782729451831561, -0.8782729451835365, -0.8782729451839787, -0.8782729451844927, -0.87827294518509, -0.8782729451857841, -0.8782729451865912, -0.878272945187529, -0.878272945188619, -0.8782729451898857, -0.8782729451913582, -0.8782729451930694, -0.8782729451950589, -0.8782729451973704, -0.8782729452000579, -0.8782729452031812, -0.878272945206811, -0.8782729452110298, -0.8782729452159336, -0.878272945221633, -0.8782729452282578, -0.8782729452359574, -0.8782729452449063, -0.8782729452553081, -0.8782729452673974, -0.8782729452814488, -0.8782729452977801, -0.8782729453167617, -0.8782729453388244, -0.8782729453644667, -0.8782729453942706, -0.8782729454289112, -0.8782729454691734, -0.8782729455159696, -0.8782729455703595, -0.8782729456335765, -0.8782729457070522, -0.8782729457924516, -0.8782729458917097, -0.8782729460070761, -0.8782729461411639, -0.8782729462970118, -0.8782729464781516, -0.8782729466886874, -0.8782729469333892, -0.8782729472178014, -0.8782729475483689, -0.8782729479325818, -0.8782729483791463, -0.8782729488981794, -0.878272949501443, -0.8782729502026057, -0.8782729510175548, -0.878272951964756, -0.8782729530656719, -0.8782729543452464, -0.8782729558324742, -0.8782729575610532, -0.8782729595701507, -0.8782729619052899, -0.878272964619382, -0.8782729677739236, -0.878272971440394, -0.8782729757018699, -0.8782729806549104, -0.878272986411745, -0.8782729931028169, -0.8782730008797378, -0.8782730099187228, -0.8782730204245862, -0.8782730326353791, 