c = [1.0, 0.9283910962816541, 0.9091840872323855, 0.9000722865086056, 0.8946157910729299, 0.8909640408105068, 0.8883589085487615, 0.8864209040068176, 0.8849356970615573, 0.8837720555468195, 0.8828447573941911, 0.8820958937593877, 0.8814846666096484, 0.8809814713995682, 0.8805642926992024, 0.8802164178578586, 0.8799249361749303, 0.8796797242623237, 0.879472742274148, 0.879297534603437, 0.87914886845404, 0.879022467466669, 0.8789148121943353, 0.8788229884460553, 0.8787445704749662, 0.8786775299156516, 0.8786201640156786, 0.8785710385114344, 0.8785289417520261, 0.8784928475584534, 0.8784618849362859, 0.8784353132164484, 0.8784125015327802, 0.8783929117922643, 0.8783760844787736, 0.8783616267709534, 0.8783492025615199, 0.8783385240474025, 0.878329344624005, 0.8783214528669152, 0.8783146674239306, 0.8783088326717766, 0.8783038150171478, 0.8782994997421396, 0.8782957883107121, 0.8782925960664183, 0.8782898502627889, 0.8782874883769924, 0.8782854566650551, 0.8782837089233249, 0.8782822054261933, 0.8782809120146061, 0.8782797993136603, 0.8782788420607925, 0.8782780185287632, 0.8782773100299439, 0.8782767004903645, 0.8782761760836341, 0.8782757249162765, 0.8782753367572206, 0.8782750028052223, 0.8782747154888839, 0.8782744682946819, 0.878274255619074, 0.8782740726413043, 0.8782739152140039, 0.878273779769095, 0.8782736632368493, 0.8782735629762654, 0.878273476715178, 0.8782734024987363, 0.8782733386450801, 0.878273283707215, 0.8782732364402068, 0.8782731957729649, 0.8782731607839622, 0.8782731306803497, 0.8782731047799869, 0.8782730824959831, 0.8782730633233955, 0.8782730468277865, 0.8782730326353791, 0.878273020424586, 0.8782730099187227, 0.8782730008797374, 0.8782729931028174, 0.8782729864117453, 0.8782729806549102, 0.8782729757018701, 0.8782729714403943, 0.878272967773924, 0.8782729646193821, 0.8782729619052897, 0.8782729595701507, 0.8782729575610535, 0.8782729558324742, 0.8782729543452465, 0.8782729530656718, 0.8782729519647561, 0.8782729510175548, 0.8782729502026058, 0.8782729495014431, 0.8782729488981791, 0.8782729483791458, 0.8782729479325818, 0.8782729475483687, 0.8782729472178014, 0.8782729469333886, 0.8782729466886869, 0.8782729464781516, 0.878272946297012, 0.8782729461411641, 0.8782729460070754, 0.8782729458917093, 0.8782729457924515, 0.8782729457070519, 0.8782729456335763, 0.8782729455703597, 0.8782729455159696, 0.8782729454691738, 0.8782729454289112, 0.8782729453942711, 0.8782729453644669, 0.8782729453388245, 0.8782729453167619, 0.8782729452977803, 0.8782729452814486, 0.8782729452673975, 0.878272945255308, 0.8782729452449065, 0.8782729452359579, 0.8782729452282582, 0.8782729452216331, 0.878272945215934, 0.8782729452110302, 0.8782729452068109, 0.8782729452031809, 0.8782729452000575, 0.8782729451973704, 0.8782729451950587, 0.8782729451930693, 0.8782729451913585, 0.8782729451898856, 0.8782729451886184, 0.8782729451875287, 0.8782729451865912, 0.8782729451857842, 0.8782729451850899, 0.8782729451844931, 0.8782729451839791, 0.8782729451835367, 0.8782729451831564, 0.8782729451828288, 0.8782729451825473, 0.8782729451823053, 0.8782729451820968, 0.8782729451819175, 0.8782729451817634, 0.8782729451816303, 0.8782729451815166, 0.878272945181418, 0.8782729451813336, 0.8782729451812606, 0.8782729451811978, 0.8782729451811441, 0.878272945181098, 0.8782729451810578, 0.8782729451810234, 0.878272945180994, 0.8782729451809687, 0.8782729451809468, 0.8782729451809284, 0.8782729451809124, 0.8782729451808984, 0.878272945180886, 0.878272945180876, 0.8782729451808673, 0.8782729451808594, 0.8782729451808525, 0.878272945180847, 0.8782729451808424, 0.8782729451808382, 0.8782729451808345, 0.8782729451808311, 0.8782729451808288, 0.8782729451808267, 0.8782729451808247, 0.8782729451808228, 0.878272945180821, 0.8782729451808198, 0.8782729451808189, 0.8782729451808177, 0.8782729451808171, 0.8782729451808168, 0.8782729451808161, 0.8782729451808154, 0.8782729451808153, 0.8782729451808148, 0.8782729451808141, 0.8782729451808143, 0.878272945180814, 0.8782729451808136, 0.8782729451808139, 0.8782729451808137, 0.8782729451808129, 0.8782729451808133, 0.8782729451808131, 0.8782729451808128, 0.8782729451808128, 0.8782729451808124, 0.8782729451808124, 0.8782729451808128, 0.8782729451808128, 0.8782729451808124, 0.8782729451808123, 0.8782729451808128, 0.8782729451808127, 0.8782729451808126, 0.8782729451808122, 0.8782729451808106, 0.8782729451808019, 0.8782729451807487, 0.878272945180441, 0.8782729451786431, 0.8782729451681462, 0.8782729451068664, 0.878272944749117, 0.8782729426605818, 0.8782729304677445, 0.8782728592861606, 0.8782724437293107, 0.8782700177185279, 0.8782558548250876, 0.8781731761293335, 0.8776906372319686, 0.8748782790951414, 0.8586183675376795, 0.7688206975225201, 0.37698937041624425, -0.37698937041627223, -0.7688206975225279, -0.858618367537681, -0.8748782790951408, -0.8776906372319682, -0.8781731761293332, -0.8782558548250871, -0.8782700177185278, -0.8782724437293106, -0.878272859286161, -0.8782729304677446, -0.8782729426605811, -0.8782729447491165, -0.878272945106866, -0.8782729451681458, -0.8782729451786431, -0.8782729451804407, -0.8782729451807488, -0.8782729451808015, -0.8782729451808102, -0.8782729451808117, -0.8782729451808121, -0.8782729451808122, -0.8782729451808126, -0.8782729451808122, -0.8782729451808126, -0.878272945180813, -0.8782729451808129, -0.8782729451808127, -0.8782729451808126, -0.878272945180813, -0.8782729451808131, -0.8782729451808128, -0.878272945180813, -0.8782729451808132, -0.8782729451808136, -0.8782729451808133, -0.8782729451808138, -0.8782729451808142, -0.8782729451808144, -0.8782729451808147, -0.8782729451808146, -0.8782729451808151, -0.8782729451808154, -0.8782729451808161, -0.8782729451808166, -0.8782729451808173, -0.8782729451808178, -0.8782729451808187, -0.8782729451808198, -0.8782729451808211, -0.8782729451808226, -0.8782729451808243, -0.8782729451808268, -0.8782729451808291, -0.8782729451808318, -0.8782729451808345, -0.8782729451808382, -0.8782729451808422, -0.878272945180847, -0.8782729451808525, -0.8782729451808591, -0.8782729451808668, -0.8782729451808755, -0.8782729451808863, -0.8782729451808982, -0.8782729451809118, -0.8782729451809285, -0.878272945180947, -0.878272945180969, -0.8782729451809942, -0.8782729451810235, -0.8782729451810576, -0.8782729451810976, -0.8782729451811443, -0.8782729451811978, -0.8782729451812602, -0.8782729451813331, -0.878272945181418, -0.8782729451815164, -0.8782729451816308, -0.8782729451817637, -0.8782729451819175, -0.8782729451820965, -0.8782729451823049, -0.8782729451825473, -0.878272945182829, -0.8782729451831562, -0.8782729451835365, -0.8782729451839789, -0.878272945184493, -0.8782729451850904, -0.8782729451857844, -0.8782729451865912, -0.878272945187529, -0.8782729451886192, -0.8782729451898859, -0.8782729451913583, -0.87827294519307, -0.878272945195059, -0.8782729451973706, -0.8782729452000576, -0.8782729452031809, -0.878272945206811, -0.87827294521103, -0.8782729452159337, -0.8782729452216338, -0.878272945228258, -0.8782729452359577, -0.8782729452449066, -0.878272945255308, -0.8782729452673974, -0.8782729452814485, -0.8782729452977801, -0.8782729453167618, -0.8782729453388243, -0.878272945364467, -0.8782729453942707, -0.8782729454289114, -0.8782729454691734, -0.8782729455159696, -0.8782729455703594, -0.8782729456335765, -0.8782729457070519, -0.8782729457924512, -0.8782729458917095, -0.8782729460070758, -0.878272946141164, -0.878272946297012, -0.8782729464781516, -0.878272946688687, -0.878272946933389, -0.8782729472178011, -0.8782729475483686, -0.8782729479325815, -0.8782729483791454, -0.8782729488981788, -0.8782729495014429, -0.8782729502026053, -0.8782729510175546, -0.8782729519647559, -0.8782729530656717, -0.8782729543452467, -0.8782729558324746, -0.8782729575610531, -0.8782729595701506, -0.87827296190529, -0.878272964619382, -0.878272967773924, -0.8782729714403945, -0.87827297570187, -0.8782729806549101, -0.8782729864117449, -0.8782729931028168, -0.8782730008797377, -0.8782730099187229, 