c = [1.0, 0.9283910962816535, 0.9091840872323859, 0.9000722865086063, 0.89461579107293, 0.8909640408105067, 0.8883589085487614, 0.8864209040068173, 0.8849356970615574, 0.8837720555468198, 0.882844757394191, 0.8820958937593874, 0.8814846666096487, 0.8809814713995682, 0.8805642926992023, 0.8802164178578585, 0.8799249361749302, 0.8796797242623235, 0.8794727422741485, 0.8792975346034374, 0.8791488684540397, 0.8790224674666685, 0.8789148121943349, 0.878822988446055, 0.878744570474966, 0.8786775299156513, 0.8786201640156788, 0.8785710385114349, 0.8785289417520258, 0.8784928475584529, 0.8784618849362854, 0.8784353132164479, 0.8784125015327804, 0.8783929117922644, 0.878376084478773, 0.8783616267709528, 0.8783492025615197, 0.8783385240474028, 0.8783293446240047, 0.8783214528669147, 0.8783146674239304, 0.8783088326717766, 0.8783038150171484, 0.8782994997421399, 0.8782957883107121, 0.8782925960664181, 0.8782898502627884, 0.8782874883769918, 0.8782854566650549, 0.8782837089233252, 0.8782822054261935, 0.8782809120146063, 0.8782797993136604, 0.8782788420607922, 0.8782780185287631, 0.8782773100299439, 0.8782767004903647, 0.8782761760836344, 0.8782757249162766, 0.8782753367572202, 0.8782750028052223, 0.8782747154888839, 0.8782744682946825, 0.8782742556190744, 0.8782740726413046, 0.8782739152140048, 0.8782737797690954, 0.8782736632368493, 0.8782735629762659, 0.8782734767151784, 0.8782734024987363, 0.8782733386450802, 0.8782732837072149, 0.8782732364402072, 0.8782731957729654, 0.8782731607839622, 0.8782731306803497, 0.8782731047799872, 0.8782730824959835, 0.8782730633233959, 0.8782730468277866, 0.8782730326353791, 0.878273020424586, 0.8782730099187234, 0.8782730008797381, 0.878272993102817, 0.8782729864117453, 0.8782729806549104, 0.8782729757018704, 0.878272971440395, 0.8782729677739244, 0.8782729646193822, 0.8782729619052905, 0.878272959570151, 0.8782729575610537, 0.8782729558324748, 0.878272954345247, 0.878272953065672, 0.8782729519647566, 0.8782729510175555, 0.8782729502026059, 0.8782729495014434, 0.8782729488981795, 0.8782729483791458, 0.878272947932582, 0.8782729475483689, 0.8782729472178011, 0.8782729469333889, 0.8782729466886875, 0.8782729464781522, 0.8782729462970119, 0.8782729461411639, 0.8782729460070761, 0.8782729458917099, 0.8782729457924516, 0.8782729457070523, 0.8782729456335764, 0.8782729455703601, 0.8782729455159692, 0.8782729454691738, 0.8782729454289113, 0.878272945394271, 0.8782729453644668, 0.8782729453388244, 0.8782729453167621, 0.8782729452977804, 0.8782729452814487, 0.8782729452673974, 0.8782729452553084, 0.8782729452449072, 0.8782729452359574, 0.8782729452282583, 0.8782729452216338, 0.8782729452159339, 0.8782729452110303, 0.8782729452068109, 0.8782729452031808, 0.8782729452000578, 0.8782729451973706, 0.878272945195059, 0.8782729451930695, 0.8782729451913579, 0.8782729451898859, 0.8782729451886193, 0.8782729451875291, 0.8782729451865909, 0.8782729451857842, 0.8782729451850902, 0.8782729451844927, 0.8782729451839788, 0.8782729451835366, 0.8782729451831562, 0.8782729451828291, 0.8782729451825477, 0.8782729451823053, 0.8782729451820972, 0.8782729451819176, 0.8782729451817635, 0.8782729451816305, 0.8782729451815166, 0.8782729451814181, 0.8782729451813333, 0.8782729451812605, 0.878272945181198, 0.8782729451811442, 0.8782729451810978, 0.8782729451810579, 0.8782729451810237, 0.8782729451809941, 0.8782729451809691, 0.8782729451809475, 0.8782729451809287, 0.878272945180912, 0.8782729451808984, 0.8782729451808867, 0.8782729451808762, 0.8782729451808671, 0.8782729451808595, 0.8782729451808532, 0.8782729451808472, 0.8782729451808424, 0.8782729451808379, 0.8782729451808347, 0.8782729451808315, 0.878272945180829, 0.8782729451808267, 0.8782729451808241, 0.8782729451808226, 0.8782729451808213, 0.8782729451808198, 0.8782729451808189, 0.8782729451808183, 0.8782729451808174, 0.8782729451808167, 0.8782729451808164, 0.8782729451808158, 0.8782729451808149, 0.878272945180815, 0.8782729451808144, 0.878272945180814, 0.8782729451808143, 0.878272945180814, 0.8782729451808133, 0.8782729451808134, 0.8782729451808134, 0.8782729451808131, 0.878272945180813, 0.8782729451808128, 0.8782729451808127, 0.8782729451808129, 0.8782729451808129, 0.8782729451808126, 0.8782729451808127, 0.8782729451808129, 0.8782729451808129, 0.8782729451808126, 0.8782729451808126, 0.8782729451808124, 0.8782729451808127, 0.878272945180812, 0.8782729451808108, 0.8782729451808017, 0.8782729451807489, 0.8782729451804407, 0.8782729451786428, 0.8782729451681465, 0.8782729451068664, 0.878272944749117, 0.8782729426605816, 0.8782729304677447, 0.8782728592861613, 0.8782724437293108, 0.8782700177185284, 0.8782558548250876, 0.8781731761293335, 0.8776906372319684, 0.8748782790951412, 0.8586183675376794, 0.7688206975225195, 0.3769893704162422, -0.37698937041627456, -0.7688206975225286, -0.8586183675376812, -0.8748782790951412, -0.8776906372319679, -0.8781731761293334, -0.8782558548250876, -0.8782700177185282, -0.8782724437293105, -0.8782728592861606, -0.8782729304677445, -0.8782729426605815, -0.8782729447491174, -0.8782729451068666, -0.8782729451681462, -0.878272945178643, -0.8782729451804406, -0.8782729451807486, -0.8782729451808015, -0.8782729451808109, -0.8782729451808123, -0.8782729451808123, -0.8782729451808127, -0.8782729451808129, -0.8782729451808129, -0.8782729451808127, -0.8782729451808127, -0.878272945180813, -0.878272945180813, -0.8782729451808127, -0.8782729451808127, -0.8782729451808129, -0.8782729451808132, -0.878272945180813, -0.8782729451808133, -0.8782729451808136, -0.8782729451808138, -0.8782729451808139, -0.8782729451808137, -0.8782729451808139, -0.878272945180814, -0.8782729451808148, -0.8782729451808147, -0.878272945180815, -0.8782729451808152, -0.8782729451808156, -0.8782729451808162, -0.878272945180817, -0.8782729451808179, -0.878272945180819, -0.8782729451808204, -0.8782729451808218, -0.8782729451808231, -0.8782729451808248, -0.8782729451808269, -0.8782729451808289, -0.8782729451808315, -0.8782729451808345, -0.878272945180838, -0.8782729451808425, -0.878272945180847, -0.878272945180853, -0.8782729451808595, -0.8782729451808667, -0.8782729451808761, -0.8782729451808863, -0.8782729451808984, -0.8782729451809123, -0.8782729451809281, -0.8782729451809467, -0.8782729451809687, -0.8782729451809945, -0.8782729451810237, -0.8782729451810578, -0.8782729451810979, -0.8782729451811444, -0.8782729451811981, -0.8782729451812608, -0.8782729451813337, -0.8782729451814177, -0.878272945181516, -0.8782729451816302, -0.878272945181763, -0.8782729451819175, -0.8782729451820968, -0.878272945182305, -0.8782729451825475, -0.8782729451828293, -0.8782729451831567, -0.878272945183537, -0.8782729451839791, -0.8782729451844928, -0.8782729451850907, -0.8782729451857844, -0.8782729451865915, -0.8782729451875294, -0.8782729451886191, -0.8782729451898856, -0.8782729451913581, -0.8782729451930695, -0.8782729451950589, -0.8782729451973706, -0.8782729452000575, -0.8782729452031811, -0.8782729452068111, -0.8782729452110303, -0.8782729452159339, -0.8782729452216333, -0.8782729452282582, -0.8782729452359574, -0.8782729452449067, -0.878272945255308, -0.8782729452673975, -0.878272945281449, -0.8782729452977804, -0.8782729453167624, -0.8782729453388246, -0.8782729453644673, -0.878272945394271, -0.8782729454289117, -0.8782729454691737, -0.8782729455159697, -0.8782729455703597, -0.8782729456335767, -0.8782729457070524, -0.8782729457924517, -0.8782729458917099, -0.8782729460070761, -0.8782729461411646, -0.8782729462970125, -0.878272946478152, -0.8782729466886875, -0.8782729469333891, -0.8782729472178012, -0.8782729475483692, -0.8782729479325818, -0.8782729483791458, -0.8782729488981792, -0.8782729495014432, -0.878272950202606, -0.8782729510175553, -0.8782729519647561, -0.8782729530656715, -0.8782729543452469, -0.8782729558324747, -0.8782729575610534, -0.878272959570151, -0.8782729619052903, -0.8782729646193818, -0.8782729677739238, -0.8782729714403942, -0.8782729757018699, -0.8782729806549104, -0.8782729864117453, -0.8782729931028173,