c = [1.0, 0.9283910962816541, 0.9091840872323858, 0.9000722865086059, 0.8946157910729297, 0.8909640408105064, 0.8883589085487615, 0.8864209040068175, 0.8849356970615572, 0.8837720555468193, 0.882844757394191, 0.8820958937593872, 0.8814846666096482, 0.8809814713995676, 0.8805642926992021, 0.8802164178578582, 0.8799249361749304, 0.879679724262324, 0.8794727422741482, 0.8792975346034372, 0.8791488684540394, 0.8790224674666686, 0.8789148121943349, 0.8788229884460549, 0.8787445704749666, 0.8786775299156521, 0.8786201640156787, 0.8785710385114345, 0.8785289417520253, 0.8784928475584528, 0.8784618849362857, 0.8784353132164484, 0.8784125015327799, 0.8783929117922642, 0.8783760844787732, 0.8783616267709532, 0.8783492025615197, 0.8783385240474024, 0.8783293446240048, 0.8783214528669151, 0.878314667423931, 0.8783088326717772, 0.8783038150171486, 0.8782994997421402, 0.8782957883107118, 0.8782925960664176, 0.8782898502627884, 0.8782874883769922, 0.8782854566650554, 0.8782837089233257, 0.878282205426194, 0.8782809120146061, 0.8782797993136602, 0.8782788420607922, 0.8782780185287631, 0.8782773100299444, 0.8782767004903645, 0.8782761760836338, 0.8782757249162764, 0.87827533675722, 0.8782750028052224, 0.8782747154888841, 0.8782744682946825, 0.8782742556190747, 0.8782740726413042, 0.878273915214004, 0.8782737797690954, 0.8782736632368493, 0.8782735629762657, 0.8782734767151782, 0.8782734024987362, 0.8782733386450803, 0.878273283707215, 0.8782732364402073, 0.8782731957729653, 0.8782731607839624, 0.8782731306803498, 0.8782731047799873, 0.8782730824959832, 0.8782730633233956, 0.8782730468277866, 0.8782730326353797, 0.8782730204245865, 0.8782730099187229, 0.8782730008797378, 0.8782729931028171, 0.8782729864117454, 0.8782729806549109, 0.87827297570187, 0.8782729714403946, 0.8782729677739245, 0.8782729646193818, 0.8782729619052903, 0.8782729595701512, 0.8782729575610537, 0.8782729558324747, 0.8782729543452471, 0.8782729530656721, 0.8782729519647561, 0.8782729510175551, 0.8782729502026059, 0.878272949501443, 0.8782729488981794, 0.8782729483791457, 0.8782729479325818, 0.878272947548369, 0.8782729472178016, 0.8782729469333892, 0.878272946688687, 0.8782729464781516, 0.8782729462970124, 0.8782729461411642, 0.8782729460070758, 0.8782729458917099, 0.8782729457924514, 0.8782729457070523, 0.8782729456335763, 0.8782729455703598, 0.8782729455159696, 0.8782729454691737, 0.8782729454289113, 0.8782729453942711, 0.878272945364467, 0.8782729453388245, 0.8782729453167621, 0.8782729452977802, 0.8782729452814491, 0.8782729452673979, 0.878272945255308, 0.8782729452449068, 0.8782729452359577, 0.8782729452282579, 0.8782729452216337, 0.8782729452159338, 0.8782729452110299, 0.8782729452068112, 0.8782729452031809, 0.878272945200058, 0.8782729451973706, 0.8782729451950585, 0.8782729451930699, 0.8782729451913585, 0.878272945189886, 0.8782729451886188, 0.8782729451875292, 0.8782729451865914, 0.8782729451857842, 0.8782729451850899, 0.8782729451844925, 0.8782729451839788, 0.8782729451835368, 0.8782729451831564, 0.8782729451828291, 0.8782729451825478, 0.8782729451823054, 0.8782729451820971, 0.8782729451819176, 0.8782729451817631, 0.8782729451816305, 0.878272945181516, 0.8782729451814179, 0.8782729451813335, 0.8782729451812604, 0.8782729451811978, 0.8782729451811441, 0.8782729451810978, 0.8782729451810577, 0.8782729451810237, 0.8782729451809945, 0.8782729451809691, 0.8782729451809468, 0.8782729451809285, 0.8782729451809124, 0.8782729451808983, 0.8782729451808863, 0.8782729451808757, 0.8782729451808672, 0.8782729451808594, 0.8782729451808529, 0.8782729451808469, 0.8782729451808424, 0.8782729451808383, 0.8782729451808347, 0.8782729451808314, 0.8782729451808285, 0.8782729451808262, 0.8782729451808244, 0.8782729451808226, 0.8782729451808212, 0.8782729451808203, 0.8782729451808191, 0.8782729451808181, 0.8782729451808177, 0.8782729451808169, 0.8782729451808159, 0.8782729451808157, 0.8782729451808152, 0.8782729451808146, 0.8782729451808148, 0.8782729451808144, 0.8782729451808137, 0.8782729451808138, 0.8782729451808137, 0.8782729451808134, 0.8782729451808133, 0.8782729451808131, 0.8782729451808129, 0.8782729451808129, 0.8782729451808129, 0.8782729451808126, 0.8782729451808126, 0.8782729451808128, 0.8782729451808128, 0.8782729451808126, 0.8782729451808127, 0.8782729451808124, 0.878272945180813, 0.8782729451808124, 0.8782729451808127, 0.8782729451808128, 0.8782729451808123, 0.8782729451808106, 0.8782729451808015, 0.8782729451807489, 0.8782729451804407, 0.8782729451786427, 0.8782729451681464, 0.8782729451068665, 0.8782729447491173, 0.8782729426605816, 0.8782729304677452, 0.8782728592861615, 0.8782724437293108, 0.8782700177185283, 0.8782558548250875, 0.8781731761293333, 0.8776906372319679, 0.8748782790951408, 0.8586183675376796, 0.7688206975225196, 0.376989370416243, -0.3769893704162736, -0.768820697522528, -0.8586183675376811, -0.8748782790951414, -0.8776906372319682, -0.8781731761293331, -0.8782558548250868, -0.8782700177185278, -0.8782724437293106, -0.8782728592861612, -0.8782729304677448, -0.8782729426605818, -0.878272944749117, -0.8782729451068664, -0.8782729451681459, -0.8782729451786427, -0.8782729451804407, -0.8782729451807489, -0.8782729451808013, -0.8782729451808108, -0.8782729451808126, -0.8782729451808126, -0.8782729451808124, -0.8782729451808123, -0.8782729451808128, -0.8782729451808126, -0.8782729451808123, -0.8782729451808124, -0.8782729451808126, -0.8782729451808129, -0.8782729451808126, -0.878272945180813, -0.8782729451808131, -0.8782729451808132, -0.8782729451808133, -0.8782729451808129, -0.8782729451808131, -0.878272945180813, -0.8782729451808137, -0.8782729451808136, -0.878272945180814, -0.8782729451808139, -0.878272945180814, -0.8782729451808143, -0.878272945180815, -0.8782729451808153, -0.8782729451808162, -0.878272945180817, -0.8782729451808174, -0.8782729451808183, -0.8782729451808191, -0.8782729451808203, -0.8782729451808211, -0.8782729451808227, -0.8782729451808244, -0.8782729451808262, -0.8782729451808288, -0.8782729451808312, -0.8782729451808347, -0.8782729451808382, -0.8782729451808422, -0.8782729451808472, -0.8782729451808527, -0.8782729451808595, -0.8782729451808673, -0.878272945180876, -0.878272945180886, -0.8782729451808979, -0.8782729451809124, -0.8782729451809281, -0.8782729451809467, -0.8782729451809688, -0.8782729451809945, -0.8782729451810238, -0.8782729451810583, -0.8782729451810983, -0.878272945181144, -0.878272945181198, -0.8782729451812604, -0.8782729451813331, -0.878272945181418, -0.8782729451815162, -0.8782729451816305, -0.8782729451817632, -0.8782729451819177, -0.8782729451820972, -0.8782729451823055, -0.8782729451825478, -0.8782729451828292, -0.8782729451831567, -0.8782729451835367, -0.8782729451839791, -0.8782729451844932, -0.8782729451850905, -0.8782729451857841, -0.878272945186591, -0.8782729451875287, -0.878272945188619, -0.8782729451898857, -0.8782729451913581, -0.8782729451930699, -0.8782729451950587, -0.8782729451973709, -0.8782729452000578, -0.878272945203181, -0.878272945206811, -0.8782729452110299, -0.8782729452159339, -0.8782729452216335, -0.878272945228258, -0.8782729452359579, -0.878272945244907, -0.8782729452553086, -0.878272945267398, -0.8782729452814491, -0.8782729452977803, -0.8782729453167625, -0.8782729453388245, -0.8782729453644669, -0.878272945394271, -0.8782729454289117, -0.878272945469174, -0.8782729455159696, -0.8782729455703595, -0.8782729456335762, -0.8782729457070522, -0.8782729457924515, -0.8782729458917097, -0.8782729460070758, -0.8782729461411637, -0.8782729462970118, -0.8782729464781517, -0.8782729466886869, -0.8782729469333886, -0.8782729472178008, -0.8782729475483689, -0.8782729479325818, -0.878272948379146, -0.8782729488981791, -0.8782729495014427, -0.8782729502026058, -0.8782729510175552, -0.8782729519647561, -0.8782729530656718, -0.8782729543452469, -0.8782729558324743, -0.8782729575610533, -0.8782729595701507, -0.8782729619052903, -0.8782729646193821, -0.8782729677739245, -0.8782729714403945, -0.8782729757018698, -0.8782729806549103,