c = [1.0, 0.9283910962816538, 0.9091840872323858, 0.9000722865086057, 0.8946157910729299, 0.8909640408105068, 0.8883589085487615, 0.8864209040068174, 0.8849356970615576, 0.8837720555468195, 0.8828447573941909, 0.8820958937593874, 0.8814846666096484, 0.880981471399568, 0.8805642926992027, 0.880216417857859, 0.8799249361749306, 0.8796797242623241, 0.8794727422741481, 0.8792975346034372, 0.8791488684540394, 0.8790224674666682, 0.8789148121943355, 0.8788229884460556, 0.8787445704749665, 0.8786775299156518, 0.8786201640156784, 0.8785710385114345, 0.8785289417520258, 0.878492847558453, 0.8784618849362854, 0.878435313216448, 0.8784125015327799, 0.8783929117922645, 0.878376084478773, 0.8783616267709526, 0.8783492025615197, 0.8783385240474025, 0.8783293446240052, 0.8783214528669151, 0.878314667423931, 0.8783088326717772, 0.878303815017148, 0.8782994997421393, 0.8782957883107114, 0.878292596066418, 0.8782898502627886, 0.8782874883769924, 0.8782854566650555, 0.8782837089233252, 0.8782822054261935, 0.8782809120146058, 0.8782797993136602, 0.8782788420607925, 0.8782780185287629, 0.8782773100299438, 0.8782767004903644, 0.8782761760836338, 0.8782757249162766, 0.8782753367572202, 0.8782750028052224, 0.8782747154888845, 0.8782744682946821, 0.878274255619074, 0.8782740726413046, 0.878273915214004, 0.878273779769095, 0.878273663236849, 0.8782735629762652, 0.8782734767151783, 0.8782734024987363, 0.8782733386450803, 0.8782732837072151, 0.8782732364402073, 0.8782731957729654, 0.8782731607839626, 0.8782731306803498, 0.8782731047799871, 0.8782730824959832, 0.8782730633233962, 0.8782730468277873, 0.8782730326353794, 0.8782730204245865, 0.8782730099187231, 0.878273000879738, 0.8782729931028175, 0.8782729864117452, 0.8782729806549107, 0.8782729757018704, 0.8782729714403942, 0.8782729677739244, 0.8782729646193821, 0.8782729619052901, 0.8782729595701512, 0.8782729575610537, 0.8782729558324749, 0.8782729543452468, 0.8782729530656719, 0.8782729519647564, 0.878272951017555, 0.8782729502026059, 0.8782729495014427, 0.8782729488981792, 0.8782729483791458, 0.8782729479325819, 0.8782729475483693, 0.878272947217801, 0.8782729469333889, 0.8782729466886874, 0.878272946478152, 0.8782729462970122, 0.8782729461411641, 0.878272946007076, 0.87827294589171, 0.8782729457924514, 0.8782729457070522, 0.8782729456335763, 0.8782729455703597, 0.8782729455159691, 0.8782729454691737, 0.8782729454289113, 0.8782729453942709, 0.8782729453644668, 0.8782729453388242, 0.8782729453167623, 0.8782729452977805, 0.8782729452814486, 0.8782729452673976, 0.8782729452553084, 0.8782729452449067, 0.8782729452359577, 0.878272945228258, 0.8782729452216332, 0.8782729452159338, 0.8782729452110299, 0.8782729452068113, 0.8782729452031808, 0.8782729452000575, 0.8782729451973708, 0.8782729451950589, 0.8782729451930696, 0.8782729451913581, 0.8782729451898859, 0.8782729451886191, 0.878272945187529, 0.8782729451865912, 0.8782729451857841, 0.8782729451850899, 0.878272945184493, 0.8782729451839789, 0.8782729451835368, 0.8782729451831567, 0.8782729451828291, 0.8782729451825477, 0.8782729451823053, 0.878272945182097, 0.8782729451819176, 0.878272945181763, 0.8782729451816302, 0.8782729451815162, 0.8782729451814179, 0.878272945181333, 0.8782729451812604, 0.878272945181198, 0.8782729451811441, 0.878272945181098, 0.8782729451810585, 0.8782729451810242, 0.8782729451809941, 0.8782729451809692, 0.8782729451809473, 0.8782729451809285, 0.878272945180912, 0.878272945180898, 0.8782729451808863, 0.8782729451808758, 0.8782729451808671, 0.8782729451808592, 0.8782729451808529, 0.8782729451808473, 0.8782729451808424, 0.8782729451808383, 0.8782729451808343, 0.8782729451808313, 0.8782729451808288, 0.8782729451808262, 0.8782729451808244, 0.8782729451808231, 0.8782729451808216, 0.8782729451808201, 0.8782729451808194, 0.8782729451808184, 0.8782729451808172, 0.8782729451808169, 0.8782729451808162, 0.8782729451808153, 0.8782729451808156, 0.8782729451808152, 0.8782729451808143, 0.8782729451808142, 0.8782729451808141, 0.8782729451808137, 0.8782729451808137, 0.8782729451808133, 0.8782729451808131, 0.8782729451808132, 0.8782729451808132, 0.8782729451808127, 0.8782729451808126, 0.8782729451808129, 0.8782729451808129, 0.8782729451808126, 0.8782729451808127, 0.8782729451808126, 0.8782729451808129, 0.8782729451808126, 0.8782729451808126, 0.8782729451808127, 0.8782729451808124, 0.8782729451808122, 0.8782729451808122, 0.8782729451808121, 0.8782729451808102, 0.8782729451808013, 0.8782729451807488, 0.8782729451804406, 0.8782729451786431, 0.8782729451681461, 0.8782729451068668, 0.8782729447491172, 0.8782729426605814, 0.878272930467745, 0.8782728592861611, 0.8782724437293107, 0.8782700177185279, 0.8782558548250871, 0.8781731761293335, 0.8776906372319679, 0.8748782790951409, 0.8586183675376795, 0.76882069752252, 0.37698937041624364, -0.37698937041627323, -0.768820697522528, -0.8586183675376807, -0.8748782790951408, -0.877690637231968, -0.8781731761293334, -0.8782558548250875, -0.8782700177185281, -0.8782724437293107, -0.878272859286161, -0.8782729304677447, -0.8782729426605813, -0.8782729447491169, -0.8782729451068664, -0.8782729451681464, -0.8782729451786425, -0.8782729451804409, -0.878272945180749, -0.8782729451808016, -0.8782729451808104, -0.8782729451808119, -0.8782729451808126, -0.8782729451808124, -0.8782729451808121, -0.8782729451808122, -0.8782729451808123, -0.8782729451808126, -0.8782729451808123, -0.8782729451808127, -0.8782729451808128, -0.878272945180813, -0.878272945180813, -0.8782729451808127, -0.8782729451808129, -0.8782729451808129, -0.8782729451808132, -0.878272945180813, -0.8782729451808134, -0.8782729451808131, -0.8782729451808132, -0.8782729451808134, -0.8782729451808139, -0.8782729451808139, -0.8782729451808143, -0.8782729451808149, -0.8782729451808152, -0.8782729451808158, -0.8782729451808161, -0.8782729451808169, -0.8782729451808173, -0.878272945180818, -0.8782729451808191, -0.87827294518082, -0.8782729451808214, -0.8782729451808228, -0.8782729451808248, -0.8782729451808268, -0.8782729451808287, -0.8782729451808315, -0.8782729451808347, -0.8782729451808383, -0.8782729451808424, -0.8782729451808471, -0.8782729451808526, -0.8782729451808594, -0.8782729451808673, -0.8782729451808761, -0.878272945180886, -0.8782729451808982, -0.8782729451809124, -0.8782729451809284, -0.8782729451809471, -0.8782729451809692, -0.8782729451809941, -0.8782729451810236, -0.8782729451810578, -0.8782729451810978, -0.8782729451811442, -0.8782729451811979, -0.8782729451812604, -0.8782729451813334, -0.8782729451814181, -0.8782729451815166, -0.8782729451816307, -0.8782729451817632, -0.8782729451819177, -0.8782729451820973, -0.8782729451823053, -0.8782729451825477, -0.8782729451828294, -0.8782729451831565, -0.8782729451835367, -0.8782729451839788, -0.8782729451844927, -0.8782729451850902, -0.8782729451857842, -0.8782729451865908, -0.8782729451875292, -0.8782729451886189, -0.8782729451898857, -0.8782729451913581, -0.8782729451930693, -0.8782729451950587, -0.8782729451973704, -0.8782729452000576, -0.8782729452031808, -0.8782729452068109, -0.8782729452110299, -0.8782729452159338, -0.8782729452216336, -0.8782729452282583, -0.878272945235958, -0.8782729452449067, -0.8782729452553083, -0.8782729452673975, -0.8782729452814487, -0.8782729452977803, -0.8782729453167624, -0.8782729453388247, -0.878272945364467, -0.8782729453942708, -0.8782729454289115, -0.8782729454691738, -0.8782729455159695, -0.8782729455703597, -0.8782729456335764, -0.8782729457070519, -0.8782729457924512, -0.8782729458917098, -0.8782729460070757, -0.8782729461411637, -0.8782729462970117, -0.8782729464781517, -0.8782729466886872, -0.8782729469333889, -0.8782729472178009, -0.8782729475483686, -0.8782729479325819, -0.8782729483791459, -0.8782729488981792, -0.8782729495014429, -0.8782729502026058, -0.8782729510175548, -0.878272951964756, -0.8782729530656717, -0.8782729543452468, -0.8782729558324744, -0.8782729575610536, -0.8782729595701508, -0.8782729619052897, -0.8782729646193816, -0.8782729677739242, -0.8782729714403943, 