c = [1.0, 0.9283910962816538, 0.9091840872323858, 0.900072286508606, 0.8946157910729298, 0.8909640408105064, 0.8883589085487615, 0.8864209040068171, 0.8849356970615571, 0.8837720555468191, 0.8828447573941909, 0.8820958937593874, 0.881484666609649, 0.8809814713995686, 0.8805642926992026, 0.8802164178578588, 0.8799249361749302, 0.8796797242623238, 0.879472742274148, 0.879297534603437, 0.87914886845404, 0.879022467466669, 0.8789148121943353, 0.8788229884460553, 0.878744570474966, 0.8786775299156514, 0.8786201640156787, 0.8785710385114347, 0.8785289417520254, 0.8784928475584527, 0.8784618849362856, 0.8784353132164485, 0.87841250153278, 0.8783929117922643, 0.8783760844787731, 0.8783616267709531, 0.8783492025615202, 0.8783385240474031, 0.8783293446240055, 0.8783214528669153, 0.8783146674239307, 0.8783088326717765, 0.8783038150171478, 0.8782994997421399, 0.878295788310712, 0.8782925960664183, 0.878289850262789, 0.878287488376992, 0.8782854566650554, 0.8782837089233252, 0.8782822054261936, 0.8782809120146062, 0.87827979931366, 0.878278842060792, 0.8782780185287626, 0.8782773100299436, 0.8782767004903644, 0.8782761760836341, 0.8782757249162765, 0.8782753367572205, 0.8782750028052222, 0.8782747154888838, 0.8782744682946825, 0.8782742556190742, 0.8782740726413043, 0.8782739152140039, 0.8782737797690948, 0.878273663236849, 0.8782735629762654, 0.8782734767151782, 0.878273402498736, 0.8782733386450801, 0.8782732837072149, 0.8782732364402073, 0.8782731957729651, 0.8782731607839623, 0.8782731306803497, 0.8782731047799878, 0.8782730824959839, 0.8782730633233959, 0.878273046827787, 0.8782730326353791, 0.8782730204245864, 0.8782730099187231, 0.8782730008797377, 0.8782729931028171, 0.8782729864117453, 0.8782729806549101, 0.8782729757018699, 0.8782729714403944, 0.878272967773924, 0.878272964619382, 0.87827296190529, 0.8782729595701511, 0.8782729575610533, 0.8782729558324746, 0.8782729543452467, 0.8782729530656715, 0.8782729519647561, 0.8782729510175546, 0.8782729502026055, 0.878272949501443, 0.8782729488981795, 0.8782729483791462, 0.8782729479325815, 0.8782729475483687, 0.8782729472178014, 0.878272946933389, 0.8782729466886872, 0.8782729464781519, 0.8782729462970121, 0.8782729461411641, 0.8782729460070757, 0.8782729458917099, 0.8782729457924514, 0.878272945707052, 0.878272945633576, 0.8782729455703597, 0.8782729455159692, 0.8782729454691737, 0.8782729454289114, 0.8782729453942708, 0.8782729453644672, 0.8782729453388247, 0.8782729453167619, 0.8782729452977805, 0.878272945281449, 0.8782729452673973, 0.8782729452553082, 0.8782729452449066, 0.8782729452359572, 0.8782729452282579, 0.8782729452216332, 0.878272945215934, 0.8782729452110299, 0.8782729452068107, 0.8782729452031811, 0.8782729452000582, 0.8782729451973709, 0.8782729451950589, 0.8782729451930699, 0.8782729451913586, 0.8782729451898856, 0.8782729451886188, 0.8782729451875285, 0.8782729451865907, 0.8782729451857842, 0.87827294518509, 0.8782729451844927, 0.8782729451839791, 0.8782729451835368, 0.8782729451831567, 0.8782729451828292, 0.8782729451825476, 0.8782729451823054, 0.8782729451820965, 0.8782729451819176, 0.8782729451817632, 0.8782729451816303, 0.8782729451815161, 0.8782729451814179, 0.8782729451813335, 0.8782729451812605, 0.8782729451811983, 0.8782729451811446, 0.8782729451810982, 0.8782729451810579, 0.8782729451810241, 0.8782729451809946, 0.8782729451809691, 0.878272945180947, 0.878272945180928, 0.878272945180912, 0.8782729451808982, 0.8782729451808862, 0.8782729451808756, 0.8782729451808672, 0.8782729451808595, 0.8782729451808529, 0.8782729451808473, 0.8782729451808421, 0.878272945180838, 0.8782729451808345, 0.8782729451808312, 0.878272945180829, 0.8782729451808268, 0.8782729451808248, 0.8782729451808229, 0.8782729451808217, 0.8782729451808204, 0.8782729451808188, 0.8782729451808183, 0.8782729451808174, 0.8782729451808163, 0.8782729451808164, 0.8782729451808159, 0.8782729451808149, 0.8782729451808149, 0.8782729451808144, 0.8782729451808141, 0.8782729451808139, 0.8782729451808134, 0.8782729451808132, 0.8782729451808133, 0.8782729451808133, 0.8782729451808129, 0.8782729451808129, 0.8782729451808129, 0.8782729451808129, 0.8782729451808128, 0.8782729451808127, 0.8782729451808126, 0.8782729451808129, 0.8782729451808126, 0.8782729451808129, 0.878272945180813, 0.8782729451808127, 0.8782729451808124, 0.8782729451808126, 0.8782729451808128, 0.8782729451808123, 0.8782729451808124, 0.8782729451808123, 0.8782729451808106, 0.8782729451808019, 0.878272945180749, 0.8782729451804414, 0.8782729451786434, 0.8782729451681464, 0.8782729451068668, 0.8782729447491173, 0.8782729426605818, 0.8782729304677446, 0.8782728592861606, 0.8782724437293108, 0.878270017718528, 0.8782558548250873, 0.8781731761293335, 0.8776906372319685, 0.8748782790951409, 0.8586183675376793, 0.7688206975225191, 0.3769893704162419, -0.37698937041627467, -0.7688206975225284, -0.858618367537681, -0.8748782790951413, -0.877690637231968, -0.8781731761293334, -0.8782558548250871, -0.8782700177185276, -0.8782724437293102, -0.8782728592861606, -0.8782729304677447, -0.8782729426605816, -0.8782729447491168, -0.8782729451068665, -0.8782729451681462, -0.8782729451786428, -0.8782729451804406, -0.8782729451807486, -0.8782729451808016, -0.8782729451808106, -0.8782729451808118, -0.8782729451808123, -0.8782729451808124, -0.8782729451808127, -0.8782729451808123, -0.8782729451808127, -0.8782729451808129, -0.8782729451808128, -0.8782729451808128, -0.8782729451808126, -0.8782729451808126, -0.8782729451808124, -0.8782729451808128, -0.8782729451808127, -0.8782729451808129, -0.8782729451808126, -0.8782729451808126, -0.8782729451808128, -0.8782729451808131, -0.8782729451808131, -0.8782729451808136, -0.8782729451808139, -0.878272945180814, -0.8782729451808143, -0.8782729451808143, -0.8782729451808148, -0.878272945180815, -0.8782729451808151, -0.8782729451808159, -0.8782729451808163, -0.8782729451808173, -0.878272945180818, -0.8782729451808192, -0.8782729451808202, -0.8782729451808211, -0.8782729451808229, -0.8782729451808244, -0.8782729451808267, -0.878272945180829, -0.8782729451808315, -0.8782729451808344, -0.878272945180838, -0.8782729451808425, -0.8782729451808473, -0.8782729451808526, -0.8782729451808594, -0.8782729451808673, -0.8782729451808761, -0.8782729451808864, -0.8782729451808986, -0.8782729451809119, -0.878272945180928, -0.8782729451809469, -0.8782729451809688, -0.8782729451809942, -0.8782729451810236, -0.8782729451810579, -0.878272945181098, -0.8782729451811443, -0.8782729451811985, -0.8782729451812608, -0.8782729451813336, -0.8782729451814181, -0.8782729451815166, -0.8782729451816305, -0.8782729451817635, -0.878272945181918, -0.8782729451820971, -0.878272945182305, -0.8782729451825475, -0.8782729451828288, -0.8782729451831566, -0.8782729451835368, -0.8782729451839787, -0.878272945184493, -0.87827294518509, -0.8782729451857842, -0.8782729451865909, -0.8782729451875285, -0.8782729451886189, -0.8782729451898854, -0.878272945191358, -0.8782729451930694, -0.8782729451950585, -0.8782729451973708, -0.8782729452000578, -0.8782729452031812, -0.8782729452068112, -0.8782729452110302, -0.8782729452159339, -0.8782729452216337, -0.878272945228258, -0.8782729452359574, -0.8782729452449066, -0.8782729452553083, -0.8782729452673976, -0.8782729452814486, -0.8782729452977802, -0.8782729453167621, -0.8782729453388248, -0.8782729453644672, -0.878272945394271, -0.8782729454289114, -0.8782729454691736, -0.8782729455159693, -0.8782729455703598, -0.878272945633576, -0.8782729457070516, -0.878272945792451, -0.8782729458917095, -0.8782729460070757, -0.878272946141164, -0.8782729462970118, -0.8782729464781515, -0.8782729466886873, -0.8782729469333891, -0.8782729472178014, -0.8782729475483689, -0.8782729479325823, -0.8782729483791459, -0.8782729488981793, -0.878272949501443, -0.878272950202606, -0.8782729510175551, -0.8782729519647564, -0.8782729530656719, -0.8782729543452465, -0.8782729558324742, -0.8782729575610535, -0.8782729595701508, -0.8782729619052896, -0.8782729646193819, 