c = [1.0, 0.9283910962816541, 0.9091840872323858, 0.9000722865086058, 0.89461579107293, 0.8909640408105065, 0.8883589085487613, 0.8864209040068171, 0.8849356970615572, 0.8837720555468194, 0.8828447573941912, 0.8820958937593879, 0.8814846666096489, 0.8809814713995682, 0.8805642926992022, 0.8802164178578585, 0.8799249361749302, 0.8796797242623237, 0.8794727422741485, 0.8792975346034376, 0.87914886845404, 0.8790224674666687, 0.8789148121943349, 0.878822988446055, 0.8787445704749666, 0.8786775299156518, 0.8786201640156783, 0.8785710385114343, 0.8785289417520256, 0.878492847558453, 0.8784618849362853, 0.8784353132164479, 0.8784125015327799, 0.8783929117922644, 0.8783760844787735, 0.8783616267709534, 0.8783492025615204, 0.8783385240474031, 0.878329344624005, 0.8783214528669145, 0.8783146674239305, 0.878308832671777, 0.8783038150171482, 0.87829949974214, 0.8782957883107121, 0.878292596066418, 0.8782898502627886, 0.8782874883769921, 0.8782854566650553, 0.8782837089233254, 0.8782822054261935, 0.8782809120146058, 0.8782797993136598, 0.8782788420607919, 0.878278018528763, 0.8782773100299439, 0.8782767004903647, 0.8782761760836343, 0.8782757249162765, 0.8782753367572201, 0.8782750028052224, 0.8782747154888841, 0.8782744682946821, 0.878274255619074, 0.8782740726413043, 0.8782739152140041, 0.8782737797690953, 0.8782736632368492, 0.8782735629762654, 0.8782734767151782, 0.8782734024987363, 0.8782733386450805, 0.878273283707215, 0.8782732364402072, 0.8782731957729654, 0.8782731607839628, 0.8782731306803502, 0.8782731047799871, 0.8782730824959836, 0.8782730633233957, 0.8782730468277868, 0.8782730326353794, 0.878273020424586, 0.8782730099187229, 0.8782730008797377, 0.8782729931028167, 0.8782729864117451, 0.8782729806549104, 0.8782729757018697, 0.8782729714403942, 0.878272967773924, 0.878272964619382, 0.8782729619052897, 0.878272959570151, 0.8782729575610535, 0.8782729558324744, 0.8782729543452468, 0.8782729530656717, 0.878272951964756, 0.878272951017555, 0.8782729502026059, 0.8782729495014432, 0.878272948898179, 0.8782729483791456, 0.878272947932582, 0.8782729475483689, 0.8782729472178014, 0.8782729469333889, 0.8782729466886872, 0.8782729464781521, 0.8782729462970119, 0.878272946141164, 0.8782729460070757, 0.8782729458917098, 0.8782729457924511, 0.8782729457070519, 0.8782729456335762, 0.8782729455703596, 0.8782729455159691, 0.8782729454691731, 0.8782729454289115, 0.878272945394271, 0.8782729453644668, 0.8782729453388244, 0.8782729453167621, 0.8782729452977801, 0.8782729452814487, 0.8782729452673974, 0.8782729452553081, 0.878272945244907, 0.8782729452359576, 0.8782729452282582, 0.8782729452216332, 0.8782729452159335, 0.8782729452110302, 0.8782729452068112, 0.878272945203181, 0.8782729452000576, 0.8782729451973708, 0.8782729451950589, 0.8782729451930695, 0.8782729451913581, 0.8782729451898855, 0.8782729451886188, 0.8782729451875289, 0.878272945186591, 0.878272945185784, 0.8782729451850902, 0.8782729451844927, 0.8782729451839791, 0.8782729451835366, 0.8782729451831564, 0.8782729451828291, 0.8782729451825473, 0.8782729451823051, 0.8782729451820968, 0.8782729451819172, 0.8782729451817628, 0.8782729451816303, 0.8782729451815162, 0.8782729451814177, 0.8782729451813333, 0.878272945181261, 0.8782729451811983, 0.878272945181144, 0.878272945181098, 0.8782729451810584, 0.8782729451810238, 0.8782729451809941, 0.8782729451809688, 0.878272945180947, 0.8782729451809281, 0.8782729451809119, 0.8782729451808977, 0.8782729451808862, 0.878272945180876, 0.8782729451808671, 0.8782729451808594, 0.8782729451808525, 0.878272945180847, 0.8782729451808422, 0.8782729451808379, 0.8782729451808343, 0.8782729451808317, 0.8782729451808289, 0.8782729451808265, 0.8782729451808249, 0.8782729451808231, 0.8782729451808212, 0.8782729451808202, 0.8782729451808191, 0.8782729451808178, 0.8782729451808177, 0.8782729451808169, 0.8782729451808159, 0.8782729451808157, 0.8782729451808153, 0.8782729451808147, 0.8782729451808143, 0.878272945180814, 0.8782729451808139, 0.8782729451808138, 0.8782729451808138, 0.8782729451808133, 0.8782729451808132, 0.8782729451808133, 0.8782729451808132, 0.8782729451808131, 0.8782729451808129, 0.8782729451808127, 0.878272945180813, 0.8782729451808126, 0.8782729451808127, 0.8782729451808128, 0.8782729451808126, 0.8782729451808123, 0.8782729451808124, 0.8782729451808127, 0.8782729451808124, 0.8782729451808124, 0.8782729451808127, 0.8782729451808126, 0.878272945180813, 0.8782729451808124, 0.8782729451808112, 0.8782729451808021, 0.878272945180749, 0.8782729451804412, 0.8782729451786432, 0.8782729451681462, 0.8782729451068664, 0.878272944749117, 0.8782729426605818, 0.8782729304677446, 0.8782728592861608, 0.8782724437293108, 0.8782700177185282, 0.8782558548250871, 0.878173176129333, 0.8776906372319679, 0.8748782790951412, 0.8586183675376797, 0.7688206975225197, 0.3769893704162429, -0.3769893704162739, -0.7688206975225282, -0.8586183675376811, -0.874878279095141, -0.8776906372319678, -0.8781731761293331, -0.8782558548250871, -0.878270017718528, -0.8782724437293107, -0.8782728592861605, -0.8782729304677448, -0.8782729426605819, -0.8782729447491171, -0.8782729451068663, -0.8782729451681458, -0.8782729451786428, -0.878272945180441, -0.8782729451807486, -0.8782729451808013, -0.8782729451808106, -0.8782729451808122, -0.8782729451808122, -0.8782729451808126, -0.8782729451808128, -0.8782729451808129, -0.8782729451808129, -0.8782729451808126, -0.8782729451808127, -0.8782729451808124, -0.8782729451808129, -0.8782729451808127, -0.8782729451808129, -0.8782729451808124, -0.8782729451808124, -0.8782729451808124, -0.8782729451808127, -0.8782729451808128, -0.8782729451808131, -0.8782729451808133, -0.8782729451808136, -0.8782729451808137, -0.8782729451808137, -0.8782729451808139, -0.8782729451808138, -0.878272945180814, -0.8782729451808143, -0.8782729451808144, -0.8782729451808152, -0.8782729451808154, -0.8782729451808162, -0.8782729451808168, -0.8782729451808172, -0.8782729451808182, -0.8782729451808191, -0.8782729451808203, -0.8782729451808216, -0.878272945180823, -0.8782729451808242, -0.8782729451808263, -0.878272945180829, -0.8782729451808312, -0.8782729451808342, -0.878272945180838, -0.8782729451808424, -0.8782729451808473, -0.878272945180853, -0.8782729451808597, -0.8782729451808667, -0.8782729451808756, -0.878272945180886, -0.8782729451808979, -0.878272945180912, -0.8782729451809281, -0.8782729451809469, -0.8782729451809689, -0.8782729451809945, -0.878272945181024, -0.8782729451810581, -0.878272945181098, -0.8782729451811443, -0.8782729451811985, -0.8782729451812605, -0.8782729451813335, -0.8782729451814181, -0.8782729451815163, -0.8782729451816301, -0.878272945181763, -0.8782729451819172, -0.8782729451820968, -0.8782729451823053, -0.8782729451825473, -0.8782729451828292, -0.8782729451831564, -0.8782729451835368, -0.8782729451839788, -0.8782729451844926, -0.87827294518509, -0.8782729451857839, -0.878272945186591, -0.8782729451875287, -0.8782729451886188, -0.878272945189886, -0.8782729451913582, -0.8782729451930699, -0.878272945195059, -0.878272945197371, -0.8782729452000578, -0.8782729452031813, -0.878272945206811, -0.87827294521103, -0.8782729452159338, -0.8782729452216337, -0.8782729452282583, -0.8782729452359577, -0.8782729452449067, -0.878272945255308, -0.8782729452673977, -0.8782729452814488, -0.8782729452977803, -0.8782729453167621, -0.8782729453388244, -0.8782729453644667, -0.878272945394271, -0.8782729454289113, -0.8782729454691734, -0.8782729455159691, -0.8782729455703597, -0.8782729456335765, -0.8782729457070522, -0.8782729457924512, -0.8782729458917096, -0.8782729460070761, -0.8782729461411642, -0.8782729462970121, -0.8782729464781519, -0.8782729466886875, -0.8782729469333888, -0.8782729472178012, -0.8782729475483689, -0.8782729479325821, -0.878272948379146, -0.8782729488981796, -0.8782729495014432, -0.8782729502026057, -0.8782729510175549, -0.8782729519647564, -0.8782729530656719, -0.8782729543452464, -0.8782729558324746, -0.8782729575610535, -0.8782729595701506, -0.87827296190529, 