c = [1.0, 0.9283910962816537, 0.909184087232386, 0.9000722865086057, 0.8946157910729297, 0.8909640408105063, 0.8883589085487613, 0.8864209040068171, 0.8849356970615576, 0.8837720555468198, 0.8828447573941912, 0.8820958937593876, 0.8814846666096484, 0.8809814713995682, 0.8805642926992022, 0.8802164178578584, 0.8799249361749307, 0.8796797242623243, 0.8794727422741484, 0.8792975346034375, 0.8791488684540395, 0.8790224674666685, 0.8789148121943353, 0.8788229884460553, 0.878744570474966, 0.8786775299156514, 0.8786201640156783, 0.8785710385114347, 0.8785289417520252, 0.8784928475584527, 0.8784618849362853, 0.8784353132164483, 0.8784125015327804, 0.8783929117922649, 0.8783760844787737, 0.8783616267709534, 0.8783492025615199, 0.8783385240474025, 0.8783293446240048, 0.8783214528669151, 0.8783146674239309, 0.8783088326717772, 0.8783038150171484, 0.8782994997421398, 0.8782957883107119, 0.8782925960664179, 0.8782898502627887, 0.8782874883769923, 0.8782854566650553, 0.8782837089233251, 0.8782822054261933, 0.8782809120146057, 0.8782797993136601, 0.8782788420607922, 0.878278018528763, 0.8782773100299441, 0.8782767004903644, 0.8782761760836338, 0.8782757249162766, 0.8782753367572201, 0.8782750028052221, 0.8782747154888838, 0.8782744682946819, 0.878274255619074, 0.8782740726413043, 0.8782739152140039, 0.8782737797690949, 0.8782736632368491, 0.8782735629762655, 0.8782734767151784, 0.8782734024987361, 0.8782733386450801, 0.8782732837072149, 0.8782732364402077, 0.8782731957729658, 0.8782731607839626, 0.8782731306803501, 0.8782731047799874, 0.8782730824959838, 0.8782730633233962, 0.8782730468277867, 0.8782730326353795, 0.8782730204245865, 0.8782730099187228, 0.8782730008797379, 0.8782729931028173, 0.8782729864117452, 0.8782729806549103, 0.87827297570187, 0.8782729714403945, 0.8782729677739239, 0.878272964619382, 0.8782729619052899, 0.8782729595701508, 0.8782729575610535, 0.8782729558324741, 0.8782729543452464, 0.8782729530656718, 0.8782729519647562, 0.8782729510175552, 0.8782729502026053, 0.8782729495014426, 0.8782729488981793, 0.8782729483791458, 0.8782729479325819, 0.8782729475483692, 0.8782729472178012, 0.8782729469333892, 0.8782729466886872, 0.878272946478152, 0.8782729462970121, 0.878272946141164, 0.8782729460070756, 0.8782729458917098, 0.8782729457924513, 0.878272945707052, 0.8782729456335763, 0.8782729455703594, 0.8782729455159697, 0.8782729454691738, 0.8782729454289111, 0.8782729453942709, 0.878272945364467, 0.8782729453388243, 0.878272945316762, 0.8782729452977802, 0.8782729452814485, 0.8782729452673976, 0.8782729452553081, 0.8782729452449071, 0.8782729452359577, 0.8782729452282578, 0.8782729452216336, 0.8782729452159344, 0.8782729452110302, 0.8782729452068109, 0.878272945203181, 0.8782729452000579, 0.8782729451973705, 0.8782729451950587, 0.8782729451930693, 0.8782729451913579, 0.8782729451898857, 0.8782729451886188, 0.8782729451875289, 0.8782729451865914, 0.8782729451857842, 0.8782729451850904, 0.8782729451844928, 0.8782729451839792, 0.878272945183537, 0.8782729451831564, 0.8782729451828292, 0.8782729451825477, 0.878272945182305, 0.8782729451820966, 0.8782729451819173, 0.8782729451817632, 0.8782729451816302, 0.8782729451815163, 0.8782729451814184, 0.8782729451813338, 0.8782729451812605, 0.8782729451811984, 0.8782729451811446, 0.8782729451810981, 0.8782729451810581, 0.8782729451810237, 0.8782729451809944, 0.878272945180969, 0.8782729451809468, 0.8782729451809278, 0.8782729451809119, 0.8782729451808984, 0.8782729451808864, 0.8782729451808761, 0.8782729451808667, 0.8782729451808593, 0.8782729451808529, 0.8782729451808469, 0.8782729451808422, 0.8782729451808382, 0.8782729451808347, 0.8782729451808314, 0.8782729451808291, 0.8782729451808268, 0.8782729451808244, 0.878272945180823, 0.8782729451808214, 0.87827294518082, 0.8782729451808194, 0.8782729451808184, 0.8782729451808172, 0.8782729451808168, 0.8782729451808163, 0.8782729451808154, 0.878272945180815, 0.8782729451808144, 0.8782729451808141, 0.8782729451808139, 0.878272945180814, 0.8782729451808136, 0.8782729451808132, 0.8782729451808134, 0.8782729451808133, 0.8782729451808132, 0.878272945180813, 0.8782729451808128, 0.878272945180813, 0.8782729451808126, 0.8782729451808128, 0.878272945180813, 0.8782729451808128, 0.8782729451808124, 0.8782729451808124, 0.8782729451808128, 0.8782729451808122, 0.8782729451808122, 0.8782729451808126, 0.8782729451808122, 0.8782729451808128, 0.8782729451808126, 0.8782729451808129, 0.8782729451808128, 0.8782729451808123, 0.8782729451808111, 0.878272945180802, 0.8782729451807489, 0.8782729451804409, 0.8782729451786428, 0.8782729451681466, 0.8782729451068665, 0.8782729447491173, 0.8782729426605818, 0.8782729304677451, 0.878272859286161, 0.8782724437293106, 0.8782700177185281, 0.8782558548250877, 0.8781731761293338, 0.8776906372319685, 0.8748782790951412, 0.8586183675376792, 0.7688206975225195, 0.37698937041624314, -0.37698937041627356, -0.7688206975225277, -0.8586183675376806, -0.8748782790951408, -0.8776906372319682, -0.8781731761293334, -0.8782558548250868, -0.8782700177185282, -0.8782724437293108, -0.878272859286161, -0.8782729304677446, -0.8782729426605814, -0.8782729447491173, -0.8782729451068666, -0.878272945168146, -0.8782729451786427, -0.8782729451804409, -0.878272945180749, -0.8782729451808015, -0.8782729451808108, -0.8782729451808126, -0.8782729451808128, -0.8782729451808129, -0.8782729451808124, -0.8782729451808127, -0.8782729451808123, -0.8782729451808127, -0.8782729451808124, -0.8782729451808124, -0.8782729451808123, -0.8782729451808123, -0.8782729451808123, -0.8782729451808124, -0.8782729451808126, -0.8782729451808128, -0.878272945180813, -0.8782729451808131, -0.8782729451808131, -0.8782729451808132, -0.8782729451808134, -0.8782729451808131, -0.8782729451808133, -0.8782729451808134, -0.8782729451808134, -0.878272945180814, -0.8782729451808141, -0.8782729451808147, -0.878272945180815, -0.878272945180815, -0.8782729451808158, -0.8782729451808162, -0.8782729451808169, -0.8782729451808177, -0.8782729451808182, -0.8782729451808189, -0.8782729451808202, -0.8782729451808219, -0.8782729451808229, -0.8782729451808244, -0.8782729451808265, -0.878272945180829, -0.8782729451808315, -0.8782729451808347, -0.8782729451808384, -0.8782729451808422, -0.8782729451808471, -0.8782729451808526, -0.8782729451808592, -0.878272945180867, -0.8782729451808756, -0.8782729451808859, -0.8782729451808979, -0.878272945180912, -0.8782729451809284, -0.878272945180947, -0.878272945180969, -0.8782729451809943, -0.8782729451810242, -0.878272945181058, -0.878272945181098, -0.8782729451811444, -0.8782729451811981, -0.8782729451812604, -0.8782729451813333, -0.8782729451814177, -0.8782729451815162, -0.8782729451816305, -0.8782729451817629, -0.8782729451819176, -0.8782729451820969, -0.8782729451823053, -0.8782729451825473, -0.8782729451828288, -0.8782729451831566, -0.8782729451835367, -0.8782729451839788, -0.8782729451844926, -0.8782729451850901, -0.8782729451857845, -0.8782729451865914, -0.8782729451875294, -0.8782729451886192, -0.8782729451898861, -0.8782729451913582, -0.8782729451930699, -0.8782729451950589, -0.8782729451973706, -0.8782729452000579, -0.8782729452031812, -0.8782729452068113, -0.8782729452110302, -0.8782729452159339, -0.8782729452216335, -0.8782729452282583, -0.8782729452359577, -0.8782729452449068, -0.8782729452553081, -0.8782729452673975, -0.8782729452814485, -0.8782729452977803, -0.8782729453167618, -0.8782729453388243, -0.8782729453644667, -0.8782729453942709, -0.8782729454289114, -0.8782729454691738, -0.8782729455159692, -0.8782729455703593, -0.8782729456335763, -0.878272945707052, -0.8782729457924513, -0.8782729458917096, -0.8782729460070761, -0.8782729461411637, -0.8782729462970119, -0.8782729464781515, -0.8782729466886874, -0.8782729469333891, -0.8782729472178017, -0.878272947548369, -0.8782729479325816, -0.8782729483791458, -0.8782729488981795, -0.8782729495014432, -0.8782729502026054, -0.878272951017555, -0.8782729519647563, -0.8782729530656715, -0.8782729543452469, -0.8782729558324747, 