c = [1.0, 0.9283910962816537, 0.9091840872323856, 0.9000722865086056, 0.8946157910729299, 0.8909640408105065, 0.8883589085487619, 0.8864209040068175, 0.8849356970615575, 0.8837720555468198, 0.8828447573941911, 0.8820958937593877, 0.8814846666096485, 0.8809814713995681, 0.8805642926992027, 0.8802164178578591, 0.8799249361749303, 0.8796797242623237, 0.8794727422741478, 0.8792975346034371, 0.8791488684540396, 0.8790224674666687, 0.8789148121943349, 0.8788229884460549, 0.878744570474966, 0.8786775299156516, 0.878620164015678, 0.878571038511434, 0.8785289417520253, 0.878492847558453, 0.8784618849362857, 0.8784353132164485, 0.8784125015327805, 0.8783929117922645, 0.878376084478773, 0.8783616267709525, 0.8783492025615197, 0.8783385240474028, 0.8783293446240051, 0.8783214528669152, 0.8783146674239312, 0.8783088326717768, 0.8783038150171479, 0.8782994997421396, 0.8782957883107118, 0.8782925960664181, 0.8782898502627885, 0.8782874883769918, 0.878285456665055, 0.8782837089233247, 0.8782822054261934, 0.8782809120146057, 0.8782797993136601, 0.8782788420607925, 0.8782780185287627, 0.8782773100299437, 0.8782767004903645, 0.8782761760836338, 0.8782757249162763, 0.8782753367572199, 0.878275002805222, 0.8782747154888838, 0.8782744682946819, 0.8782742556190739, 0.8782740726413041, 0.8782739152140038, 0.8782737797690947, 0.8782736632368492, 0.8782735629762651, 0.878273476715178, 0.8782734024987359, 0.8782733386450805, 0.8782732837072154, 0.8782732364402072, 0.8782731957729654, 0.8782731607839624, 0.87827313068035, 0.8782731047799874, 0.8782730824959833, 0.8782730633233957, 0.8782730468277867, 0.8782730326353789, 0.878273020424586, 0.8782730099187227, 0.8782730008797375, 0.8782729931028169, 0.8782729864117451, 0.8782729806549104, 0.8782729757018697, 0.8782729714403942, 0.8782729677739239, 0.8782729646193816, 0.8782729619052899, 0.8782729595701505, 0.8782729575610531, 0.8782729558324743, 0.8782729543452468, 0.878272953065672, 0.8782729519647559, 0.8782729510175546, 0.8782729502026058, 0.8782729495014431, 0.8782729488981794, 0.8782729483791459, 0.8782729479325818, 0.8782729475483692, 0.8782729472178011, 0.8782729469333889, 0.8782729466886872, 0.8782729464781518, 0.8782729462970117, 0.8782729461411639, 0.8782729460070756, 0.8782729458917096, 0.8782729457924511, 0.8782729457070516, 0.8782729456335763, 0.8782729455703596, 0.878272945515969, 0.8782729454691734, 0.8782729454289113, 0.8782729453942706, 0.8782729453644667, 0.878272945338824, 0.8782729453167619, 0.8782729452977801, 0.8782729452814486, 0.8782729452673977, 0.878272945255308, 0.8782729452449066, 0.8782729452359578, 0.8782729452282585, 0.8782729452216336, 0.8782729452159339, 0.8782729452110304, 0.8782729452068112, 0.8782729452031808, 0.8782729452000574, 0.8782729451973702, 0.8782729451950584, 0.8782729451930695, 0.8782729451913582, 0.8782729451898857, 0.8782729451886192, 0.8782729451875289, 0.8782729451865914, 0.8782729451857842, 0.87827294518509, 0.8782729451844927, 0.8782729451839787, 0.8782729451835366, 0.8782729451831565, 0.878272945182829, 0.8782729451825473, 0.878272945182305, 0.8782729451820966, 0.8782729451819172, 0.8782729451817631, 0.8782729451816307, 0.8782729451815164, 0.8782729451814176, 0.8782729451813335, 0.8782729451812609, 0.8782729451811983, 0.8782729451811441, 0.8782729451810977, 0.8782729451810581, 0.8782729451810237, 0.8782729451809941, 0.8782729451809684, 0.878272945180947, 0.8782729451809285, 0.8782729451809121, 0.8782729451808982, 0.8782729451808858, 0.8782729451808755, 0.8782729451808668, 0.8782729451808591, 0.8782729451808526, 0.8782729451808473, 0.8782729451808423, 0.878272945180838, 0.8782729451808348, 0.8782729451808315, 0.8782729451808285, 0.8782729451808267, 0.8782729451808245, 0.8782729451808226, 0.8782729451808217, 0.8782729451808203, 0.8782729451808188, 0.8782729451808182, 0.8782729451808174, 0.8782729451808167, 0.8782729451808161, 0.8782729451808154, 0.8782729451808148, 0.8782729451808146, 0.8782729451808146, 0.878272945180814, 0.8782729451808138, 0.8782729451808138, 0.8782729451808136, 0.8782729451808133, 0.8782729451808132, 0.878272945180813, 0.8782729451808132, 0.8782729451808128, 0.8782729451808128, 0.8782729451808128, 0.8782729451808127, 0.8782729451808123, 0.8782729451808124, 0.8782729451808124, 0.8782729451808122, 0.8782729451808122, 0.8782729451808124, 0.8782729451808124, 0.8782729451808129, 0.8782729451808127, 0.8782729451808128, 0.8782729451808128, 0.8782729451808126, 0.8782729451808128, 0.8782729451808127, 0.8782729451808121, 0.8782729451808103, 0.8782729451808013, 0.8782729451807489, 0.8782729451804407, 0.8782729451786426, 0.8782729451681462, 0.8782729451068667, 0.878272944749117, 0.8782729426605815, 0.8782729304677449, 0.8782728592861612, 0.8782724437293109, 0.8782700177185282, 0.8782558548250872, 0.878173176129333, 0.8776906372319679, 0.8748782790951406, 0.8586183675376794, 0.7688206975225197, 0.37698937041624286, -0.37698937041627384, -0.7688206975225282, -0.8586183675376811, -0.8748782790951408, -0.8776906372319682, -0.8781731761293339, -0.8782558548250875, -0.8782700177185281, -0.8782724437293105, -0.8782728592861612, -0.8782729304677448, -0.8782729426605813, -0.8782729447491169, -0.8782729451068664, -0.8782729451681461, -0.8782729451786425, -0.8782729451804409, -0.8782729451807489, -0.8782729451808019, -0.8782729451808109, -0.8782729451808119, -0.8782729451808123, -0.8782729451808122, -0.8782729451808124, -0.8782729451808122, -0.8782729451808123, -0.8782729451808121, -0.878272945180812, -0.8782729451808119, -0.8782729451808122, -0.8782729451808121, -0.8782729451808124, -0.8782729451808127, -0.8782729451808126, -0.8782729451808126, -0.8782729451808126, -0.8782729451808128, -0.8782729451808124, -0.8782729451808124, -0.8782729451808127, -0.8782729451808126, -0.8782729451808129, -0.878272945180813, -0.8782729451808136, -0.8782729451808137, -0.8782729451808136, -0.8782729451808141, -0.8782729451808142, -0.8782729451808148, -0.878272945180815, -0.8782729451808153, -0.8782729451808156, -0.8782729451808162, -0.8782729451808173, -0.8782729451808178, -0.8782729451808187, -0.8782729451808199, -0.8782729451808213, -0.8782729451808229, -0.8782729451808245, -0.8782729451808269, -0.8782729451808285, -0.8782729451808311, -0.8782729451808341, -0.8782729451808378, -0.8782729451808421, -0.878272945180847, -0.8782729451808526, -0.8782729451808594, -0.878272945180867, -0.878272945180876, -0.878272945180886, -0.878272945180898, -0.8782729451809119, -0.8782729451809284, -0.8782729451809468, -0.8782729451809689, -0.8782729451809944, -0.878272945181024, -0.8782729451810579, -0.8782729451810979, -0.8782729451811441, -0.8782729451811983, -0.8782729451812605, -0.878272945181333, -0.8782729451814181, -0.8782729451815161, -0.8782729451816305, -0.8782729451817631, -0.8782729451819171, -0.8782729451820969, -0.8782729451823051, -0.8782729451825475, -0.8782729451828291, -0.8782729451831566, -0.8782729451835372, -0.8782729451839791, -0.8782729451844931, -0.8782729451850904, -0.8782729451857845, -0.878272945186591, -0.878272945187529, -0.8782729451886189, -0.8782729451898855, -0.8782729451913581, -0.8782729451930698, -0.878272945195059, -0.8782729451973708, -0.8782729452000576, -0.8782729452031809, -0.8782729452068112, -0.8782729452110299, -0.8782729452159337, -0.8782729452216333, -0.8782729452282577, -0.8782729452359572, -0.8782729452449068, -0.878272945255308, -0.8782729452673973, -0.8782729452814484, -0.8782729452977803, -0.8782729453167621, -0.8782729453388245, -0.8782729453644665, -0.8782729453942704, -0.8782729454289114, -0.8782729454691737, -0.8782729455159693, -0.8782729455703594, -0.8782729456335763, -0.8782729457070515, -0.878272945792451, -0.8782729458917092, -0.8782729460070757, -0.8782729461411639, -0.8782729462970124, -0.8782729464781519, -0.8782729466886869, -0.8782729469333886, -0.8782729472178011, -0.8782729475483688, -0.8782729479325815, -0.8782729483791458, -0.8782729488981794, -0.8782729495014429, -0.8782729502026058, -0.8782729510175551, -0.8782729519647566, -0.8782729530656719,