c = [1.0, 0.9283910962816535, 0.9091840872323856, 0.9000722865086056, 0.8946157910729301, 0.890964040810507, 0.8883589085487618, 0.8864209040068174, 0.8849356970615572, 0.8837720555468196, 0.882844757394191, 0.8820958937593872, 0.8814846666096486, 0.8809814713995685, 0.8805642926992026, 0.8802164178578588, 0.8799249361749301, 0.8796797242623235, 0.8794727422741482, 0.8792975346034374, 0.8791488684540393, 0.8790224674666682, 0.8789148121943349, 0.8788229884460552, 0.8787445704749659, 0.8786775299156512, 0.8786201640156783, 0.8785710385114345, 0.8785289417520258, 0.8784928475584531, 0.878461884936286, 0.8784353132164484, 0.8784125015327802, 0.8783929117922641, 0.878376084478773, 0.878361626770953, 0.8783492025615199, 0.8783385240474031, 0.8783293446240054, 0.878321452866915, 0.8783146674239308, 0.8783088326717767, 0.8783038150171482, 0.87829949974214, 0.8782957883107119, 0.8782925960664177, 0.8782898502627886, 0.8782874883769919, 0.8782854566650552, 0.8782837089233251, 0.8782822054261936, 0.8782809120146062, 0.8782797993136601, 0.8782788420607921, 0.8782780185287632, 0.8782773100299438, 0.8782767004903643, 0.8782761760836337, 0.8782757249162761, 0.8782753367572201, 0.8782750028052223, 0.8782747154888839, 0.8782744682946819, 0.8782742556190739, 0.8782740726413041, 0.8782739152140042, 0.8782737797690948, 0.8782736632368489, 0.8782735629762651, 0.8782734767151785, 0.8782734024987364, 0.8782733386450802, 0.8782732837072154, 0.8782732364402073, 0.8782731957729655, 0.8782731607839628, 0.8782731306803497, 0.8782731047799872, 0.8782730824959837, 0.8782730633233956, 0.8782730468277868, 0.8782730326353793, 0.8782730204245862, 0.8782730099187228, 0.8782730008797377, 0.8782729931028171, 0.878272986411745, 0.8782729806549103, 0.87827297570187, 0.8782729714403941, 0.8782729677739239, 0.8782729646193815, 0.8782729619052896, 0.8782729595701506, 0.8782729575610533, 0.8782729558324743, 0.8782729543452463, 0.8782729530656714, 0.8782729519647562, 0.878272951017555, 0.8782729502026057, 0.8782729495014431, 0.8782729488981793, 0.878272948379146, 0.8782729479325816, 0.878272947548369, 0.8782729472178011, 0.8782729469333888, 0.8782729466886868, 0.8782729464781518, 0.878272946297012, 0.878272946141164, 0.8782729460070756, 0.8782729458917093, 0.8782729457924514, 0.8782729457070522, 0.8782729456335763, 0.8782729455703598, 0.8782729455159697, 0.8782729454691734, 0.8782729454289115, 0.8782729453942708, 0.8782729453644668, 0.8782729453388244, 0.8782729453167619, 0.8782729452977805, 0.8782729452814487, 0.8782729452673974, 0.8782729452553083, 0.878272945244907, 0.8782729452359577, 0.878272945228258, 0.8782729452216336, 0.8782729452159342, 0.87827294521103, 0.8782729452068109, 0.8782729452031806, 0.8782729452000576, 0.8782729451973706, 0.8782729451950585, 0.8782729451930694, 0.8782729451913583, 0.8782729451898856, 0.878272945188619, 0.878272945187529, 0.8782729451865913, 0.8782729451857842, 0.8782729451850899, 0.8782729451844927, 0.878272945183979, 0.8782729451835366, 0.8782729451831562, 0.8782729451828291, 0.8782729451825473, 0.878272945182305, 0.8782729451820968, 0.8782729451819178, 0.8782729451817635, 0.8782729451816302, 0.8782729451815163, 0.8782729451814182, 0.8782729451813336, 0.8782729451812608, 0.8782729451811979, 0.8782729451811442, 0.8782729451810979, 0.878272945181058, 0.8782729451810234, 0.8782729451809942, 0.8782729451809689, 0.878272945180947, 0.8782729451809282, 0.8782729451809116, 0.8782729451808979, 0.8782729451808859, 0.8782729451808755, 0.8782729451808667, 0.8782729451808593, 0.8782729451808529, 0.8782729451808471, 0.8782729451808425, 0.8782729451808383, 0.8782729451808343, 0.8782729451808315, 0.8782729451808288, 0.8782729451808262, 0.8782729451808248, 0.878272945180823, 0.8782729451808211, 0.8782729451808202, 0.8782729451808192, 0.8782729451808181, 0.8782729451808174, 0.8782729451808166, 0.8782729451808159, 0.8782729451808156, 0.8782729451808152, 0.8782729451808147, 0.8782729451808144, 0.8782729451808144, 0.8782729451808141, 0.8782729451808138, 0.8782729451808136, 0.8782729451808131, 0.8782729451808134, 0.8782729451808128, 0.8782729451808129, 0.878272945180813, 0.8782729451808128, 0.8782729451808124, 0.8782729451808126, 0.8782729451808126, 0.8782729451808123, 0.8782729451808122, 0.8782729451808124, 0.8782729451808122, 0.8782729451808127, 0.8782729451808124, 0.8782729451808129, 0.8782729451808129, 0.8782729451808126, 0.8782729451808127, 0.8782729451808128, 0.8782729451808124, 0.8782729451808123, 0.8782729451808123, 0.8782729451808124, 0.8782729451808103, 0.8782729451808016, 0.8782729451807488, 0.8782729451804411, 0.8782729451786428, 0.8782729451681461, 0.8782729451068665, 0.8782729447491173, 0.8782729426605819, 0.8782729304677451, 0.8782728592861611, 0.8782724437293105, 0.878270017718528, 0.8782558548250871, 0.8781731761293332, 0.8776906372319682, 0.8748782790951408, 0.8586183675376796, 0.7688206975225197, 0.37698937041624286, -0.376989370416274, -0.7688206975225285, -0.8586183675376812, -0.874878279095141, -0.8776906372319682, -0.8781731761293334, -0.8782558548250876, -0.8782700177185281, -0.8782724437293105, -0.8782728592861608, -0.8782729304677448, -0.8782729426605816, -0.8782729447491168, -0.8782729451068666, -0.8782729451681464, -0.8782729451786431, -0.8782729451804412, -0.8782729451807486, -0.8782729451808015, -0.8782729451808103, -0.8782729451808121, -0.8782729451808122, -0.8782729451808124, -0.8782729451808121, -0.8782729451808121, -0.878272945180812, -0.8782729451808121, -0.8782729451808122, -0.8782729451808124, -0.8782729451808126, -0.8782729451808127, -0.8782729451808126, -0.8782729451808126, -0.8782729451808127, -0.8782729451808124, -0.8782729451808123, -0.8782729451808126, -0.8782729451808124, -0.8782729451808127, -0.8782729451808126, -0.878272945180813, -0.8782729451808131, -0.8782729451808128, -0.8782729451808134, -0.8782729451808134, -0.8782729451808138, -0.878272945180814, -0.8782729451808141, -0.8782729451808141, -0.8782729451808146, -0.8782729451808151, -0.8782729451808153, -0.8782729451808157, -0.8782729451808164, -0.8782729451808173, -0.878272945180818, -0.878272945180819, -0.8782729451808203, -0.878272945180821, -0.8782729451808227, -0.8782729451808244, -0.8782729451808263, -0.8782729451808287, -0.8782729451808313, -0.8782729451808343, -0.8782729451808381, -0.8782729451808425, -0.8782729451808474, -0.8782729451808529, -0.8782729451808595, -0.8782729451808668, -0.8782729451808762, -0.8782729451808859, -0.878272945180898, -0.8782729451809123, -0.8782729451809282, -0.8782729451809467, -0.8782729451809688, -0.8782729451809939, -0.8782729451810238, -0.8782729451810579, -0.8782729451810977, -0.8782729451811444, -0.8782729451811981, -0.8782729451812606, -0.8782729451813333, -0.8782729451814177, -0.8782729451815162, -0.8782729451816302, -0.8782729451817631, -0.8782729451819172, -0.8782729451820968, -0.8782729451823055, -0.8782729451825477, -0.8782729451828294, -0.8782729451831565, -0.878272945183537, -0.878272945183979, -0.878272945184493, -0.87827294518509, -0.8782729451857842, -0.8782729451865909, -0.8782729451875292, -0.8782729451886192, -0.8782729451898857, -0.8782729451913581, -0.8782729451930695, -0.8782729451950589, -0.8782729451973706, -0.8782729452000578, -0.878272945203181, -0.8782729452068109, -0.8782729452110298, -0.8782729452159339, -0.8782729452216333, -0.8782729452282579, -0.8782729452359573, -0.8782729452449068, -0.8782729452553082, -0.8782729452673979, -0.8782729452814485, -0.8782729452977801, -0.8782729453167623, -0.8782729453388246, -0.8782729453644669, -0.8782729453942708, -0.8782729454289115, -0.8782729454691734, -0.8782729455159692, -0.8782729455703594, -0.8782729456335762, -0.878272945707052, -0.8782729457924515, -0.8782729458917097, -0.8782729460070756, -0.8782729461411638, -0.878272946297012, -0.8782729464781518, -0.8782729466886868, -0.8782729469333888, -0.8782729472178011, -0.8782729475483685, -0.8782729479325818, -0.8782729483791457, -0.8782729488981796, -0.8782729495014431, -0.8782729502026055, -0.8782729510175544, 