c = [1.0, 0.9283910962816536, 0.9091840872323862, 0.9000722865086063, 0.89461579107293, 0.8909640408105066, 0.8883589085487613, 0.8864209040068174, 0.8849356970615571, 0.8837720555468194, 0.8828447573941913, 0.8820958937593878, 0.8814846666096486, 0.8809814713995684, 0.8805642926992022, 0.8802164178578585, 0.8799249361749306, 0.879679724262324, 0.8794727422741478, 0.879297534603437, 0.8791488684540395, 0.8790224674666689, 0.8789148121943349, 0.8788229884460549, 0.8787445704749661, 0.8786775299156516, 0.8786201640156787, 0.8785710385114348, 0.8785289417520259, 0.8784928475584531, 0.8784618849362855, 0.8784353132164477, 0.8784125015327798, 0.8783929117922643, 0.8783760844787734, 0.8783616267709534, 0.8783492025615203, 0.8783385240474025, 0.8783293446240049, 0.8783214528669149, 0.8783146674239307, 0.878308832671777, 0.8783038150171479, 0.8782994997421393, 0.8782957883107114, 0.8782925960664176, 0.8782898502627886, 0.8782874883769919, 0.8782854566650552, 0.8782837089233253, 0.8782822054261933, 0.8782809120146056, 0.8782797993136601, 0.878278842060792, 0.8782780185287626, 0.8782773100299435, 0.878276700490364, 0.8782761760836336, 0.8782757249162761, 0.87827533675722, 0.8782750028052221, 0.8782747154888837, 0.8782744682946819, 0.8782742556190741, 0.8782740726413041, 0.8782739152140038, 0.8782737797690948, 0.8782736632368495, 0.8782735629762659, 0.8782734767151783, 0.8782734024987364, 0.8782733386450805, 0.8782732837072156, 0.8782732364402078, 0.8782731957729655, 0.8782731607839627, 0.8782731306803502, 0.8782731047799871, 0.8782730824959837, 0.8782730633233958, 0.8782730468277868, 0.8782730326353794, 0.8782730204245863, 0.8782730099187231, 0.8782730008797376, 0.878272993102817, 0.8782729864117452, 0.8782729806549101, 0.87827297570187, 0.8782729714403942, 0.8782729677739239, 0.8782729646193819, 0.87827296190529, 0.8782729595701511, 0.8782729575610532, 0.8782729558324741, 0.8782729543452468, 0.8782729530656717, 0.878272951964756, 0.8782729510175548, 0.8782729502026055, 0.8782729495014431, 0.878272948898179, 0.8782729483791459, 0.8782729479325817, 0.8782729475483688, 0.8782729472178009, 0.8782729469333888, 0.8782729466886868, 0.8782729464781517, 0.8782729462970117, 0.8782729461411634, 0.878272946007076, 0.8782729458917097, 0.8782729457924511, 0.8782729457070518, 0.8782729456335763, 0.8782729455703594, 0.8782729455159695, 0.8782729454691733, 0.8782729454289111, 0.8782729453942708, 0.8782729453644667, 0.8782729453388246, 0.8782729453167619, 0.87827294529778, 0.878272945281449, 0.8782729452673977, 0.8782729452553082, 0.8782729452449067, 0.8782729452359578, 0.8782729452282583, 0.8782729452216335, 0.8782729452159338, 0.8782729452110298, 0.8782729452068108, 0.878272945203181, 0.8782729452000575, 0.8782729451973705, 0.8782729451950588, 0.8782729451930694, 0.8782729451913583, 0.8782729451898856, 0.8782729451886189, 0.8782729451875289, 0.8782729451865908, 0.8782729451857841, 0.87827294518509, 0.8782729451844925, 0.8782729451839787, 0.8782729451835365, 0.8782729451831562, 0.8782729451828288, 0.8782729451825475, 0.8782729451823056, 0.8782729451820973, 0.8782729451819173, 0.8782729451817634, 0.8782729451816309, 0.8782729451815164, 0.8782729451814181, 0.8782729451813334, 0.878272945181261, 0.8782729451811983, 0.8782729451811442, 0.8782729451810976, 0.8782729451810579, 0.8782729451810237, 0.8782729451809942, 0.8782729451809688, 0.8782729451809466, 0.8782729451809278, 0.8782729451809117, 0.8782729451808978, 0.8782729451808862, 0.8782729451808761, 0.878272945180867, 0.8782729451808592, 0.878272945180853, 0.8782729451808473, 0.878272945180842, 0.8782729451808382, 0.8782729451808345, 0.8782729451808312, 0.878272945180829, 0.8782729451808268, 0.8782729451808241, 0.8782729451808229, 0.8782729451808214, 0.8782729451808201, 0.878272945180819, 0.8782729451808181, 0.8782729451808171, 0.8782729451808164, 0.8782729451808161, 0.8782729451808151, 0.8782729451808148, 0.8782729451808148, 0.8782729451808143, 0.878272945180814, 0.8782729451808138, 0.8782729451808133, 0.8782729451808138, 0.8782729451808132, 0.8782729451808133, 0.8782729451808134, 0.8782729451808132, 0.8782729451808129, 0.8782729451808128, 0.8782729451808129, 0.8782729451808124, 0.8782729451808124, 0.8782729451808127, 0.8782729451808123, 0.8782729451808129, 0.8782729451808126, 0.8782729451808129, 0.8782729451808129, 0.8782729451808124, 0.8782729451808128, 0.8782729451808128, 0.8782729451808124, 0.8782729451808122, 0.8782729451808122, 0.8782729451808127, 0.8782729451808123, 0.8782729451808124, 0.8782729451808122, 0.8782729451808107, 0.8782729451808015, 0.8782729451807485, 0.8782729451804407, 0.8782729451786432, 0.8782729451681465, 0.8782729451068667, 0.8782729447491171, 0.8782729426605814, 0.8782729304677448, 0.8782728592861608, 0.8782724437293108, 0.8782700177185283, 0.8782558548250876, 0.8781731761293337, 0.8776906372319682, 0.8748782790951407, 0.8586183675376796, 0.7688206975225197, 0.37698937041624353, -0.37698937041627306, -0.7688206975225281, -0.8586183675376811, -0.8748782790951415, -0.8776906372319684, -0.8781731761293331, -0.8782558548250873, -0.8782700177185281, -0.8782724437293108, -0.8782728592861608, -0.878272930467745, -0.8782729426605818, -0.8782729447491174, -0.8782729451068667, -0.8782729451681459, -0.8782729451786428, -0.8782729451804405, -0.8782729451807489, -0.8782729451808013, -0.8782729451808106, -0.8782729451808119, -0.878272945180812, -0.8782729451808121, -0.8782729451808123, -0.8782729451808123, -0.8782729451808126, -0.8782729451808127, -0.8782729451808126, -0.8782729451808127, -0.8782729451808126, -0.8782729451808127, -0.8782729451808124, -0.8782729451808123, -0.8782729451808123, -0.8782729451808121, -0.8782729451808126, -0.8782729451808124, -0.8782729451808128, -0.8782729451808128, -0.8782729451808124, -0.878272945180813, -0.8782729451808129, -0.8782729451808132, -0.8782729451808133, -0.8782729451808133, -0.8782729451808132, -0.8782729451808136, -0.878272945180814, -0.8782729451808139, -0.878272945180814, -0.8782729451808144, -0.8782729451808151, -0.8782729451808154, -0.8782729451808161, -0.8782729451808168, -0.878272945180817, -0.8782729451808177, -0.8782729451808188, -0.87827294518082, -0.8782729451808213, -0.8782729451808228, -0.8782729451808244, -0.8782729451808265, -0.8782729451808289, -0.8782729451808317, -0.8782729451808344, -0.8782729451808382, -0.8782729451808422, -0.8782729451808475, -0.8782729451808527, -0.8782729451808594, -0.8782729451808672, -0.8782729451808758, -0.8782729451808857, -0.8782729451808978, -0.8782729451809117, -0.8782729451809282, -0.8782729451809469, -0.8782729451809684, -0.8782729451809943, -0.8782729451810236, -0.878272945181058, -0.8782729451810979, -0.878272945181144, -0.8782729451811981, -0.8782729451812605, -0.8782729451813333, -0.8782729451814177, -0.8782729451815163, -0.8782729451816307, -0.8782729451817635, -0.8782729451819179, -0.8782729451820973, -0.8782729451823056, -0.8782729451825476, -0.8782729451828295, -0.8782729451831564, -0.8782729451835368, -0.878272945183979, -0.8782729451844932, -0.8782729451850905, -0.8782729451857842, -0.878272945186591, -0.878272945187529, -0.8782729451886193, -0.8782729451898857, -0.8782729451913582, -0.8782729451930696, -0.8782729451950587, -0.8782729451973705, -0.8782729452000579, -0.8782729452031808, -0.878272945206811, -0.8782729452110298, -0.878272945215934, -0.8782729452216337, -0.8782729452282583, -0.8782729452359573, -0.8782729452449065, -0.8782729452553082, -0.8782729452673976, -0.8782729452814485, -0.8782729452977801, -0.8782729453167623, -0.8782729453388239, -0.8782729453644664, -0.8782729453942705, -0.8782729454289113, -0.8782729454691736, -0.8782729455159697, -0.8782729455703596, -0.878272945633576, -0.8782729457070516, -0.8782729457924513, -0.8782729458917095, -0.8782729460070754, -0.8782729461411639, -0.8782729462970121, -0.8782729464781516, -0.8782729466886872, -0.8782729469333889, -0.8782729472178016, -0.8782729475483689, -0.8782729479325815, -0.8782729483791455, -0.8782729488981791, -0.8782729495014431, 