c = [1.0, 0.9283910962816538, 0.9091840872323861, 0.900072286508606, 0.8946157910729298, 0.8909640408105065, 0.8883589085487613, 0.8864209040068172, 0.8849356970615575, 0.8837720555468198, 0.8828447573941914, 0.8820958937593878, 0.8814846666096486, 0.8809814713995684, 0.8805642926992026, 0.8802164178578589, 0.8799249361749305, 0.8796797242623239, 0.8794727422741481, 0.8792975346034374, 0.8791488684540395, 0.8790224674666686, 0.8789148121943352, 0.8788229884460552, 0.8787445704749665, 0.8786775299156521, 0.878620164015679, 0.878571038511435, 0.8785289417520258, 0.8784928475584529, 0.8784618849362854, 0.8784353132164482, 0.8784125015327802, 0.8783929117922645, 0.8783760844787736, 0.8783616267709531, 0.8783492025615202, 0.8783385240474026, 0.878329344624005, 0.8783214528669151, 0.8783146674239307, 0.8783088326717767, 0.8783038150171479, 0.8782994997421394, 0.8782957883107116, 0.8782925960664177, 0.8782898502627887, 0.8782874883769923, 0.8782854566650552, 0.8782837089233251, 0.8782822054261936, 0.8782809120146057, 0.8782797993136601, 0.8782788420607921, 0.8782780185287626, 0.8782773100299437, 0.8782767004903643, 0.8782761760836338, 0.8782757249162763, 0.8782753367572201, 0.8782750028052221, 0.878274715488884, 0.878274468294682, 0.878274255619074, 0.8782740726413041, 0.8782739152140042, 0.8782737797690953, 0.8782736632368494, 0.8782735629762658, 0.8782734767151784, 0.8782734024987365, 0.8782733386450808, 0.8782732837072154, 0.8782732364402077, 0.8782731957729658, 0.8782731607839624, 0.8782731306803501, 0.8782731047799875, 0.8782730824959838, 0.878273063323396, 0.8782730468277871, 0.8782730326353797, 0.8782730204245863, 0.8782730099187231, 0.8782730008797378, 0.878272993102817, 0.8782729864117453, 0.8782729806549102, 0.8782729757018699, 0.8782729714403942, 0.8782729677739242, 0.8782729646193822, 0.87827296190529, 0.8782729595701507, 0.8782729575610534, 0.8782729558324743, 0.8782729543452467, 0.8782729530656718, 0.8782729519647562, 0.878272951017555, 0.8782729502026055, 0.8782729495014433, 0.8782729488981794, 0.8782729483791462, 0.8782729479325818, 0.8782729475483692, 0.8782729472178011, 0.878272946933389, 0.878272946688687, 0.8782729464781515, 0.8782729462970122, 0.878272946141164, 0.8782729460070757, 0.8782729458917098, 0.8782729457924514, 0.8782729457070519, 0.8782729456335764, 0.8782729455703596, 0.8782729455159695, 0.8782729454691737, 0.8782729454289113, 0.8782729453942713, 0.8782729453644669, 0.8782729453388243, 0.8782729453167623, 0.8782729452977805, 0.878272945281449, 0.8782729452673977, 0.8782729452553084, 0.8782729452449071, 0.8782729452359578, 0.8782729452282583, 0.8782729452216335, 0.8782729452159338, 0.87827294521103, 0.8782729452068111, 0.8782729452031809, 0.878272945200058, 0.8782729451973705, 0.8782729451950592, 0.8782729451930698, 0.8782729451913585, 0.8782729451898857, 0.8782729451886188, 0.8782729451875287, 0.8782729451865912, 0.8782729451857842, 0.8782729451850899, 0.8782729451844927, 0.8782729451839789, 0.8782729451835366, 0.8782729451831565, 0.8782729451828294, 0.878272945182548, 0.8782729451823055, 0.8782729451820973, 0.8782729451819178, 0.8782729451817636, 0.8782729451816307, 0.8782729451815164, 0.8782729451814182, 0.8782729451813336, 0.8782729451812608, 0.878272945181198, 0.8782729451811443, 0.8782729451810978, 0.878272945181058, 0.8782729451810238, 0.8782729451809941, 0.8782729451809687, 0.8782729451809469, 0.8782729451809279, 0.8782729451809119, 0.8782729451808983, 0.8782729451808864, 0.878272945180876, 0.8782729451808673, 0.8782729451808595, 0.8782729451808527, 0.8782729451808474, 0.8782729451808424, 0.8782729451808381, 0.8782729451808349, 0.8782729451808318, 0.8782729451808289, 0.8782729451808268, 0.8782729451808247, 0.8782729451808229, 0.8782729451808217, 0.8782729451808202, 0.8782729451808191, 0.8782729451808182, 0.8782729451808174, 0.8782729451808166, 0.878272945180816, 0.8782729451808157, 0.8782729451808152, 0.8782729451808147, 0.8782729451808146, 0.8782729451808142, 0.8782729451808142, 0.8782729451808136, 0.8782729451808137, 0.8782729451808138, 0.8782729451808136, 0.8782729451808134, 0.8782729451808131, 0.8782729451808133, 0.878272945180813, 0.8782729451808129, 0.878272945180813, 0.8782729451808127, 0.878272945180813, 0.8782729451808128, 0.878272945180813, 0.878272945180813, 0.8782729451808128, 0.878272945180813, 0.878272945180813, 0.8782729451808127, 0.8782729451808128, 0.8782729451808127, 0.8782729451808129, 0.8782729451808126, 0.8782729451808126, 0.8782729451808127, 0.8782729451808127, 0.8782729451808126, 0.8782729451808122, 0.8782729451808109, 0.8782729451808018, 0.8782729451807489, 0.8782729451804411, 0.8782729451786432, 0.8782729451681462, 0.8782729451068667, 0.8782729447491171, 0.8782729426605816, 0.8782729304677449, 0.8782728592861612, 0.8782724437293109, 0.8782700177185282, 0.8782558548250873, 0.8781731761293337, 0.877690637231968, 0.8748782790951406, 0.8586183675376794, 0.7688206975225199, 0.37698937041624353, -0.3769893704162731, -0.7688206975225281, -0.858618367537681, -0.8748782790951413, -0.8776906372319684, -0.8781731761293335, -0.8782558548250872, -0.8782700177185283, -0.8782724437293109, -0.8782728592861613, -0.8782729304677452, -0.8782729426605816, -0.8782729447491173, -0.8782729451068665, -0.8782729451681462, -0.8782729451786427, -0.878272945180441, -0.8782729451807487, -0.8782729451808015, -0.8782729451808106, -0.8782729451808122, -0.8782729451808121, -0.8782729451808124, -0.8782729451808126, -0.8782729451808127, -0.8782729451808128, -0.8782729451808128, -0.8782729451808128, -0.8782729451808127, -0.8782729451808126, -0.8782729451808127, -0.8782729451808126, -0.8782729451808124, -0.8782729451808124, -0.8782729451808127, -0.8782729451808128, -0.8782729451808127, -0.8782729451808129, -0.878272945180813, -0.8782729451808129, -0.8782729451808129, -0.8782729451808129, -0.878272945180813, -0.8782729451808132, -0.8782729451808134, -0.8782729451808134, -0.8782729451808132, -0.8782729451808137, -0.8782729451808141, -0.8782729451808141, -0.8782729451808144, -0.8782729451808149, -0.878272945180815, -0.8782729451808154, -0.878272945180816, -0.8782729451808166, -0.8782729451808171, -0.8782729451808179, -0.8782729451808189, -0.8782729451808201, -0.8782729451808214, -0.8782729451808231, -0.8782729451808247, -0.8782729451808268, -0.878272945180829, -0.8782729451808318, -0.8782729451808345, -0.8782729451808383, -0.8782729451808426, -0.8782729451808474, -0.878272945180853, -0.8782729451808595, -0.8782729451808671, -0.878272945180876, -0.8782729451808862, -0.8782729451808979, -0.8782729451809121, -0.8782729451809282, -0.8782729451809472, -0.8782729451809688, -0.8782729451809942, -0.8782729451810238, -0.878272945181058, -0.8782729451810979, -0.8782729451811442, -0.8782729451811981, -0.878272945181261, -0.8782729451813335, -0.8782729451814181, -0.8782729451815164, -0.8782729451816308, -0.8782729451817634, -0.878272945181918, -0.8782729451820973, -0.8782729451823055, -0.8782729451825477, -0.8782729451828295, -0.8782729451831566, -0.8782729451835369, -0.878272945183979, -0.878272945184493, -0.8782729451850905, -0.8782729451857844, -0.8782729451865912, -0.8782729451875291, -0.8782729451886191, -0.8782729451898857, -0.8782729451913586, -0.8782729451930696, -0.8782729451950588, -0.8782729451973706, -0.8782729452000579, -0.8782729452031812, -0.8782729452068113, -0.87827294521103, -0.8782729452159339, -0.8782729452216338, -0.8782729452282584, -0.8782729452359577, -0.8782729452449067, -0.8782729452553084, -0.8782729452673974, -0.8782729452814487, -0.8782729452977802, -0.8782729453167624, -0.8782729453388244, -0.8782729453644671, -0.8782729453942709, -0.8782729454289113, -0.8782729454691736, -0.8782729455159698, -0.8782729455703597, -0.878272945633576, -0.878272945707052, -0.8782729457924514, -0.8782729458917097, -0.8782729460070756, -0.8782729461411639, -0.8782729462970122, -0.8782729464781518, -0.878272946688687, -0.8782729469333886, -0.8782729472178014, -0.8782729475483692, -0.8782729479325819, -0.8782729483791459, 