c = [1.0, 0.9283910962816538, 0.9091840872323858, 0.9000722865086058, 0.8946157910729297, 0.8909640408105063, 0.8883589085487618, 0.8864209040068176, 0.8849356970615575, 0.8837720555468197, 0.882844757394191, 0.8820958937593875, 0.8814846666096489, 0.8809814713995685, 0.8805642926992022, 0.8802164178578584, 0.8799249361749304, 0.8796797242623242, 0.8794727422741481, 0.8792975346034372, 0.8791488684540397, 0.8790224674666687, 0.8789148121943354, 0.8788229884460554, 0.8787445704749667, 0.8786775299156521, 0.8786201640156786, 0.8785710385114343, 0.8785289417520256, 0.8784928475584532, 0.8784618849362859, 0.8784353132164486, 0.8784125015327807, 0.8783929117922645, 0.8783760844787735, 0.8783616267709531, 0.8783492025615202, 0.878338524047403, 0.8783293446240051, 0.8783214528669149, 0.8783146674239307, 0.8783088326717765, 0.8783038150171482, 0.8782994997421395, 0.8782957883107119, 0.8782925960664182, 0.8782898502627886, 0.8782874883769919, 0.8782854566650555, 0.8782837089233251, 0.8782822054261932, 0.8782809120146058, 0.8782797993136597, 0.878278842060792, 0.8782780185287629, 0.8782773100299438, 0.8782767004903643, 0.878276176083634, 0.8782757249162765, 0.8782753367572206, 0.8782750028052224, 0.878274715488884, 0.8782744682946823, 0.8782742556190748, 0.8782740726413047, 0.8782739152140042, 0.8782737797690955, 0.8782736632368493, 0.8782735629762658, 0.8782734767151789, 0.8782734024987364, 0.8782733386450804, 0.8782732837072155, 0.8782732364402072, 0.8782731957729655, 0.8782731607839627, 0.87827313068035, 0.8782731047799874, 0.8782730824959837, 0.8782730633233959, 0.8782730468277867, 0.8782730326353794, 0.8782730204245864, 0.8782730099187229, 0.8782730008797377, 0.8782729931028168, 0.878272986411745, 0.8782729806549103, 0.8782729757018699, 0.8782729714403947, 0.8782729677739238, 0.8782729646193816, 0.8782729619052903, 0.8782729595701511, 0.8782729575610534, 0.8782729558324747, 0.8782729543452467, 0.8782729530656721, 0.878272951964756, 0.8782729510175552, 0.8782729502026058, 0.8782729495014432, 0.8782729488981792, 0.878272948379146, 0.878272947932582, 0.878272947548369, 0.8782729472178014, 0.8782729469333888, 0.8782729466886873, 0.878272946478152, 0.878272946297012, 0.8782729461411639, 0.8782729460070758, 0.8782729458917096, 0.8782729457924515, 0.8782729457070519, 0.8782729456335763, 0.8782729455703597, 0.8782729455159693, 0.8782729454691739, 0.8782729454289112, 0.8782729453942707, 0.8782729453644671, 0.8782729453388247, 0.8782729453167623, 0.8782729452977803, 0.878272945281449, 0.8782729452673977, 0.8782729452553081, 0.8782729452449067, 0.8782729452359574, 0.8782729452282578, 0.8782729452216335, 0.8782729452159339, 0.87827294521103, 0.8782729452068113, 0.878272945203181, 0.8782729452000579, 0.8782729451973708, 0.8782729451950588, 0.8782729451930698, 0.8782729451913581, 0.8782729451898857, 0.878272945188619, 0.878272945187529, 0.8782729451865909, 0.8782729451857842, 0.87827294518509, 0.8782729451844927, 0.8782729451839791, 0.8782729451835373, 0.8782729451831568, 0.8782729451828292, 0.8782729451825478, 0.8782729451823057, 0.8782729451820971, 0.8782729451819176, 0.8782729451817631, 0.8782729451816307, 0.8782729451815161, 0.8782729451814177, 0.8782729451813331, 0.8782729451812608, 0.8782729451811984, 0.8782729451811445, 0.8782729451810982, 0.8782729451810578, 0.8782729451810235, 0.8782729451809942, 0.8782729451809684, 0.8782729451809468, 0.8782729451809284, 0.8782729451809121, 0.8782729451808979, 0.8782729451808865, 0.8782729451808758, 0.8782729451808666, 0.8782729451808594, 0.8782729451808529, 0.8782729451808469, 0.8782729451808426, 0.8782729451808385, 0.8782729451808344, 0.8782729451808317, 0.878272945180829, 0.8782729451808265, 0.8782729451808247, 0.8782729451808229, 0.8782729451808213, 0.8782729451808201, 0.8782729451808193, 0.8782729451808181, 0.8782729451808174, 0.878272945180817, 0.8782729451808164, 0.8782729451808158, 0.8782729451808153, 0.8782729451808147, 0.878272945180815, 0.8782729451808142, 0.878272945180814, 0.878272945180814, 0.8782729451808136, 0.8782729451808131, 0.8782729451808131, 0.8782729451808132, 0.8782729451808128, 0.8782729451808129, 0.878272945180813, 0.8782729451808127, 0.878272945180813, 0.8782729451808128, 0.878272945180813, 0.8782729451808131, 0.8782729451808124, 0.8782729451808127, 0.8782729451808128, 0.8782729451808124, 0.8782729451808122, 0.8782729451808123, 0.878272945180813, 0.8782729451808127, 0.8782729451808126, 0.8782729451808126, 0.8782729451808129, 0.8782729451808123, 0.8782729451808123, 0.8782729451808124, 0.8782729451808128, 0.8782729451808124, 0.8782729451808109, 0.8782729451808017, 0.8782729451807486, 0.878272945180441, 0.878272945178643, 0.8782729451681462, 0.8782729451068669, 0.8782729447491175, 0.8782729426605819, 0.8782729304677448, 0.878272859286161, 0.878272443729311, 0.8782700177185282, 0.8782558548250871, 0.8781731761293333, 0.8776906372319683, 0.8748782790951409, 0.8586183675376791, 0.7688206975225189, 0.376989370416241, -0.3769893704162758, -0.7688206975225288, -0.8586183675376814, -0.8748782790951409, -0.8776906372319684, -0.8781731761293338, -0.8782558548250877, -0.8782700177185285, -0.8782724437293106, -0.8782728592861611, -0.8782729304677447, -0.8782729426605819, -0.8782729447491172, -0.8782729451068666, -0.8782729451681459, -0.8782729451786424, -0.8782729451804405, -0.8782729451807487, -0.8782729451808015, -0.8782729451808107, -0.8782729451808124, -0.8782729451808127, -0.8782729451808127, -0.8782729451808126, -0.8782729451808128, -0.8782729451808123, -0.8782729451808122, -0.8782729451808123, -0.8782729451808122, -0.8782729451808126, -0.8782729451808122, -0.8782729451808127, -0.8782729451808127, -0.8782729451808124, -0.8782729451808127, -0.8782729451808127, -0.8782729451808128, -0.8782729451808129, -0.8782729451808124, -0.8782729451808123, -0.8782729451808126, -0.878272945180813, -0.8782729451808129, -0.8782729451808128, -0.878272945180813, -0.8782729451808134, -0.8782729451808134, -0.8782729451808138, -0.878272945180814, -0.8782729451808138, -0.878272945180814, -0.8782729451808141, -0.8782729451808146, -0.8782729451808149, -0.8782729451808152, -0.8782729451808159, -0.8782729451808166, -0.8782729451808174, -0.8782729451808183, -0.8782729451808191, -0.8782729451808201, -0.8782729451808214, -0.8782729451808232, -0.8782729451808247, -0.8782729451808268, -0.8782729451808293, -0.8782729451808317, -0.8782729451808344, -0.8782729451808382, -0.8782729451808421, -0.8782729451808472, -0.8782729451808527, -0.8782729451808592, -0.8782729451808672, -0.8782729451808758, -0.8782729451808863, -0.878272945180898, -0.8782729451809118, -0.8782729451809282, -0.8782729451809469, -0.8782729451809689, -0.8782729451809942, -0.8782729451810238, -0.8782729451810583, -0.8782729451810981, -0.8782729451811446, -0.8782729451811984, -0.8782729451812609, -0.8782729451813335, -0.8782729451814182, -0.8782729451815162, -0.8782729451816303, -0.8782729451817631, -0.8782729451819178, -0.8782729451820972, -0.8782729451823054, -0.8782729451825475, -0.8782729451828291, -0.8782729451831568, -0.8782729451835368, -0.8782729451839789, -0.8782729451844928, -0.8782729451850901, -0.8782729451857842, -0.8782729451865914, -0.8782729451875289, -0.8782729451886189, -0.8782729451898855, -0.8782729451913583, -0.8782729451930696, -0.8782729451950589, -0.8782729451973705, -0.8782729452000577, -0.8782729452031812, -0.8782729452068113, -0.87827294521103, -0.878272945215934, -0.8782729452216339, -0.878272945228258, -0.8782729452359576, -0.8782729452449067, -0.8782729452553083, -0.8782729452673976, -0.8782729452814491, -0.8782729452977805, -0.8782729453167619, -0.8782729453388245, -0.8782729453644671, -0.878272945394271, -0.8782729454289113, -0.8782729454691737, -0.8782729455159697, -0.8782729455703596, -0.8782729456335764, -0.8782729457070522, -0.8782729457924519, -0.8782729458917099, -0.8782729460070756, -0.8782729461411636, -0.8782729462970119, -0.8782729464781518, -0.8782729466886874, -0.8782729469333891, -0.8782729472178017, -0.8782729475483695, 