c = [1.0, 0.9283910962816537, 0.9091840872323855, 0.9000722865086058, 0.8946157910729302, 0.8909640408105071, 0.8883589085487618, 0.8864209040068174, 0.8849356970615572, 0.8837720555468195, 0.8828447573941913, 0.8820958937593878, 0.8814846666096484, 0.880981471399568, 0.8805642926992021, 0.8802164178578588, 0.8799249361749301, 0.8796797242623237, 0.8794727422741481, 0.8792975346034373, 0.8791488684540397, 0.8790224674666688, 0.8789148121943355, 0.8788229884460554, 0.878744570474966, 0.8786775299156513, 0.8786201640156781, 0.8785710385114346, 0.8785289417520257, 0.8784928475584534, 0.878461884936286, 0.8784353132164484, 0.8784125015327803, 0.8783929117922644, 0.8783760844787735, 0.8783616267709535, 0.87834920256152, 0.8783385240474026, 0.8783293446240049, 0.8783214528669147, 0.8783146674239309, 0.878308832671777, 0.8783038150171483, 0.87829949974214, 0.8782957883107118, 0.8782925960664176, 0.8782898502627887, 0.8782874883769919, 0.8782854566650552, 0.878283708923325, 0.8782822054261933, 0.8782809120146059, 0.8782797993136601, 0.8782788420607921, 0.8782780185287626, 0.8782773100299436, 0.8782767004903643, 0.8782761760836342, 0.8782757249162763, 0.8782753367572201, 0.8782750028052221, 0.8782747154888846, 0.8782744682946826, 0.8782742556190742, 0.8782740726413046, 0.8782739152140043, 0.8782737797690955, 0.8782736632368496, 0.8782735629762656, 0.8782734767151785, 0.8782734024987365, 0.8782733386450803, 0.8782732837072155, 0.8782732364402076, 0.8782731957729656, 0.8782731607839627, 0.8782731306803501, 0.8782731047799874, 0.8782730824959832, 0.8782730633233959, 0.8782730468277867, 0.8782730326353791, 0.8782730204245861, 0.8782730099187228, 0.8782730008797375, 0.878272993102817, 0.8782729864117452, 0.8782729806549107, 0.8782729757018698, 0.8782729714403943, 0.8782729677739244, 0.878272964619382, 0.8782729619052903, 0.8782729595701511, 0.8782729575610537, 0.878272955832475, 0.8782729543452468, 0.8782729530656721, 0.8782729519647563, 0.8782729510175552, 0.8782729502026055, 0.8782729495014431, 0.8782729488981793, 0.878272948379146, 0.8782729479325818, 0.8782729475483687, 0.8782729472178017, 0.8782729469333891, 0.8782729466886869, 0.878272946478152, 0.8782729462970122, 0.8782729461411638, 0.8782729460070758, 0.8782729458917095, 0.8782729457924512, 0.8782729457070519, 0.8782729456335762, 0.87827294557036, 0.8782729455159695, 0.8782729454691733, 0.8782729454289117, 0.8782729453942713, 0.8782729453644672, 0.8782729453388245, 0.8782729453167624, 0.8782729452977805, 0.8782729452814488, 0.8782729452673974, 0.878272945255308, 0.8782729452449065, 0.8782729452359578, 0.8782729452282582, 0.8782729452216337, 0.8782729452159345, 0.8782729452110303, 0.8782729452068115, 0.8782729452031811, 0.878272945200058, 0.878272945197371, 0.8782729451950587, 0.8782729451930696, 0.8782729451913583, 0.8782729451898857, 0.8782729451886186, 0.8782729451875289, 0.8782729451865912, 0.8782729451857842, 0.8782729451850902, 0.8782729451844934, 0.8782729451839794, 0.8782729451835367, 0.8782729451831566, 0.8782729451828295, 0.8782729451825478, 0.8782729451823054, 0.878272945182097, 0.8782729451819178, 0.8782729451817632, 0.8782729451816306, 0.878272945181516, 0.8782729451814181, 0.8782729451813336, 0.8782729451812608, 0.8782729451811984, 0.878272945181144, 0.8782729451810977, 0.8782729451810579, 0.8782729451810234, 0.878272945180994, 0.8782729451809689, 0.8782729451809469, 0.878272945180928, 0.8782729451809124, 0.8782729451808984, 0.8782729451808859, 0.8782729451808758, 0.878272945180867, 0.8782729451808591, 0.8782729451808532, 0.8782729451808474, 0.8782729451808422, 0.8782729451808382, 0.8782729451808347, 0.8782729451808314, 0.8782729451808288, 0.8782729451808264, 0.8782729451808244, 0.878272945180823, 0.8782729451808217, 0.8782729451808201, 0.878272945180819, 0.8782729451808183, 0.8782729451808177, 0.8782729451808169, 0.8782729451808162, 0.8782729451808156, 0.8782729451808156, 0.8782729451808148, 0.8782729451808147, 0.8782729451808146, 0.8782729451808142, 0.8782729451808138, 0.8782729451808136, 0.8782729451808137, 0.878272945180813, 0.8782729451808129, 0.878272945180813, 0.8782729451808127, 0.878272945180813, 0.8782729451808126, 0.878272945180813, 0.8782729451808129, 0.8782729451808127, 0.8782729451808126, 0.8782729451808127, 0.8782729451808123, 0.8782729451808122, 0.8782729451808122, 0.8782729451808128, 0.8782729451808124, 0.8782729451808126, 0.8782729451808127, 0.8782729451808127, 0.8782729451808123, 0.8782729451808123, 0.8782729451808124, 0.8782729451808129, 0.878272945180813, 0.8782729451808128, 0.8782729451808126, 0.878272945180812, 0.8782729451808108, 0.8782729451808016, 0.8782729451807488, 0.8782729451804412, 0.8782729451786432, 0.8782729451681464, 0.8782729451068666, 0.878272944749117, 0.878272942660582, 0.8782729304677448, 0.8782728592861606, 0.8782724437293106, 0.8782700177185282, 0.8782558548250874, 0.8781731761293331, 0.8776906372319682, 0.874878279095141, 0.8586183675376795, 0.7688206975225191, 0.3769893704162408, -0.37698937041627634, -0.7688206975225289, -0.8586183675376814, -0.8748782790951414, -0.8776906372319684, -0.8781731761293331, -0.8782558548250873, -0.8782700177185279, -0.8782724437293108, -0.8782728592861608, -0.8782729304677449, -0.8782729426605813, -0.8782729447491168, -0.8782729451068664, -0.8782729451681461, -0.8782729451786427, -0.8782729451804409, -0.8782729451807492, -0.8782729451808019, -0.8782729451808109, -0.8782729451808126, -0.8782729451808128, -0.8782729451808124, -0.8782729451808124, -0.8782729451808123, -0.8782729451808122, -0.8782729451808126, -0.8782729451808124, -0.8782729451808128, -0.8782729451808127, -0.8782729451808123, -0.8782729451808126, -0.8782729451808124, -0.8782729451808128, -0.8782729451808127, -0.8782729451808126, -0.8782729451808122, -0.8782729451808124, -0.8782729451808129, -0.8782729451808127, -0.8782729451808124, -0.8782729451808126, -0.8782729451808131, -0.8782729451808131, -0.8782729451808132, -0.8782729451808134, -0.8782729451808131, -0.8782729451808133, -0.8782729451808134, -0.8782729451808137, -0.878272945180814, -0.878272945180814, -0.8782729451808143, -0.8782729451808147, -0.8782729451808153, -0.8782729451808159, -0.8782729451808161, -0.8782729451808167, -0.8782729451808174, -0.8782729451808184, -0.8782729451808191, -0.8782729451808203, -0.8782729451808218, -0.878272945180823, -0.8782729451808243, -0.8782729451808264, -0.8782729451808285, -0.8782729451808315, -0.8782729451808345, -0.878272945180838, -0.8782729451808425, -0.8782729451808473, -0.8782729451808531, -0.8782729451808595, -0.878272945180867, -0.8782729451808758, -0.8782729451808862, -0.8782729451808982, -0.878272945180912, -0.8782729451809284, -0.8782729451809475, -0.8782729451809691, -0.8782729451809946, -0.8782729451810241, -0.8782729451810584, -0.8782729451810981, -0.8782729451811446, -0.8782729451811983, -0.8782729451812608, -0.8782729451813336, -0.8782729451814183, -0.8782729451815167, -0.8782729451816307, -0.8782729451817632, -0.8782729451819176, -0.8782729451820973, -0.8782729451823054, -0.8782729451825477, -0.8782729451828292, -0.8782729451831564, -0.8782729451835366, -0.8782729451839791, -0.8782729451844927, -0.87827294518509, -0.8782729451857841, -0.8782729451865914, -0.8782729451875291, -0.8782729451886192, -0.8782729451898857, -0.8782729451913582, -0.87827294519307, -0.8782729451950592, -0.8782729451973706, -0.8782729452000579, -0.8782729452031812, -0.8782729452068109, -0.8782729452110299, -0.878272945215934, -0.8782729452216339, -0.8782729452282584, -0.8782729452359581, -0.8782729452449072, -0.8782729452553082, -0.8782729452673975, -0.878272945281449, -0.8782729452977804, -0.8782729453167619, -0.8782729453388245, -0.8782729453644671, -0.8782729453942708, -0.8782729454289113, -0.8782729454691738, -0.8782729455159698, -0.8782729455703597, -0.878272945633576, -0.8782729457070516, -0.8782729457924512, -0.8782729458917099, -0.8782729460070761, -0.8782729461411641, -0.8782729462970126, -0.8782729464781522, -0.8782729466886875, -0.8782729469333889, 